0 0.8674544202212052 0.2952556435104237 0.1402062463207055 0.14436479589597023
0 0.29948483650775837 0.8411874171560576 0.2610418717324939 0.26334638386994985
0 0.5435007873933243 0.20848919208350575 0.12818701555147471 0.14352432940626458
0 0.5198423294513106 0.8955184188559827 0.21233561610390503 0.1518114409880504
0 0.6829612313013865 0.8251938438267549 0.27071319701913765 0.2736341416770992
0 0.8653574464041351 0.1414935363132404 0.1644684705442036 0.18450726733691997
0 0.8988512644832606 0.3183108152525736 0.12084961057960332 0.12138543412782574
0 0.44055575916753303 0.4946474043900988 0.08704192757979425 0.09258982026434218
0 0.4439036041488779 0.6567389264767731 0.2812096472068545 0.4257488225611711
0 0.1694509774495811 0.2016415486473475 0.28840720050057816 0.403283097294695
0 0.04342467032549237 0.43704626008884695 0.0826537903065458 0.16436901828384456
0 0.05871482765308668 0.5850761618396617 0.11217123220780989 0.28177075324375356
0 0.057429794924424245 0.7775519474452951 0.10699992553693286 0.21893456664787136
0 0.1380075891656222 0.7803342835027287 0.17454536569747672 0.2645065636056074
0 0.2564105967327854 0.6710521267931043 0.15736881342518372 0.20323375667386584
0 0.15847444303770208 0.5781002899751048 0.2130348744946448 0.272003748680358
0 0.26753477676186915 0.5163655064572448 0.1235331600897452 0.16963045050269004
0 0.24260126448326064 0.3642002855905023 0.14775342880979908 0.20256138348210134
0 0.41182767789265556 0.31028240039334487 0.27887572689208234 0.4375999600324609
0 0.33256987929965703 0.1257064398245047 0.1553006112988927 0.2514128796490094
0 0.42696938824789565 0.03616756891443795 0.10393877649579125 0.0723351378288759
0 0.6522962042841597 0.30789614752230876 0.23299287245178354 0.39834849506388703
0 0.7637394064104507 0.24238750147573845 0.15039502281649675 0.24359486139542705
0 0.7706300873673982 0.3934095759231933 0.12370098210352264 0.19847660434884387
0 0.9028905739162886 0.3925779060748927 0.19093874857214116 0.19116398592196474
0 0.9087875066032362 0.6156313184887616 0.18242498679352764 0.45284703009531313
0 0.8209228581878172 0.5642425094692463 0.14786531015231738 0.22179215271287042
0 0.7066772326249584 0.5614096334291424 0.16709607938308688 0.2231368990963996
0 0.720597644861852 0.6806774279827738 0.13300869302698196 0.14626436215599298
0 0.7996876214410731 0.8410797804150716 0.19110657058591857 0.2200101397681187
0 0.8638580476397918 0.9171541541734778 0.08199648741925031 0.05138824905307533
0 0.6821546800865874 0.09611266277902075 0.3306555140193287 0.1922253255580415
0 0.9862132482124963 0.2519952093825979 0.027573503575007353 0.20634404265221665
0 0.9654309267094341 0.10678938703048214 0.06913814658113182 0.15631701333260045
0 0.49468964300612445 0.1016976465980808 0.17197369752985298 0.2033952931961616
0 0.5506641791226604 0.40638626653096066 0.1550628634460412 0.21989258645284776
0 0.6071343873414723 0.6056451206783146 0.17207159370455663 0.25231923953843566
0 0.5240067040395222 0.7846053091831773 0.16216252056506122 0.201166097115902