0 0.1378660087898919 0.7294142722014944 0.12182498774908473 0.11124821113203336
0 0.6059685102163358 0.10331884059348109 0.22782681762629478 0.19837404971871628
0 0.4764001464680053 0.7590374042165189 0.10994576507473369 0.11358213144680544
0 0.3723517004677295 0.06829444799378488 0.19520044521838725 0.13330238155109259
0 0.22046678152512278 0.15758558352631308 0.22679934388035622 0.2632499255369328
0 0.16764704536888475 0.8786764964249927 0.14075203224920432 0.14740379961442932
0 0.10278837314635797 0.7123775716073493 0.10628184606696965 0.09193353089437514
0 0.5272749882920629 0.46356011964284904 0.07631562746177764 0.07253493964982848
0 0.4955801338913031 0.30587044871307445 0.21386893891917652 0.3713111211174915
0 0.8529983852886776 0.7131351747347966 0.22560815349864782 0.36657335464887314
0 0.9417165834177598 0.449138645430071 0.07344433994151209 0.1470122149156149
0 0.9237447654656779 0.30355211627641593 0.13262931959571708 0.2554929655306173
0 0.9674554859099772 0.08979161576570055 0.06396896342100707 0.14936012039820185
0 0.8901242389727061 0.11699531374876523 0.1381844694595884 0.18583736774033804
0 0.7784972551841849 0.13438084218313076 0.1336330848007656 0.2314684891599706
0 0.6797306723094033 0.26125325196001464 0.12999287433389137 0.16896848915997062
0 0.794450810030955 0.3352628254591548 0.17648229128535703 0.22450868371909843
0 0.6960805428999227 0.4140443269913007 0.09974663953894017 0.14476220560773137
0 0.7490481381776534 0.5574297949244242 0.11797364356466061 0.16889856332089656
0 0.5892397860286643 0.6382585208311391 0.2099012951807629 0.38570622770493873
0 0.7019653691857946 0.8084429182358477 0.11454232366487596 0.23376045397129822
0 0.6275172640392341 0.9306474873831871 0.08747110112083963 0.0990331880133953
0 0.3498707901195425 0.6813521356475355 0.16975965958066722 0.3566363111737483
0 0.25129051084619053 0.7637394064104507 0.1134222589058378 0.21452968474052897
0 0.2164917698171857 0.6180549810820921 0.09195136015699226 0.17595626493647223
0 0.08535400060813561 0.6401363204816316 0.1670543318466322 0.14515379030654565
0 0.04548733410926258 0.4269833734157104 0.09097466821852516 0.4284859776006516
0 0.13551806926257973 0.4600786142121142 0.11456603220576603 0.19290905452372853
0 0.25068081823443045 0.4439159866063939 0.13592063140062186 0.18822722872636943
0 0.2152638950489117 0.32948855386194265 0.11489346547730574 0.11601394793628117
0 0.10154640095717804 0.15569139464255757 0.14889621029312095 0.24597547708993625
0 0.02403846153846154 0.07225523629353257 0.04807692307692308 0.14451047258706515
0 0.36238229237131336 0.9190454075829521 0.3075974735287473 0.16190918483409597
0 0.011975739200757037 0.800669568996269 0.023951478401514074 0.19508913799253783
0 0.05002966843571645 0.9411057692307693 0.1000593368714329 0.11778846153846154
0 0.8787310413866023 0.9496781666174461 0.11192958694394078 0.1006436667651079
0 0.5468828510266129 0.8700618526635153 0.13662067187502067 0.2002464594956002
0 0.43344425154940847 0.5676169687099167 0.12390140063139107 0.18815730288729535
0 0.3419914092692491 0.38312836830855707 0.13293304432636655 0.21944925839073987
0 0.39257550220833254 0.19585912357750118 0.1345205504518242 0.1641887671879079