0 0.292066712594059 0.15401879229724796 0.1225957571139881 0.12701100093665105
0 0.919237269706555 0.5457006300361554 0.16152546058689 0.23523283637123227
0 0.28608048463478125 0.495708239384761 0.12401848205526086 0.11518799440993496
0 0.9456676853201109 0.30718034332151234 0.10866462935977814 0.20069617949215293
0 0.8627720578112541 0.16630976546924467 0.2744558843774918 0.23812704476528224
0 0.1447696916163944 0.2023404997621071 0.16002701911928308 0.14678128765129414
0 0.30595027203326197 0.11658753029195296 0.1021876424281308 0.11101813007345675
0 0.5837893384824272 0.5113342312151755 0.0806021822871856 0.0806021822871856
0 0.7393035967560385 0.45992189274766887 0.3888827659748715 0.22993398835900464
0 0.3575568510824544 0.8673724272620116 0.3850561948797525 0.24156077064320605
0 0.6258552576121545 0.9229070617509895 0.1519326699325115 0.07687352494724099
0 0.7703314063291086 0.8844950752652869 0.2668265263447572 0.1387844554875312
0 0.9546196725120318 0.9007830759565848 0.09076065497593624 0.06264667226667889
0 0.9278709380111175 0.8319299689645274 0.1442581239777649 0.1451131832238365
0 0.9041760672631397 0.7214265803870266 0.19164786547372067 0.14403375152392292
0 0.7962839468794611 0.6391802761959698 0.180680513291325 0.13652807506469544
0 0.730079668795269 0.7619478782967204 0.23969723543756546 0.1867143095656098
0 0.6454057342928625 0.6732751309802668 0.1542873608426874 0.10571967879339485
0 0.5059824590037026 0.7439428163003777 0.17969939207875177 0.12450884429546469
0 0.413900960163326 0.5941682163033618 0.40310961865543365 0.22870748766024654
0 0.2518371722890595 0.7283905573354683 0.2442107897475685 0.12499920653566822
0 0.12475243848690333 0.6685883431209206 0.1078293869495519 0.09237603357023151
0 0.3548112986159122 0.3594251470740846 0.3709276526865305 0.1854874121346858
0 0.26532967180581346 0.2711448482426603 0.22498002051679933 0.12342941259555101
0 0.4086284750676795 0.21830978483388083 0.18475246387262878 0.09865520933070095
0 0.37639775058727193 0.09026811070882056 0.15978163963309827 0.17302737110108715
0 0.5849438916104263 0.03917349603042356 0.4391185524516217 0.07834699206084712
0 0.5602182484909976 0.1188205232894511 0.20334540513218394 0.12166339441291904
0 0.5839619769335213 0.23182587014205536 0.2003037310071236 0.14290556131250504
0 0.6961088923166445 0.1827436449628897 0.12681477669413638 0.12019191096014192
0 0.861680337300423 0.063421065720566 0.2589771599120048 0.126842131441132
0 0.11619270141392884 0.400682186710167 0.19039341492971834 0.31402024196428147
0 0.2103854953391257 0.025534919345239517 0.19961714452440524 0.051069838690479034
0 0.07079057342928624 0.07191916037286995 0.13196576224318787 0.1438383207457399
0 0.12472706740073666 0.9202562491822953 0.10738778322085243 0.11621827086617852
0 0.18048270212014722 0.5805538205078471 0.21232296177635443 0.1438866825250784
0 0.47306554477274243 0.4296276428740755 0.19932260979455035 0.13088633054327425
0 0.6513184277527179 0.31586257177149635 0.23135750676460903 0.14305263031134963
0 0.8410504289198015 0.34272250066891713 0.17626526946866206 0.1409433188873584