0 0.5947606060355242 0.7893716515684823 0.15447188076524626 0.17168218932617554
0 0.43107863778226757 0.3081308643630872 0.17962995164379775 0.19628015226741463
0 0.3763761360347272 0.760837243250053 0.18142132658794205 0.23474169072895334
0 0.3429626032366848 0.936905488953739 0.10817970477777208 0.10577124064732911
0 0.28136509671240434 0.37764959215080107 0.13530040592882905 0.22406325344829064
0 0.5318888044795305 0.058470584960950665 0.17660700642555446 0.11694116992190133
0 0.21605613158013628 0.5940806761464207 0.14066127505187123 0.1329409001632479
0 0.5632605290466299 0.33146793926997814 0.0725105618117637 0.06171870791420945
0 0.4149960304131409 0.040218943185042585 0.10750793917371809 0.08043788637008517
0 0.30564387160666956 0.5523750344878202 0.11159119933769936 0.12746180617222244
0 0.1830871285907823 0.8121602794021366 0.23229727301509037 0.2959568473806625
0 0.06837759273756856 0.7487960670449786 0.07430193675590792 0.10018024637574777
0 0.11710326207606482 0.6564148356036857 0.11751850098548179 0.15161216799123933
0 0.6811708933011433 0.1714423097402772 0.06960620538222446 0.10247219224903852
0 0.7409674393971414 0.04758727773787331 0.07776609785549209 0.07144599281014964
0 0.09598904053122796 0.38796736833680545 0.08263308455753648 0.12438655833504288
0 0.02746128762067696 0.9468626040450855 0.05492257524135392 0.07614178483728623
0 0.021428652893580705 0.794358248626549 0.04285730578716141 0.07793017944807691
0 0.1013762429240986 0.5043021311670939 0.0644626302725053 0.0951487535069445
0 0.00906202965108247 0.7482106004501602 0.01812405930216494 0.10934802986891047
0 0.14702316472629934 0.03980032207200842 0.06300713813038814 0.0638987535069445