0 0.6532319749334721 0.8325299305675624 0.17155829942367481 0.18497476175956853
0 0.48108144504463424 0.3283682161921017 0.19713685000581385 0.21211651724607145
0 0.43373563895252343 0.7721483619582682 0.20418467183158248 0.2507179452664489
0 0.4029508371684821 0.9429510684266583 0.11956114969011832 0.11409786314668334
0 0.33151739236275835 0.37681133808357825 0.15753153824434712 0.2325620713805552
0 0.5749736962899749 0.08632342357367194 0.18840893104148812 0.14466893537954015
0 0.2703807889249904 0.5838126376958985 0.15235123873379575 0.1436197636882475
0 0.613059262822963 0.3694048496653706 0.0782994493309846 0.067072134315851
0 0.46172476513989114 0.05783060671528015 0.11575722258747453 0.09215976754560512
0 0.35870491446078423 0.5551855669241302 0.12322506869788236 0.1379727340275211
0 0.24084420572442197 0.797732834825288 0.26070949768307183 0.31475673041367824
0 0.12458510053442325 0.7175573256592038 0.08534727115675309 0.1056735623362286
0 0.17242942450336698 0.6325576492679714 0.13183668810821852 0.1622210299042412
0 0.7283168459583741 0.22637239042085996 0.08067958694394078 0.10793751893123556
0 0.7863602954631115 0.11047243792672518 0.08366717401819584 0.07682740849007458
0 0.1457912020896455 0.3606082823759683 0.09395889056708924 0.12992185821294855
0 0.08410305581711233 0.9083612052093767 0.06712026713103234 0.08114548734183039
0 0.07648446891661005 0.7569538699067787 0.05510103636180157 0.08079576344473284
0 0.15265159873875417 0.4783967439144299 0.07304802419776277 0.10051614613143861
0 0.05791929892413493 0.7060184596097827 0.04023422661319525 0.11395999614264231
0 0.19010200402572078 0.029529126722893026 0.06770400805144156 0.04996543212124983