0 0.17878343863508278 0.35980559970793397 0.17750269389762663 0.15358901035354128
0 0.6556833893263074 0.5263179331982923 0.20025691862233222 0.17850901491623278
0 0.20219285932710443 0.5783862336360548 0.2387184570838706 0.18007620251486392
0 0.039813176339063304 0.6107769116701942 0.07962635267812661 0.10757720128670584
0 0.5827480031209886 0.675646152268055 0.22697581472231482 0.13401132869212928
0 0.9134317131154102 0.42704198227751033 0.13775691862233194 0.17596233506845713
0 0.3650286708695506 0.7397010694363597 0.13607750461219695 0.1399046427607648
0 0.6354549134715 0.39398191313388975 0.06334302093241516 0.07216026908439971
0 0.92849028059067 0.5415940292503529 0.0937566278546953 0.10698950593721926
0 0.408778706499341 0.6503445226098866 0.12992628109639648 0.11086259046478211
0 0.14847193993924515 0.7714020127526557 0.2969438798784903 0.23060185621464824
0 0.20703664853771567 0.8864968706059699 0.10180455939395362 0.07372745668303082
0 0.3004540796630363 0.8383036462130671 0.15418866450287608 0.11664977502161869
0 0.7980570395128375 0.27698931582507025 0.10409644461379103 0.0714215597540991
0 0.9231723143741941 0.21790736689289497 0.07318232741581782 0.07735975829174972
0 0.5681173958176793 0.860987179176495 0.12617890373444224 0.08191848739371384
0 0.024051450024423496 0.9353940916643394 0.04810290004884699 0.07284591365880069
0 0.16038225647838614 0.9351839312668874 0.07893837373523914 0.046403605966493004
0 0.4520346815591814 0.8549204088925381 0.09654902335022524 0.06391617361781735
0 0.20585774480327348 0.9633219983041326 0.11063621747127517 0.05729233050576546
0 0.03633410256641498 0.9816813963148527 0.07266820513282995 0.035461816671321214
0 0.9170965985915793 0.811977746945588 0.06529902335022524 0.06264283369392952