0 0.4048801376588131 0.39801974493164455 0.06750611503424071 0.07678572301989697
0 0.6495153706607806 0.3536134894476698 0.04958791791070037 0.044948113917872505
0 0.2555554796975605 0.5733135291028969 0.10448719307368605 0.10448719307368598
0 0.30085468840040314 0.10316701283823579 0.06443071562093793 0.05747100963169579
0 0.27908261721380856 0.7955586493033601 0.0817613036424536 0.0724816956567972
0 0.34733279199790645 0.6330777358581329 0.09403236688398063 0.08011295490549622
0 0.01805555102672003 0.11124847633637977 0.03611110205344006 0.08788156805737493
0 0.41422454210784915 0.923023564280575 0.07438187686605097 0.06742217087680877
0 0.2904990226245723 0.46863557238028325 0.05713523300196745 0.054815331005553386
0 0.88458096971549 0.5832456955021565 0.0670024500896482 0.06236264609682006
0 0.7241948306672545 0.5583906677234377 0.09626832472296261 0.07538920675523587
0 0.784413071210746 0.6603748032800033 0.07197803071220467 0.06733822671937653
0 0.7321656960844922 0.4335165839595857 0.15935593382498708 0.0943986779253932
0 0.038488217859712494 0.48854167345992 0.07697643571942499 0.08466881474089213
0 0.7801968684932885 0.16082122894003759 0.13746948596807557 0.08643164204696603
0 0.5369237878054874 0.40744436589810146 0.04486416976044028 0.04718407175685449
0 0.6046664681061823 0.3628778302274839 0.06211081362452393 0.059790911628109865
0 0.6392398195035712 0.8201695036874039 0.07264958397166137 0.08656899595014576
0 0.6563147455139802 0.9170368751794228 0.0724816956567972 0.08176130364245346
0 0.8121717805490931 0.5891408323176556 0.06733822671937653 0.07197803071220481
0 0.27862102624673146 0.05064487895622262 0.05920330252608526 0.04528389054760082
0 0.855044165865227 0.7398581770047588 0.1547161298321592 0.09903848191822134
0 0.3311583763851871 0.3725809375897114 0.07189408655477272 0.06493438056553053
0 0.44352478069165824 0.738724879930026 0.0670024500896482 0.06236264609682033
0 0.5025525358252583 0.9092606029499231 0.062194757781955885 0.062194757781955885
0 0.5434828697522218 0.28853792544014895 0.05713523300196745 0.054815331005553386
0 0.8251487610005717 0.389831461942005 0.07362637944916219 0.04578755549219338
0 0.4426739014503056 0.69416978192644 0.08117369454042898 0.05565477257987412
0 0.5246832080262449 0.7235081630501546 0.0670024500896482 0.06236264609682033
0 0.44929788175921914 0.33218107537901365 0.08458487058346019 0.08458487058346019
0 0.5798533614567797 0.9011295082954421 0.06750611503424071 0.07678572301989697
0 0.7173037506802026 0.9610691860190637 0.1108592899609037 0.07786162796187258
0 0.8360575700291331 0.9389576869868291 0.11773505179271382 0.07133701186443248
0 0.7657508143373488 0.7812653691046415 0.09369659025425228 0.07049757029011161
0 0.3431317545874917 0.8567613444019734 0.20089287169982853 0.11505649783250806
0 0.11685731483028829 0.9919375822971089 0.1256715532594567 0.01612483540578215
0 0.10936723902357971 0.9655372466835174 0.10588370933834722 0.06892550663296532
0 0.29623765784283906 0.9869238591346469 0.0950091623614813 0.026152281730706325
0 0.21365600937071727 0.9461042761367888 0.14535257768907067 0.10591424375003172
0 0.21248462070547852 0.8762668214391022 0.08830128884453536 0.05350275889832436
0 0.8545939106663822 0.8216728903929601 0.13548536060139 0.09836692865876492
0 0.592876092576385 0.9665102635716073 0.13506563981422942 0.06697947285678542
0 0.47443134498430894 0.9564141402950933 0.10090812871579075 0.07074940276240774
0 0.43686265784283906 0.9895261280150417 0.07818223928455822 0.020947743969916662
0 0.669627502595187 0.7081121201883875 0.12030678626142415 0.07622864832955674
0 0.7038002808994678 0.6599665201598746 0.12511447856911645 0.07639653664442118
0 0.5971076643984841 0.6827152849251704 0.12254274410040612 0.07150490017929666
0 0.5798915549460849 0.624351423973406 0.14012516459421784 0.09372712466593651
0 0.49370413724319384 0.5768163083809811 0.12992217087680877 0.07656442495928509
0 0.48447793900328534 0.6342567836009926 0.07653389054760086 0.06029457657270225
0 0.5689521605564395 0.5240881436441982 0.144764968587046 0.08908732067310837
0 0.4459095810502514 0.49813040415183035 0.10571582102348305 0.07091729107727204
0 0.34725267737928484 0.5319902811604463 0.13970544380705754 0.08170789389670574
0 0.21148117130450364 0.4225542123370776 0.11765110763528173 0.06893316571058633
0 0.08949933143324827 0.43514195546368034 0.1350656398142294 0.08634769788953388
0 0.09263957825933057 0.551980326397515 0.1155830381111639 0.07846460616853872
0 0.02097447431749056 0.5828640153561024 0.04194894863498112 0.05730312131683162
0 0.02852750824227322 0.6349664284509551 0.05705501648454644 0.06244659025425228
0 0.2740688940513465 0.6979090755215787 0.09867217087680877 0.0754731509126681
0 0.20339199777933906 0.7231189257252789 0.10074024040092656 0.06594171045471543
0 0.16527767361456067 0.7807539941330285 0.10921094122394627 0.10225123523470413
0 0.1594054121331251 0.8455319240507264 0.08821734468710327 0.051098912744478205
0 0.5914719681835027 0.7751794176908153 0.10563187686605083 0.06851344492342576
0 0.5480195818935655 0.8133738564742153 0.08083791791070064 0.0460393879644895
0 0.7544260121616381 0.8988019981708069 0.12570208767114094 0.09322345972134399
0 0.6993207061438829 0.8571658489326912 0.11043956917374341 0.06868133323828993
0 0.9514040428738428 0.8406976287689596 0.043299765180915 0.0711385891378838
0 0.8924526237694536 0.49567319920163616 0.13987333212192146 0.08651558620439805
0 0.9215658772937458 0.45457124931979753 0.12237485578554196 0.06669720787160435
0 0.9353059632903343 0.40571212395311174 0.08572955437582518 0.04861112243319997
0 0.9060133837841463 0.3830282066005953 0.09310898115222753 0.05367064721318853
0 0.7434904982602029 0.31597995489342046 0.14974054920960247 0.094062901295665
0 0.8364888303821245 0.23739709156635444 0.1451007452167746 0.09870270528849306
0 0.8537393037850186 0.12247416904761553 0.10761600223273668 0.056578158311627144
0 0.9047809772449384 0.07371425504420406 0.09120879994297418 0.06800977997883334
0 0.8734623002933486 0.04012908584194784 0.12807539941330284 0.023679809574669787
0 0.6914377163216872 0.11800986149787283 0.10613554181064334 0.08293652184650278
0 0.9461308281614637 0.957242195151782 0.044948113917872505 0.04958791791070064
0 0.46253042232300506 0.7803037898835833 0.07868590422915075 0.053166982268596015
0 0.36046617214781773 0.7394345757293883 0.1059676534957792 0.07812882953881065
0 0.12072640514978518 0.6781135725228483 0.1766025776890707 0.10700551779664871
0 0.07565242594516425 0.34921780790011725 0.13291362613267949 0.09347529219364036
0 0.04234201549866737 0.30091575722377184 0.08468403099733474 0.0826007452167744
0 0.15311353176332848 0.1641941605443638 0.12055861873372034 0.08344018679109527
0 0.21552575806708593 0.27227185564297696 0.20570056400752076 0.11522438614737215
0 0.5654570913053759 0.17618673739012042 0.10579976518091513 0.07332113723111813
0 0.5323641493806804 0.12448877787658591 0.11284341532758929 0.06876527739572208
0 0.6428037185544238 0.06336241880718363 0.11807082842244217 0.08095239647981704
0 0.49749694248287957 0.05467802805177321 0.13962149964962547 0.07930404774285968
0 0.35533424277622816 0.05934070737866475 0.10107601703065491 0.07555709507010014
0 0.22777394597454956 0.12829291888450398 0.08340965237941098 0.050931024429613996
0 0.427373291362402 0.23634773864905367 0.19127748708444378 0.11472072120277957
0 0.6221344100308777 0.4140301527177098 0.10322803071220488 0.0684295007659938
0 0.8658080638117869 0.6728442892480787 0.0907890791558136 0.05599054920960246
0 0.9512972233823473 0.7059143558387108 0.0540903680003491 0.1051282119214583
0 0.9552845708603714 0.5917316635310186 0.0545100887875094 0.1171474426906892
0 0.8940971429676003 0.6208830595952164 0.1028922540824766 0.05881411615060898
0 0.03535550273775192 0.8484203384045124 0.06236264609682017 0.0670024500896482
0 0.12084471325771208 0.5024229428984988 0.10820361133476125 0.07340508138855029
0 0.17722444884279073 0.47310365851943675 0.134729863184501 0.07673231327414926
0 0.06341955619294248 0.19942384894476697 0.12683911238588497 0.09115539019722625
0 0.11135529582787526 0.1194139349413555 0.09559677146350588 0.05615843752446674
0 0.24018997124747765 0.35857375191498436 0.0762820580753046 0.053083038111163786
0 0.364457400114052 0.14269312047351748 0.18339439536344876 0.09523811949971414
0 0.9276518287075721 0.2802924031659513 0.07876984838658284 0.05557082842244217
0 0.9280905443405859 0.888019054428994 0.08159341532758956 0.06767400334910488
0 0.6113361990832227 0.2752633618482474 0.1082036113347613 0.07340508138855029
0 0.3592795672261365 0.32542740024454125 0.095680715620938 0.05856228367831283
0 0.7326197808221474 0.24821056971985167 0.08357754069427514 0.05573871673730634
0 0.4680058383513436 0.8647322098192111 0.07619811391787251 0.05067919195731791