0 0.44117377863963725 0.6399821412684685 0.06171870791420945 0.07216026908439971
0 0.6872053384361116 0.6860306545174346 0.04662422930779924 0.04272641988875902
0 0.282153241756838 0.4629913393384096 0.09839185176495736 0.10007181515042408
0 0.35433362096394305 0.933037121496805 0.06127110679198726 0.05292949985363048
0 0.29257487871100446 0.2400703169926612 0.07608583469700864 0.07034411828004018
0 0.3708427688788465 0.40416443527270146 0.08821696574679495 0.07564155671230484
0 0.053964752013729404 0.9256011606901912 0.06686210106356845 0.08677924445730548
0 0.41933328837355777 0.11434995975342603 0.06870644581463682 0.0628387321437584
0 0.32181871317339794 0.5678749369399682 0.054059568330448796 0.05263565217888719
0 0.9088017610169341 0.4561041639641576 0.0637868532263889 0.05783514138623721
0 0.749673343609776 0.4808405405073467 0.09050891162008548 0.07093181362952695
0 0.8049597952701392 0.3798259372899089 0.06630259966079066 0.06274078291884394
0 0.7657759296802354 0.6051773381674531 0.1532886623214744 0.0854977242465334
0 0.0655852972276714 0.5478279598711948 0.08352117371965818 0.08025335057016815
0 0.8285886801470093 0.8791137603375581 0.13154214665630365 0.07980848891461097
0 0.5718476931825859 0.630897297103229 0.04187248714038461 0.04493436759277632
0 0.6425383590989855 0.6758051323180557 0.058923210778418916 0.0552353967825622
0 0.6511106266068378 0.21865603380967893 0.06675020078301284 0.08197155214961317
0 0.6620378247016027 0.1206370622390161 0.06904214665630339 0.07726180906683533
0 0.8366304262612717 0.450761841062878 0.06160680763365397 0.06735257677670739
0 0.33513183174236194 0.9823659915761811 0.056183663782906054 0.0352680168476377
0 0.8703651828083869 0.3008377463567442 0.15099671644818385 0.0902074673293112
0 0.3684998975605241 0.6646389206778085 0.06624664952051286 0.06033693676499779
0 0.4596711664125002 0.29971342889637353 0.0637868532263889 0.05783514138623721
0 0.5085273716971155 0.12879138876756832 0.056575314764850435 0.05754129371149386
0 0.5854065577485049 0.7491265301538055 0.054059568330448796 0.05263565217888719
0 0.8604770820649578 0.6498627425545013 0.07060674070598284 0.04130206598405742
0 0.4619081670845623 0.3442335573549846 0.07804207972863253 0.051211298274185454
0 0.5416537112745196 0.31386101023577245 0.0637868532263889 0.05783514138623721
0 0.4895314573569984 0.7055940742312233 0.07876943155224361 0.08246129827418532
0 0.586764271977671 0.1367824308849802 0.06171870791420945 0.07216026908439967
0 0.7198410277354166 0.07616181824942009 0.10493198854316269 0.07151950897901357
0 0.8392790134730236 0.10024107411345451 0.11437952273771373 0.06469976741713292
0 0.7781238267177886 0.2586541373484567 0.08799316518568372 0.06602617209692016
0 0.3524182519868591 0.18006802222797966 0.19454569791880352 0.10398978414700202
0 0.11826403773082267 0.02523220432850028 0.12114346007702995 0.04576284586110703
0 0.11320557473092953 0.06585271588159877 0.10012429623547017 0.0713236105291847
0 0.2974065263326389 0.03493326773847284 0.0900053603575855 0.049297198244911515
0 0.21822048354545948 0.0893442763961465 0.13920128624006417 0.09933310582012354
0 0.22104496069043816 0.15910478947014217 0.08519766804989318 0.0491012997950826
0 0.8648291337380343 0.21775813021168025 0.12936210106356819 0.08932592430508116
0 0.5946452022444445 0.06265499701540723 0.12913830050245723 0.07971053968969653
0 0.4773882670386218 0.0806920234561377 0.09520470364722218 0.06632001977166349
0 0.43671770297516027 0.03580663047581855 0.07535848287339747 0.0390941182800402
0 0.6873661542836007 0.33180616911232735 0.11449142301826935 0.06950745972482522
0 0.7244868992565707 0.37894848440912104 0.11924316518568372 0.06729951202080806
0 0.6158941962814105 0.35651192313412466 0.1191312649051281 0.06249181971311575
0 0.6028139227250003 0.41361653547694566 0.13651768938482897 0.08721592582597829
0 0.5198542602862184 0.4606690818357092 0.12410680763365398 0.06989925662448307
0 0.5065202012204597 0.4036889510957523 0.07334628770149584 0.055823092132048766
0 0.5979522901551286 0.5142842262637408 0.13875368511784197 0.08010233658935426
0 0.47605551306244703 0.5393368927161808 0.09995644581463682 0.06411207206764621
0 0.3755965209243594 0.5052239229591543 0.13383409252959405 0.07509874583183308
0 0.24601463905587656 0.6128174848196288 0.11432357259743593 0.06229592126328676
0 0.12325063478888938 0.6006105358874536 0.12913830050245734 0.07971053968969653
0 0.12053705298541707 0.4840239974259151 0.10973968085085475 0.07171540742884239
0 0.03933680514823756 0.45189654454512723 0.05646341448429492 0.052733601403801615
0 0.04534541559380375 0.4005076999121782 0.06619069938023509 0.057933090611151636
0 0.2924649883085473 0.33853006007543907 0.09291275777393171 0.07102976285444135
0 0.2210200004374468 0.3128040194789244 0.09744069938023504 0.059206430535039475
0 0.18006968567259637 0.2558993957293744 0.10308764379209408 0.09546002129256063
0 0.17014557034663477 0.19065272728832772 0.08514171790961539 0.046697453641236425
0 0.6053266543422544 0.2636210239238472 0.1023043418282053 0.06180617513871448
0 0.559988273321795 0.22454934787831451 0.08022212532136745 0.041693862883715266
0 0.7609591929211005 0.1402779804605085 0.1220386623214744 0.08422438432264549
0 0.707907732054701 0.18254527674608725 0.10711203413589761 0.062002073588543406
0 0.9714066267241452 0.19697443532990305 0.05718674655170949 0.06735257677670739
0 0.9216612488293807 0.5442853200916572 0.13394599281014954 0.07990643813952539
0 0.9465614103773774 0.5851731469415493 0.1068771792452452 0.05768412740542344
0 0.9640317600674949 0.6350886630573395 0.07193647986501016 0.044195658262475984
0 0.9423197515762827 0.6580007085092847 0.09000536035758536 0.04929719824491157
0 0.7841424865538467 0.7236024696678587 0.14367327770608979 0.08510592734687569
0 0.880828863979381 0.8019906948212101 0.14138133183279925 0.0898156704296533
0 0.9051211110271908 0.9170549301531324 0.10442843728066228 0.04988489359439814
0 0.958179022385791 0.9672867361781733 0.08364195522841801 0.06352437671815964
0 0.9301956550998405 0.9944025251234044 0.1236592065114315 0.011194949753191215
0 0.7431132712738256 0.9212606651637147 0.10029214665630366 0.07853514899072313
0 0.9629921602466346 0.08009404919362122 0.07401567950673091 0.041497964433886377
0 0.4754909869644233 0.25712984270154393 0.0755822834345087 0.0487095028954248
0 0.37676644917494684 0.29753610371374817 0.1001242962354701 0.07132361052918473
0 0.14161015708915628 0.3575996435212134 0.1703953360997864 0.09820259959016517
0 0.11564945522350484 0.6867572005262572 0.12930615092329065 0.086922078151235
0 0.06992143309919933 0.7341260367942718 0.10739178483728638 0.07402130435777438
0 0.2040083061990926 0.8716758080136475 0.11465927343910264 0.07671899818636355
0 0.2603288305155455 0.7634986409471285 0.19935339022649584 0.10418568259683088
0 0.6132486238868062 0.8619338431692534 0.10001239595491462 0.06651591822149236
0 0.5844314500498405 0.9135940932424381 0.10951588028974377 0.062100022813457764
0 0.6987270475771375 0.9687897450125001 0.11219947714497855 0.06242050997499969
0 0.5524561081043278 0.9721924848196289 0.13394599281014954 0.0556150303607421
0 0.41183110810432777 0.9715221515059237 0.0953166039277778 0.0569556969881527
0 0.2793108389322123 0.9083660801398418 0.08033402560192307 0.04650155519140771
0 0.47374061681426344 0.8010133011982111 0.18493031330341891 0.10359798724734431
0 0.6569604310830133 0.6247591099723072 0.09990049567435914 0.061708225913800055
0 0.8851249655121798 0.3674822363245429 0.08765746434401714 0.0516030951738433
0 0.9728053802310898 0.33399366609913383 0.054389239537820475 0.10100642293055352
0 0.9776420525479702 0.4471213591672747 0.04471589490405957 0.11513565217888705
0 0.916375970451229 0.42038929394366586 0.09967669511324792 0.05209284129841544
0 0.04637546849369674 0.18681026528215666 0.0567431651856838 0.06475283217303225
0 0.1517041327140496 0.5333252858142689 0.10241624210876071 0.0666138674464068
0 0.2088379439426287 0.5632713233689891 0.1289144999413462 0.07009515507431192
0 0.10586923500443447 0.8340550182507663 0.1340578930907052 0.08471413044721797
0 0.1642339493191247 0.916885671190102 0.09252110679198719 0.05420283977751831
0 0.27874731777323775 0.6777927478204399 0.07317843728066241 0.0486115536705103
0 0.41468054550229777 0.8946694421167387 0.17727117371965825 0.08407337034183152
0 0.9660594501830398 0.7599907138324249 0.06788109963392039 0.04870950289542501
0 0.934148016278579 0.1521380169620411 0.07597393441645295 0.06553642597234788
0 0.9853261523847223 0.14467751529477432 0.02934769523055536 0.04694641684696476
0 0.6541679487643702 0.762735390756175 0.10241624210876064 0.0666138674464068
0 0.3996110271488788 0.711536362912316 0.09252110679198726 0.05420283977751831
0 0.7773236040133019 0.7917692627652735 0.08050187602275635 0.05371309365294617
0 0.47711052621533134 0.17194022807737713 0.0731224871403846 0.04620770751666422