0 0.45764759907778785 0.34296609531298466 0.06775521767776574 0.08005798307532921
0 0.7053626268503674 0.3518668114177487 0.0507464874192503 0.04802425653726608
0 0.2697078676467712 0.48276464401730745 0.10638457815308183 0.11069551186562726
0 0.43179805830731016 0.03278762772999784 0.0652394901814013 0.06071525291055101
0 0.2349368107780401 0.7055979041812888 0.08216430943302787 0.07832590252553719
0 0.3435006710447819 0.5610806047608018 0.09422549570570303 0.08609724565712075
0 0.12747377199292015 0.010171875358082082 0.09629369783199412 0.020343750716164163
0 0.3344105315776016 0.8584594289638423 0.07491081546804505 0.07077848126197167
0 0.32927258511596275 0.3886194668209283 0.05801396655204794 0.057975523954677755
0 0.8740801843448212 0.6277393726579686 0.06767130667087702 0.0656349061522523
0 0.7258520611844683 0.5673172777918306 0.09660137152391958 0.08140151428343746
0 0.7589752723165017 0.6811904205673243 0.0725069693141989 0.07066652032796264
0 0.7660391651608353 0.4488274034521389 0.15921325286643814 0.10354326779844095
0 0.07658903560582066 0.3522984418149514 0.08943178856582558 0.08827716994294886
0 0.8799553379248971 0.19104943246586018 0.13753668197837826 0.09532408093082133
0 0.5829063246823616 0.3816152805906699 0.04595278027937292 0.05020418082309433
0 0.6596755647594759 0.35159022301007387 0.06284962919537006 0.06300713813038811
0 0.5781631683401347 0.8062300095465431 0.0726188506567172 0.08989728955873187
0 0.5703230986820798 0.905179565123267 0.07499472647493377 0.08520155818504858
0 0.804284734876394 0.6165631628211531 0.06772724734213617 0.07525029076763691
0 0.4231328637481822 0.0004345880266456821 0.05780418903482598 0.0008691760532913642
0 0.8063956938612786 0.7727571823541486 0.1568373770482213 0.10823899917212423
0 0.3924920199032753 0.30271980976199714 0.07249298414638411 0.0682626741741165
0 0.40913873850890486 0.6842595826194816 0.06767130667087702 0.0656349061522523
0 0.4234087799411685 0.8639322590208937 0.06044578304152377 0.06289517719637908
0 0.6195016445957742 0.26569719380583795 0.05801396655204791 0.057975523954677824
0 0.8668888222798554 0.42489427499299115 0.07239508797168061 0.051435751097193415
0 0.4197043131805462 0.6404865276472103 0.08205242809050944 0.05909513329476796
0 0.4909114632431185 0.6876644493247136 0.06767130667087702 0.0656349061522523
0 0.5174430718159235 0.288484379655067 0.08463808142594796 0.09045709422877699
0 0.5004017827033194 0.872368739901836 0.06775521767776574 0.08005798307532949
0 0.616247908625823 0.9463215381463264 0.11087061160103392 0.05563097219518362
0 0.7376771023145908 0.9466771263634868 0.11801222422349839 0.04394762422797992
0 0.7091448133891205 0.7953204463353598 0.09416955503444385 0.07648186104173614
0 0.2822523435642062 0.7791358198142668 0.20020450399215584 0.12708121906120942
0 0.04485195879775104 0.8899795676657744 0.07977444844699656 0.08061778774537433
0 0.04214743153588675 0.8384088362920911 0.07498074130711906 0.08279771203120244
0 0.19889390499331203 0.9164679140430437 0.09415556986662907 0.07407801488788998
0 0.1347234787945933 0.8389060326404365 0.14486010178243508 0.1148907329636176
0 0.15115182458879464 0.769612690717758 0.08686012039820189 0.059319055162786
0 0.7852225890145517 0.8530917538371526 0.13518877649579125 0.1048275046121969
0 0.4935818289405952 0.9400123150115554 0.13504892481764338 0.08078904307373537
0 0.38396908108774375 0.9042411528935808 0.10138109349598232 0.07681774384376293
0 0.3361019355280426 0.9425380638814532 0.0772167654471876 0.05406351911905761
0 0.635268098984221 0.7025814086687883 0.12065381823019597 0.08492496977737354
0 0.6807244058061686 0.6631945355380018 0.12304367921622728 0.08263308455753669
0 0.5725163659635546 0.6622231621837918 0.12301570888059771 0.07782539224984439
0 0.5697628906143385 0.6022389692716471 0.14238632978951493 0.10275954126037781
0 0.4984508517931553 0.5370322014402975 0.1278513715239196 0.08285700642555446
0 0.47472006394661925 0.591036426165003 0.07728669128626163 0.06608274988828838
0 0.5848075061500245 0.501751607815973 0.14474822043991672 0.09565996373284837
0 0.47269301596862323 0.44926548355508444 0.10378493964982848 0.07692970477777208
0 0.36816766377975985 0.46134732264601486 0.13991255779659484 0.09062834955713803
0 0.2639911394311171 0.3267385658853254 0.11820801657290546 0.0776014703818262
0 0.14367995781238363 0.3119039202780837 0.1351328358245321 0.09521211999681228
0 0.11790194559127877 0.4273181828598751 0.11584612592250366 0.08470104790935551
0 0.03261435521709208 0.4397062575556566 0.06043179787370897 0.06049133104253293
0 0.032915036325110204 0.4913889498633489 0.06045976820933856 0.06529902335022524
0 0.25601201945006363 0.6084364096213615 0.09900521767776574 0.08151347521744648
0 0.18152775160036988 0.6179168139602562 0.10133913799253796 0.06960620538222446
0 0.12890885440423563 0.6660530314315315 0.1111643001251445 0.10611174142595292
0 0.10763086079889754 0.7283587567606895 0.08684613523038708 0.05691520900893984
0 0.5441806707426408 0.7513070780072847 0.10617480063585984 0.07463781955793482
0 0.49144989220398816 0.7802125262477906 0.08199648741925031 0.049479748679383345
0 0.6701246695701395 0.9077447248234314 0.12794926769862322 0.09968392950247754
0 0.6265337799411685 0.8544715600971321 0.11098249294355221 0.07486174142595285
0 0.8961001931994927 0.8996242431804305 0.08695801657290539 0.0761459782397088
0 0.9048476960552106 0.5433511882081592 0.1399405281322244 0.09543604186483033
0 0.940212321200921 0.5091638706540965 0.11957535759815786 0.0730176999421518
0 0.9629439709038485 0.463629087934857 0.07411205819230286 0.05406351911905761
0 0.9475015794405903 0.43556666062676624 0.09166781270589407 0.05954297703080404
0 0.8062542394728318 0.3351452214201395 0.14959786825105353 0.10309542406240488
0 0.9153285583648139 0.2783683066150372 0.14720800726502203 0.105387309282242
0 0.9536634289608698 0.1695497973577347 0.09267314207826051 0.062058784118659144
0 0.9896022473421362 0.13301461411683027 0.020795505315727672 0.07071918686761955
0 0.9713636236710681 0.06774855189112863 0.057272752657863836 0.08441783164698548
0 0.8062674232854973 0.13076231787621195 0.1062587116427487 0.08906089648101187
0 0.41660900257501715 0.7283948536636083 0.0772307506150025 0.05646736527290376
0 0.328491018428633 0.667577581601091 0.10623074130711913 0.08425320417331943
0 0.11264053668475499 0.5562038544256669 0.17611010178243508 0.11634622510573472
0 0.15158995330951247 0.22497359547059062 0.13516080616016168 0.1000198123045046
0 0.11158385515958844 0.16792672011250856 0.12548948087351786 0.08995658395308397
0 0.27447200174072023 0.06175568429220347 0.12069577373364034 0.09213650823891212
0 0.3076231832083831 0.18043651937538951 0.20501219629984815 0.12730514092922746
0 0.6693810516105072 0.15998062957626408 0.10620277097148928 0.07944551186562727
0 0.6510165614291059 0.10312802888902395 0.11338633909739837 0.07497370235996201
0 0.7734379006775747 0.06736994433148745 0.11826395724416454 0.08721685499721078
0 0.6349230583073102 0.036724397946248856 0.139968498467854 0.07344879589249771
0 0.49537411487390004 0.020893613604166448 0.10132515282472318 0.041787227208332896
0 0.35490295171986286 0.041178069925978514 0.08202445775487988 0.054287440987075615
0 0.5216773722432092 0.18970276547935672 0.19057513420895644 0.12422952917132732
0 0.6635960002660778 0.4055088200705988 0.10377095448201382 0.07452585862392593
0 0.8336833028512322 0.7101715546899681 0.09168179787370899 0.061946823184650196
0 0.9229682471550025 0.7649232309008653 0.08474996276846652 0.1096878634595462
0 0.9487742297117367 0.6543166606267662 0.0752045039921557 0.1212592504927409
0 0.8742969544459505 0.6649989880425841 0.10371501381075468 0.06491047400854145
0 0.011309192631273836 0.703991040274896 0.014814661621891224 0.06797945791174644
0 0.15732765927688877 0.3846054428333418 0.10860661712533558 0.07955747279963642
0 0.2185418251930769 0.3673273620930351 0.13267304899942675 0.08548477444741866
0 0.17236448087351788 0.07612940860297107 0.139968498467854 0.10024373417252265
0 0.24292831321660951 0.019504043711096576 0.09643354951014207 0.03900808742219315
0 0.30934255749445366 0.2693228466006927 0.07724473578281728 0.05887121142674992
0 0.4826004863978197 0.08572490965427014 0.18325171440489954 0.10466287713853102
0 0.9770034334637407 0.3403611684846491 0.04599313307251844 0.05752768021864167
0 0.8397706380139784 0.9298995558988731 0.08209438359395395 0.06630667175630642
0 0.8963519262201592 0.9428934739496614 0.055470268720053895 0.033825101482207194
0 0.6880392303160191 0.26731399949427337 0.1086066171253357 0.07955747279963628
0 0.43313364183362324 0.26235493542230554 0.09650347534921608 0.06457459120651425
0 0.813074193235556 0.26750164631042017 0.0844562742443556 0.05920709422877691
0 0.40147348344853495 0.8132572151192824 0.0772307506150025 0.05646736527290376