0 0.6838697970174265 0.3261130578546604 0.2720100517105045 0.25586877320798257
0 0.1283629412402042 0.18316779186925675 0.2567258824804084 0.24566569324311127
0 0.38213813009727704 0.33960760865834677 0.252289536355163 0.24306594863943617
0 0.3488292048567769 0.7153422278452051 0.21976619643127526 0.21054260871554847
0 0.8754367884775216 0.6014901945032357 0.20877134238020398 0.294089528750677
0 0.08500200357007101 0.8292861287513502 0.13220335817465415 0.1229797704589273
0 0.48220596221310774 0.8874968135723253 0.1372069489321754 0.12798336121644874
0 0.09499785685901087 0.3754979264114566 0.18999571371802174 0.24091106569131837
0 0.4856790695541285 0.7433639935664705 0.24120491336606165 0.20661645943208604
0 0.8749673859613114 0.20073353138532912 0.2021474992681521 0.30821875799901066
0 0.6605944785610698 0.02871968072599301 0.13554181210862962 0.05743936145198602
0 0.5508276816614119 0.040440973677038264 0.12430617513871448 0.08088194735407653
0 0.388921167477027 0.52651991330886 0.2072572195374722 0.1980336318217453
0 0.06686083913483844 0.6613821625038275 0.13372167826967687 0.22972849347730262