0 0.7564369422613928 0.6164579528028475 0.2691535982700209 0.26811602001039847
0 0.31847146192317255 0.9148127481331907 0.2529819018614561 0.1703745037336185
0 0.48352684592977035 0.7136666155300561 0.24957310514215394 0.2544143149425921
0 0.3043333677443047 0.36470519538924445 0.2174138230097003 0.22043029420740695
0 0.8447127519944172 0.2717152489676622 0.26553496721246006 0.3085607860511391
0 0.049840426944000156 0.3532297186254273 0.08275421726847904 0.1247286680200853
0 0.3544238050428042 0.14969554056438678 0.13577872221193352 0.13416316464886016
0 0.21111922488087587 0.7869419713624641 0.19421469882427292 0.2471733551803417
0 0.41476115252626183 0.28684934727799066 0.2389085488354767 0.21751538548561206
0 0.9377854147631405 0.6656294642218643 0.12442917047371903 0.31487224476196557
0 0.8729205861086 0.939223336112891 0.13619839088845034 0.12155332777421808
0 0.7629381936567428 0.9479228402816233 0.12142559006827615 0.10415431943675338
0 0.4158859046424364 0.5315158817519935 0.205044868343372 0.20735951700156663
0 0.07764304474432379 0.5259007337780626 0.13150486448601437 0.2344937752484328