0 0.3418068969936757 0.6675613823650811 0.23039393713693718 0.25381829545304746
0 0.8993281275065745 0.29356778158716007 0.18432568301748103 0.19296687437442278
0 0.15677021569082622 0.17234536525861277 0.24856439142196834 0.2829581643340513
0 0.9453437150863737 0.18370416645201507 0.09968392950247781 0.12904025849086656
0 0.7239162381542956 0.9531994817658451 0.1467532041733197 0.09360103646830982
0 0.15106002990741438 0.7340000961525788 0.16330353884256774 0.15416966158734186
0 0.7673635302555349 0.3634383441504782 0.24123426417172583 0.17714697427412768
0 0.5495749618277022 0.623071978642395 0.16224322389682955 0.18297385614280268
0 0.46795301775254655 0.2319075911555656 0.22161494559927256 0.22003857142712294
0 0.705410257365142 0.11816820116896226 0.20791630081990647 0.18377108266596648
0 0.8482247671351083 0.8484156705733468 0.14636465483163563 0.15147210039864561
0 0.4160594811372743 0.4679731293676337 0.2625396246090093 0.27359453546282353
0 0.5225332604861305 0.8097212499987326 0.3978334026831432 0.3805575000025347
0 0.871338072153274 0.45547074300088636 0.13311385378830565 0.12481999625287389
0 0.8511521429071283 0.9581899075894776 0.08391732137129264 0.0836201848210447
0 0.05776467964709789 0.4831250343402067 0.11552935929419578 0.24990391483425953
0 0.0018208439923679608 0.8104318281716965 0.0036416879847359215 0.12567134865108515
0 0.6132407880017061 0.31503791333236725 0.14133304065592528 0.14658048950956776
0 0.4951889937649601 0.06036826548110827 0.23558355093161823 0.10739347652189637
0 0.10386553859317305 0.9208287475014933 0.15502505758059607 0.07956651223672505
0 0.005291632946647313 0.6613933666332349 0.010583265893294625 0.12567134865108523