0 0.8177260669955047 0.45904603009099176 0.25924009098309087 0.2615319762029283
0 0.4610513851211112 0.7062831036436854 0.18387783928144508 0.18846160972111947
0 0.544701703568867 0.13330830660809997 0.30094186867619566 0.22989342686124423
0 0.3875232331212236 0.466593273205605 0.09548870840448732 0.0931968231846502
0 0.15609200038102927 0.15838388560086641 0.09548870840448725 0.09319682318465013
0 0.08737834669248137 0.45980969491601703 0.1436315537304576 0.2513501590628033
0 0.10493319398941531 0.9139686765919266 0.1308219685684686 0.1308219685684685
0 0.6176538375598762 0.9636789749940231 0.1414976681295913 0.07264205001195378
0 0.08521830597073882 0.7739298145318002 0.10348397340408882 0.11035962906360033
0 0.29992759241541933 0.10511734872926225 0.0778780587895011 0.07558617356966398
0 0.9425004881638128 0.897000501681723 0.11499902367237443 0.15005273779923775
0 0.37718028058373265 0.8874177218929575 0.23603802252234948 0.225164556214085