0 0.5995617254174899 0.36502898727126387 0.2115221009646929 0.24733760304682362
0 0.08071153196912459 0.7640837893810921 0.16142306393824918 0.18852523059547777
0 0.8292107288697921 0.8494717481682428 0.22721851781165753 0.2794276516161023
0 0.04359170944806929 0.8738325181591816 0.08718341889613858 0.12691269624653664
0 0.18855908938299357 0.07363064354294155 0.1373048981570898 0.13270044521838723
0 0.7845782821297944 0.28906113689622476 0.15000977350072184 0.15022740876970914
0 0.203294473180728 0.6877196232623037 0.2299243919271314 0.16927075282381848
0 0.3961959424986458 0.4182421575026494 0.14878131804584882 0.1789335545209831
0 0.5141824011130818 0.8046183759992457 0.20774696566204448 0.21354374879809784
0 0.2885983976035779 0.9208178905779488 0.19425849651909688 0.1583642188441023
0 0.07710880356872479 0.2068933642913087 0.1354887473527303 0.1469835140465844
0 0.5443610412997616 0.5666257524980315 0.24105389938524788 0.2658446232623038
0 0.08374281848495758 0.014515667936176488 0.08251436303008483 0.023991044456681338
0 0.4041298297167162 0.22353061904111093 0.3704616145063981 0.3812981211191287
0 0.09119115683074662 0.6004703885542289 0.12489387048820122 0.1223850201286038
0 0.06100831939177575 0.06981598374508308 0.07509874583183312 0.13627177321305173
0 0.9695642163207074 0.12514288976348145 0.05773719216132278 0.06331634002838851
0 0.9180081042420247 0.5329685416184942 0.13479492249144498 0.24766503631836329
0 0.9616221488157528 0.20178595049679884 0.06970335817465421 0.12156868010021529
0 0.3618279278751522 0.7294820846487315 0.1304851565952091 0.1418958055491325
0 0.5021264661617202 0.9631818742904532 0.22997745668303082 0.0736362514190936
0 0.8127979378181855 0.09914543647193359 0.15168309061115165 0.07358434803639174
0 0.9627118607201383 0.35244635939682273 0.055378230476491715 0.12313247768478283