0 0.687575914892417 0.721421054341791 0.16159681305940055 0.15991900579084947
0 0.8138260013825958 0.4600568456255695 0.27541123777173265 0.2627864639947777
0 0.10020399623847544 0.855463112664161 0.12740344942168036 0.12258797355926933
0 0.1827918083761453 0.4198731225499927 0.14423037249860346 0.12327361813367059
0 0.3022481759759815 0.40423994226310833 0.13181869324434337 0.11797617970140614
0 0.6325334279383891 0.9229788667431598 0.10660288625079382 0.10257361052918466
0 0.4837649235079473 0.9444992794379409 0.20771149371117673 0.11100144112411833
0 0.5708177298101991 0.7335464146228206 0.15860429417801022 0.15260951810439685
0 0.759838765238812 0.8111918403024293 0.0819757519847882 0.09438257981850193
0 0.8151008638606925 0.2671614579683906 0.20628876876990396 0.14976081029499339
0 0.4356114904403584 0.08528137507949361 0.18646932681159084 0.14176567803413936
0 0.029276163045225918 0.49364347218474186 0.058552326090451835 0.09497027516798849
0 0.015969384254815165 0.627916034512926 0.03193876850963033 0.09438257981850165
0 0.027007692177555484 0.7754321929217713 0.05401538435511097 0.10497745668303082
0 0.275513118848565 0.879489303772296 0.11101813007345672 0.09796181667132121
0 0.26035330836868503 0.6220104500139638 0.10159896970058678 0.09997386592550966
0 0.9038731118609836 0.7603825107320829 0.08040595804467078 0.0751518105877327
0 0.6182066778418233 0.38937808534521307 0.12181086014392946 0.11277669049405599
0 0.13154972796673797 0.14645297888240968 0.1570345002378929 0.1333787488736275
0 0.17908872048845037 0.6572886386657828 0.11999568671762725 0.11989027973068009
0 0.416259816761243 0.6030388157931039 0.13260359021440193 0.12759156431679075
0 0.9288415557075195 0.1294973769503315 0.08437959813863435 0.09448052904341618
0 0.7316788011432109 0.6243326004078155 0.09659505315037965 0.09737412132183465