0 0.48295633532937476 0.7366234065975845 0.2529616353829044 0.25859607007520324
0 0.11112285803553626 0.27709181664054633 0.2040446637367027 0.24389328979583047
0 0.3547965420745957 0.45602371690097254 0.24222618600848161 0.23930936017317486
0 0.6857702426292017 0.29659289257825583 0.2091560807750446 0.2078775529915825
0 0.8391563230784593 0.8451654877574547 0.2959508499623754 0.25404011078817706
0 0.6695174493527036 0.04029119137982854 0.11788105255156114 0.08058238275965708
0 0.9070285340665925 0.35902915796793977 0.12775274481581506 0.13050695069843216
0 0.2508152184531581 0.17768802168005882 0.23900599982624698 0.18402089863471333
0 0.7754933275385627 0.4126969427501838 0.20560846132127006 0.22948419804056833
0 0.45329159830437155 0.9291688467581285 0.3060573844850698 0.13875339157826533
0 0.15795780892327943 0.8334982902490421 0.1397719755850459 0.13057687653750621
0 0.13469051348188704 0.7230192633468225 0.12945655049526247 0.11850170509701631
0 0.5305928903064596 0.39849143728338565 0.19643680953141504 0.1957883963832778
0 0.49869251006430193 0.05897734042097013 0.2281542508978346 0.11795468084194026