0 0.34877305913337114 0.7887963397026015 0.33267995539086326 0.3331048984882159
0 0.5930231101456667 0.6860005985867202 0.20836070326830836 0.18696143301091028
0 0.6420136916971895 0.9008153944624951 0.25696064395036544 0.19836921107500963
0 0.8294938653775148 0.7045990882400697 0.2775455393134004 0.33228855845982747
0 0.7416511044949878 0.192790991188389 0.23338431879490074 0.24110612124944344
0 0.15701698263622527 0.618381813578855 0.23168981872391223 0.21466381355713574
0 0.5403174536161504 0.37891574035571185 0.23369240971689875 0.24591381355713574
0 0.8911503001533329 0.9057791939078892 0.12034266834199442 0.18844161218422156
0 0.18273196033165684 0.4618399431186504 0.1719949200386182 0.18005361928002125
0 0.19405105704631057 0.9033727853445119 0.17563112988045596 0.19325442931097625
0 0.10214960257829804 0.872151299445394 0.16657104588693003 0.17015821847487717
0 0.8452512421131831 0.38340561051184857 0.26888671048073437 0.27191238842391413
0 0.5678343947241385 0.17542886584806736 0.18959207042053586 0.19305290671341047
0 0.06163845086179952 0.26707137645534745 0.12327690172359904 0.2552965990645411
0 0.21348569852627916 0.30197231961743604 0.21088631186642884 0.26374450183910736