0 0.4894115475471258 0.639751569946265 0.20109129442637708 0.19289670702386139
0 0.6099587286138145 0.49796208294046207 0.1890720636571463 0.19226680583055555
0 0.8600045302313409 0.4063077497109229 0.18890417534228213 0.18745911352286326
0 0.507470979062056 0.1915602424926185 0.46582727264511886 0.35313718818388173
0 0.05991869168426352 0.6466822730750196 0.11983738336852703 0.2403539505267629
0 0.21220991289911886 0.7504528128582237 0.38809528855940534 0.3946529172311404
0 0.697584583710683 0.9441045711122393 0.2253510540254505 0.11179085777552143
0 0.8248931499388648 0.1359482691418454 0.2684829308915013 0.1988279998602199
0 0.1422541500935054 0.9183271100789193 0.2581959930166601 0.16334577984216134
0 0.4143351911381551 0.9473315694252123 0.23985807510595952 0.10533686114957529
0 0.7924182496290789 0.7555736657601779 0.2216651701760597 0.23236608739468886
0 0.8557500830751784 0.5626207398302536 0.2601267086375981 0.23438177121326761
0 0.029166663270040024 0.10974782990634138 0.05833332654008005 0.1185341213511443
0 0.9343252873246235 0.8641570086607164 0.08081504257663716 0.18419384893695734