0 0.46381964660257213 0.7678096312181596 0.27802263165537977 0.2942004032738025
0 0.6790531782523003 0.35221479880904355 0.19823419804056833 0.20839808019389522
0 0.12239577297828756 0.5756234384570623 0.23978485587887802 0.3295223538551061
0 0.43606892436443156 0.33837960114917903 0.09914506935591387 0.10900673240463991
0 0.1117027290860142 0.18448330022894058 0.09914506935591377 0.10900673240463991
0 0.40309175613930426 0.06573829509974075 0.25810658920168544 0.1314765901994815
0 0.8524082019752205 0.01018086828367386 0.142316403950441 0.02036173656734772
0 0.9532167049459457 0.43912212304111387 0.09356659010810867 0.152079738931356
0 0.7129501621326065 0.00937119532569722 0.11820801657290539 0.01874239065139444
0 0.07173239521077655 0.3416652661978438 0.07980241878262614 0.08820616923375327
0 0.9064769681056345 0.7918005244416141 0.15465729357941227 0.15198142844401566
0 0.8514588132741132 0.22270203796337193 0.23940725634787852 0.26461850770126005