0 0.22596171661049075 0.42912926321915257 0.2261987160389468 0.22161494559927256
0 0.5799526499960155 0.1585846099774513 0.32817453076126163 0.3171692199549026
0 0.933923877966407 0.1019918499121959 0.13215224406718618 0.19136596615065848
0 0.7717699519590098 0.7686805500448624 0.24906490169766143 0.24906490169766143
0 0.40167303556397316 0.5293531138275898 0.198300916204522 0.18913337532517346
0 0.5959599277809088 0.8732314662493844 0.20881198829197878 0.20881198829197864
0 0.24871576318624394 0.019671985112110095 0.1224315263724879 0.03934397022422019
0 0.8463551049772879 0.92179564389261 0.22255667175630642 0.09191921422558927
0 0.78600188998964 0.4018404425181299 0.32481570274099114 0.27897799834424836
0 0.10149500986175507 0.035972064643511756 0.09241309664658705 0.07194412928702351
0 0.3057926420394066 0.8759054511051627 0.19852483807254004 0.19394106763286564
0 0.3989498762448379 0.7812268025085669 0.1644231481826578 0.18275822994135502
0 0.7023219243447082 0.9586173573232322 0.15004610994454273 0.028576193293174103
0 0.13681187853795068 0.24778380066230066 0.21199956098388795 0.22575087230291074
0 0.5775720013336024 0.5042970621010043 0.15542023477697514 0.1439608086777895
0 0.5327023563637219 0.39436557135830685 0.2091478710940057 0.21602352675351724
0 0.9156943074359757 0.3415960526860958 0.1603398880186765 0.1465885766996537
0 0.2575081885822512 0.6926566526701574 0.19187310428104662 0.2056244156000696