0 0.8093258611664335 0.6467615897509089 0.26678751224665664 0.2631422533309831
0 0.47690344276752455 0.31485694046501106 0.18890945345715543 0.18929241436698735
0 0.5113774686602574 0.8931717363216882 0.30597348285190595 0.2136565273566235
0 0.38389444454797356 0.5348068536638357 0.09811647642635152 0.0959320554708334
0 0.1301932840199332 0.7846339785477566 0.09811647642635145 0.09593205547083326
0 0.08902811350544051 0.46791275777393165 0.14625932175232179 0.2531332078555556
0 0.12444350925730253 0.0425169186926283 0.16715624928383582 0.0831315326158121
0 0.655555215053465 0.07769046308541722 0.14434935801947354 0.10901433890534201
0 0.09839969268872155 0.15356841302286334 0.13015020296441454 0.11348633037136764
0 0.26872730132563316 0.8719018017879276 0.08039386587735628 0.07630963525811953
0 0.9541919428004332 0.24448404971063112 0.09161611439913359 0.14892857113600433
0 0.40888439587655934 0.11757270048974393 0.24084571483004177 0.2217173673128207