0 0.47919504121336043 0.8154864920174199 0.14354981890882795 0.1483206572494457
0 0.8527097259280949 0.6840618158723397 0.2601677166694118 0.27858282114786914
0 0.6230375010666579 0.6983598543009696 0.2241357480153021 0.19528459884097388
0 0.20089197068510675 0.6448036514612524 0.3389093578573959 0.3446655710361578
0 0.048189066427381334 0.5539152831331774 0.09637813285476267 0.1421694337336453
0 0.2204230390606058 0.13857011420861898 0.19267591367704368 0.18661756823731826
0 0.6774207255822617 0.06759570131213154 0.15041163347326886 0.13519140262426307
0 0.5569651136897319 0.2465257189694208 0.11365449337138145 0.1109194337336453
0 0.47931845585474353 0.646239260039284 0.14023669062252828 0.11695869631543669
0 0.48276786060921784 0.48643947127551923 0.4083853383270929 0.42231970795764073
0 0.6868057558323358 0.5693589078738213 0.1137943829302203 0.1157271260413376
0 0.6500413895491195 0.3478165123782911 0.09153026453082966 0.09308486225064118
0 0.6386958829205012 0.24271904721311438 0.10403910875599684 0.11047158999760921
0 0.09558503918236316 0.3127172940133229 0.19117007836472633 0.23514233505027735
0 0.802722615262858 0.029912918497634777 0.15417015408966853 0.059825836995269555
0 0.8098585732995146 0.2179428978215515 0.35204770509733874 0.38368691416774114
0 0.04345695454457096 0.15778449195160252 0.08691390908914191 0.18443101609679496
0 0.8793803654309149 0.5099772443893357 0.2164788172236639 0.2621444474126301