0 0.6943972400695843 0.31905652064317463 0.15108721497478056 0.17498688680977145
0 0.5050851794086669 0.2658524139443179 0.1697302888560632 0.16145949735876655
0 0.6004002683811527 0.6913661442996107 0.16531439344802862 0.17085096010613327
0 0.5240689769510046 0.6434242014991777 0.1260692611871746 0.14982881593121977
0 0.4072110330492303 0.6607746541942744 0.15442566890875617 0.13915311637009717
0 0.2758810376119219 0.6762514182083942 0.15918029646054913 0.19695738499641388
0 0.14528366984417518 0.3858535827441789 0.15285030102324068 0.2182561175790022
0 0.06188367364641814 0.3999637962077097 0.09349285650738737 0.17470367054740138
0 0.20637567651324215 0.17756198829197872 0.13740284738200423 0.1335616975243418
0 0.18778975753130117 0.07472676114946311 0.21692566890875617 0.14206410065433145
0 0.49704914571339126 0.8341084602637393 0.17409311950819834 0.20964838136969852
0 0.3557833856080052 0.8707160154594338 0.16850183340119043 0.19019369027091151
0 0.18616121778103747 0.9168730330214658 0.21800311038281514 0.1662539339570684
0 0.7801601809867658 0.8928809664658706 0.14156977958431036 0.17694288922758153
0 0.5405898890317066 0.10675403798178328 0.13166054729418247 0.16928350703000705
0 0.7706325737921146 0.6884980629219428 0.12425311038281514 0.1641399319202878
0 0.7931896336353816 0.12331762836042179 0.12906080269050746 0.16436385378830576
0 0.9258398449828896 0.5229785028906281 0.12243695957845582 0.1784510479093555
0 0.8112204713065245 0.44806078099767055 0.15888644878580585 0.18974584653487542
0 0.4313331818649831 0.5167414735616949 0.163890039543327 0.19477746071058577
0 0.3223663393384096 0.28613355633878235 0.15550311038281514 0.16559542406240488
0 0.9257256422930554 0.1416626519011617 0.14854871541388912 0.18001850098548175
0 0.5941886728859695 0.42115737385993646 0.18012926727076325 0.181138110325572
0 0.660929120561386 0.11595785391300308 0.14608362421725937 0.1699552726340611
0 0.9424055879781824 0.8154376738519673 0.11518882404363523 0.12567839345874915