0 0.6399204732246795 0.5295309058561378 0.20406837227759284 0.21649528248160294
0 0.4797739551089361 0.4097000644862401 0.20096448564934788 0.2042938991428906
0 0.34918660715942085 0.1604810494817683 0.19601678524677574 0.20152574785008126
0 0.1988028497234652 0.5164475253792203 0.3659638700041029 0.48962581998920984
0 0.7184265699722924 0.9455541243284665 0.24652126301843516 0.10889175134306693
0 0.7944161272663055 0.7987283906867232 0.41116774546738893 0.40254321862655373
0 0.9184069957136496 0.31848936612507234 0.14537229938023663 0.23597992978302512
0 0.09780911317628285 0.20006710788595208 0.18889783779833683 0.2847496003872888
0 0.9426080523126507 0.8673953906902957 0.1147838953746987 0.2652092186194086
0 0.9493306840173403 0.5974818097901221 0.10133863196531934 0.24985654899765727
0 0.7059940443698048 0.22581009194183915 0.2412461293443233 0.2384583402545958
0 0.5050165828747816 0.16510942803653222 0.24561008882648616 0.27229433897792354
0 0.1915986792314501 0.981188749442349 0.1227124534001435 0.037622501115301896
0 0.7914135627244587 0.08988519599777443 0.1885963562181482 0.07412190169623516