0 0.7146197869761759 0.13597275541642004 0.2027901573275942 0.16197828026237376
0 0.6958707046798677 0.2586154913820048 0.188534902418295 0.18990016134253393
0 0.3925883133676801 0.10090758671948309 0.1523233732646399 0.1611471717352419
0 0.34875967588585743 0.19428861457534805 0.16428666336261152 0.15230201442485208
0 0.48528243319766295 0.288405744313827 0.23437580135514935 0.22167317894766791
0 0.4494391069256517 0.8692588228980334 0.16683036119460554 0.1764945214243126
0 0.6361497462992651 0.810283884586991 0.18628489311041155 0.21618842357384255
0 0.7685710622780255 0.7826986926342412 0.18624293760696714 0.2089768851123041
0 0.7941952376531677 0.9074526242084798 0.17429363267681042 0.18509475158304028
0 0.6400414101150882 0.9442438748615734 0.1955646336982411 0.1115122502768534
0 0.2776488192876899 0.6370137035522624 0.3093145871588241 0.29856397285402025
0 0.11850010238671731 0.7336638115114862 0.23700020477343461 0.303866084561434
0 0.9039074843910216 0.460719369565837 0.16669050951645767 0.15245605988585106
0 0.9199722158220383 0.592807303177445 0.1550209079425967 0.21178198642701004
0 0.6920963120801715 0.4940383689979289 0.1498216309360901 0.14416620319731985
0 0.19847733576702842 0.19187231172445177 0.14993351227860854 0.1633969724280891
0 0.36665486159031363 0.4250882859556474 0.174041899656144 0.17695665780730935
0 0.8349931004949265 0.3192328204276365 0.11120625562858887 0.11525916812902892
0 0.7325211639093899 0.5723782956810649 0.13773247432778554 0.13137674512309433
0 0.5191732258492112 0.45650478811369644 0.17168000900574235 0.18401415080784894
0 0.039795519277552684 0.46055146514467454 0.07959103855510537 0.18552600721242604