0 0.20505575451359134 0.5490438785090757 0.22484432774665358 0.2328700083493338
0 0.46131550020857426 0.1923944464728423 0.3264771542633023 0.3535457937577177
0 0.8224370434751248 0.09837370316057713 0.20256639464255735 0.12115926312446025
0 0.8238371629669035 0.7520938767680699 0.24903662613107805 0.26057211842825284
0 0.40124192682444143 0.6061862679599599 0.19580238155109259 0.19770439933155368
0 0.6864900821091743 0.8925529698528502 0.20794747883065637 0.21489406029429967
0 0.10040293310409602 0.11580510298136108 0.12558737704822143 0.10751251087191861
0 0.9181589521370112 0.9121811632375931 0.16368209572597764 0.16026092439858858
0 0.7328320430219133 0.3928653002452993 0.32372367891408627 0.29332365967290275
0 0.4092164582870357 0.9310766682319065 0.19801043535553162 0.1378466635361869
0 0.4711570515744438 0.8513632432233412 0.1645104260476481 0.1888551177674201
0 0.8179052673604189 0.9676552743267953 0.1494160610694609 0.06468945134640937
0 0.08759514306362809 0.39269345231862485 0.17197369752985298 0.2325022892526344
0 0.5630749945907054 0.5413726263772802 0.1570891100688877 0.15241948474374445
0 0.48801034227669765 0.4437172389787844 0.2079894343341008 0.22718045437101336
0 0.8392577753232899 0.3047214208657208 0.15949295622273388 0.1525454649824056
0 0.3110355641551935 0.7973124804292975 0.1910925854181039 0.21427936193115443