0 0.5750930347786016 0.4571362090250117 0.17934467475702126 0.18948305294255346
0 0.45031388891522206 0.3367417414020227 0.17843391190961333 0.17746382217332268
0 0.39158813756500976 0.08737948799460711 0.173626219601921 0.17475897598921422
0 0.14718790966829162 0.43979508947998036 0.29437581933658324 0.44492905180927
0 0.5235481158401456 0.9007046010672624 0.23230101564280786 0.13101729209314072
0 0.6495707251641403 0.7364701694150587 0.3672118187125376 0.36521540215379444
0 0.9135469371131729 0.25054938303372826 0.11717311714539846 0.22100222620583515
0 0.10429407883808534 0.125 0.20858815767617067 0.25
0 0.8379979999785643 0.8057873045895195 0.209976491547405 0.24662054075836737
0 0.8946389326376747 0.5316312897357871 0.13713249665409405 0.2319623572047488
0 0.7295271867168922 0.1546218468690187 0.21649528248160294 0.20642752933474728
0 0.5484025266487473 0.10654324389277586 0.21569494670250522 0.21308648778555173
0 0.022427854122330025 0.9453168983207025 0.04485570824466005 0.10835764357094828
0 0.8603574883485793 0.02324965496430604 0.17832348484130295 0.04649930992861208