0 0.5990036043538829 0.8438272115346592 0.12661729986402676 0.12469411838079535
0 0.20478305674239786 0.7913147702286509 0.24286333368070176 0.2347973226757425
0 0.4371423729238194 0.7569442626096634 0.20277427373585238 0.15724485639227317
0 0.8345686454078963 0.6185817107837133 0.29864549455452377 0.29100888860944624
0 0.9616499395500093 0.49493930443905276 0.07670012089998142 0.12427452547386714
0 0.7159426590819599 0.11937012424588532 0.1713982934971915 0.1542955394594202
0 0.25952172963820147 0.14022303321505492 0.1354768030474444 0.11043887862048979
0 0.4116892539046236 0.2941828983489324 0.1009410952229701 0.09302452547386714
0 0.566209516228471 0.6763403109354231 0.12738340291527778 0.09348607767148838
0 0.5303135798269344 0.5184058560155326 0.35973926869068273 0.3569197577399204
0 0.3494275423566452 0.641334954418415 0.10119305570029241 0.09783221778155951
0 0.34233010211085824 0.4142554114613391 0.08095444456023392 0.0782657742252475
0 0.3319162891827444 0.3072003390337995 0.09372955676143163 0.09289864760178859
0 0.8808904063592219 0.26514730394011193 0.18593712903964524 0.2025822589898074
0 0.1208068764566872 0.08256387175244845 0.13876251087191863 0.12730776098810567
0 0.16193610357230387 0.3174423832407624 0.3077467365959796 0.3271924587892171
0 0.9290865384615384 0.09554418892970215 0.14182692307692307 0.16112944430472315
0 0.13605725654795478 0.6256023264228686 0.21806899071027336 0.2199546528457373