0 0.6875159133834903 0.2635757018027777 0.15599730008664828 0.17078678821080062
0 0.49542685435640943 0.23564048576751132 0.17421950952977083 0.15669938561326635
0 0.6314781487463789 0.649638681947065 0.17008419041384298 0.1662308516472652
0 0.5493776862534271 0.6113598770014668 0.1302779055687756 0.14632873376541072
0 0.4360942370930759 0.6434219998777997 0.15828359292522373 0.13481301448449404
0 0.30847175765861823 0.6769378015752125 0.16472167822965703 0.19254728146749456
0 0.15100392119820494 0.4041100761746656 0.15902297944958874 0.2140560189800314
0 0.07087003829787647 0.42837323051976034 0.09366539338458953 0.17209969280663315
0 0.19116398592196474 0.18679885864257667 0.14112048325241838 0.12971160714195185
0 0.16196517212999845 0.07900341533573524 0.2217921527128705 0.1503270329655845
0 0.5425605510789665 0.8064280694338943 0.17998522164243952 0.20481826798088212
0 0.40683552671059436 0.861746323678694 0.17383278295121832 0.18550358016872737
0 0.24276862838989188 0.9247796278733459 0.22162405941492938 0.14792318681173838
0 0.8279793768611945 0.826717257747525 0.1465500087692049 0.1730227972018755
0 0.5128426639425664 0.0766476117647593 0.13626225096205585 0.1532952235295186
0 0.7981504931851688 0.6238649931370284 0.1288826192025764 0.1607098513977949
0 0.7659441532795123 0.06721223089650083 0.13284984502056302 0.13442446179300166
0 0.9354476938590864 0.43614638362257263 0.12748733283637664 0.17509096903017907
0 0.8146588229490198 0.378085255375021 0.16421739833583343 0.1853357430059561
0 0.4463572848753298 0.49763265359921827 0.16936127723940822 0.19022735389503403
0 0.31567617937807146 0.2808966995524741 0.16013261920257613 0.16125532217680166
0 0.9069053398753945 0.07094996129152595 0.16957991052001978 0.1418999225830519
0 0.5981445758049247 0.3794577453835296 0.1851796405286845 0.17609799200680684
0 0.632866878336933 0.07325772227963163 0.15034914128925048 0.14651544455926327
0 0.9608103100936642 0.7277101798265663 0.07837937981267154 0.12224831293625645