0 0.6059787739645563 0.9248641702092806 0.19405097241038022 0.1282728246740408
0 0.6137316694518596 0.7998431905639342 0.1740541001283598 0.1591451910578052
0 0.28910690168253605 0.8991737762260806 0.14179625821907052 0.13936895104802935
0 0.2631480717063046 0.7987577085435489 0.15305960755633438 0.12515567057841645
0 0.4131841535347712 0.7312943456574401 0.21845715304554092 0.18153507367489177
0 0.4941521405215404 0.14868243132212144 0.15431940994294593 0.14919413211687807
0 0.6634547672482708 0.2405923058238143 0.17075817068460133 0.18790742632257354
0 0.7867591448359873 0.29367790460090226 0.17038022996861785 0.18069588786103508
0 0.8395501052434196 0.15706337038543075 0.1567130344775079 0.194867209039955
0 0.7023214608776288 0.07452562593868266 0.1834175242664222 0.14905125187736532
0 0.28202466426690975 0.3469185502018577 0.29157015795093066 0.24765573925882983
0 0.1286159908500534 0.21646321865724072 0.2572319817001068 0.25938125499321085
0 0.8540175190496497 0.6371402728582297 0.15786729986402676 0.12523958915980224
0 0.9015598563140758 0.5090231187626055 0.15152740145383212 0.18757175199703097
0 0.6548608965674763 0.5649646790756202 0.14078841630978128 0.12013818181726012
0 0.11676030598936946 0.7736939741519273 0.13939241206522437 0.1393269917573366
0 0.325407993251892 0.5731169480543841 0.15912710225063825 0.14927805069826378
0 0.7596631719045545 0.7648737100454412 0.10347092161547741 0.09547033091840618
0 0.7101340256770114 0.4955529389411089 0.13066911073975207 0.11035496003910407
0 0.48045607017496894 0.5704105738046965 0.1595050429666216 0.15648958915980224
0 0.02344944682229246 0.47417218531491573 0.04689889364458492 0.1718479370624762