0 0.2712962371383017 0.6005438923398193 0.24275543760442903 0.19654860019869957
0 0.7952700702169749 0.1556430395670741 0.18138421577190408 0.17797305763628876
0 0.6856628608141416 0.9063283982476131 0.2726945068674724 0.18734320350477363
0 0.9134959818038476 0.13740074598430493 0.12376363358076777 0.11393427248905953
0 0.08549792083917401 0.1434227911767804 0.14408731822842655 0.12891690764749253
0 0.15028140406677373 0.7668675311120953 0.14536238621479752 0.14574383072441568
0 0.68631175007354 0.27413456199039526 0.16302834663795704 0.220612785390744
0 0.3759215971813177 0.4120610523372817 0.17588377593687127 0.13703772824148458
0 0.7217262307549404 0.6016043353220368 0.20910159145058288 0.1955693732868265
0 0.8957719690299797 0.4030956907637245 0.16510375040342604 0.1846949826418907
0 0.2505271069248753 0.06390453123385262 0.14317655538101864 0.11689767687826176
0 0.4820702256482512 0.5849944727647013 0.259364345361285 0.22581442272137053
0 0.04201209415815258 0.033745901496184 0.06020658091446407 0.06651257608049486
0 0.1844751318199846 0.3823570636658399 0.3689502636399692 0.34901435592871705
0 0.630788761247995 0.14844797602299156 0.11932024641203863 0.11860207523791282
0 0.11966378135915581 0.026368749822223685 0.13567243728168837 0.04952003979114994
0 0.3520374209791087 0.9419414934931388 0.24504885668996496 0.11611701301372243
0 0.03892704451501393 0.9424918029923681 0.07785408903002786 0.09944125078656295
0 0.6872376054796875 0.43677887366181795 0.13891532078177102 0.12396932578096116
0 0.9043453935378001 0.6237820340245523 0.11771957485384323 0.22409152688946568
0 0.1653018940076207 0.9647448661102997 0.12307088605342724 0.0705102677794004