0 0.40875272952741715 0.2042287497507993 0.3271668823551806 0.33858368018645096
0 0.6509616809807002 0.3028732601184026 0.20528853279804235 0.1904172799282584
0 0.7039713348597628 0.09412726858528787 0.2530888674672906 0.18825453717057575
0 0.8757047267285777 0.2777196935629289 0.2485905465428447 0.33679801724222086
0 0.7908360937161132 0.7940388604985462 0.22938628873085612 0.24494126843820807
0 0.2142190742489349 0.37818341174109776 0.22815471845675697 0.21849896074590022
0 0.5929533740504511 0.6112224525874652 0.22961021059887415 0.24974896074590036
0 0.9470330708785517 0.08520108297655239 0.10593385824289651 0.17040216595310478
0 0.23717751542652515 0.5344513431163906 0.16900691862233208 0.18287729907834246
0 0.2562401651073286 0.09514162192577448 0.1723064522482504 0.19028324385154896
0 0.16383369631543673 0.1250882374681876 0.16375138257860375 0.1728976093239947
0 0.8827039420678147 0.6014013063941998 0.23459211586437062 0.27874140441095013
0 0.6168931303642939 0.8144564602474988 0.1863936463693003 0.19617159783394447
0 0.10030983457052221 0.7293658043392567 0.14374351466446664 0.2576145451676405
0 0.2651115903128212 0.6939607385834895 0.20646743653248464 0.2671582042818538