0 0.052854015326145615 0.6682386963575465 0.10570803065229123 0.19692462096645716
0 0.15981501235239806 0.6590659078633857 0.17253211564514176 0.17878512578230493
0 0.07255804065370695 0.34785560463655124 0.1451160813074139 0.14437578221156994
0 0.17333744476990406 0.3094741807936344 0.13534060118949903 0.1558913480362083
0 0.2354901689117731 0.4512705694588732 0.19643437532565794 0.2228098539684244
0 0.8168481082362009 0.4609621882046693 0.1593790627279607 0.15673078961052903
0 0.7185832628829677 0.6419527374142718 0.19872246286012704 0.1749008192063655
0 0.6614255410031571 0.7711194108741919 0.19151092439858858 0.17464898673406937
0 0.7962401175958177 0.8084019015928706 0.2053041001283597 0.16313342090943111
0 0.8856556813849175 0.6589131848555644 0.1656985178995867 0.18574483177154713
0 0.6251294306446777 0.27330195896742604 0.26739549455452377 0.2948718288380613
0 0.7601499704278817 0.11632321737281082 0.2777769822211597 0.23264643474562163
0 0.3137122742949728 0.8816391456159564 0.13559256166682138 0.16069904034390048
0 0.4405543201844858 0.9108019793471859 0.19746266047351554 0.15086235766790396
0 0.39305619020444765 0.6725159678983726 0.12977702744983974 0.14130038279826707
0 0.20278283495151117 0.15968022183828415 0.14900779668060898 0.14197193605772382
0 0.39703133893554166 0.3448526607642491 0.15963102320528277 0.16153848191822137
0 0.18951581341734405 0.8019955426539576 0.10157099641627589 0.1067231509126681
0 0.46138705685035547 0.7193184614079724 0.11965772187981062 0.13134922155315437
0 0.39497821904584307 0.4984889542168228 0.16684256166682138 0.16179031439051775
0 0.5053848250009517 0.027510655455461715 0.17673034999809653 0.05502131091092343