0 0.682100900344696 0.704078071239359 0.19537072052826907 0.18107635158433
0 0.761991544077158 0.5273861301955397 0.18600709165704124 0.19521964938972894
0 0.33269520916215534 0.5278520425526914 0.1955805169817331 0.19309558235356078
0 0.3904775187280261 0.4624364723799903 0.16602105519380111 0.15139086038514193
0 0.3919853234241538 0.34213924751855335 0.16163295579303713 0.1752894323647645
0 0.3956661981753171 0.20855092403154304 0.2171731730756557 0.19132123921449024
0 0.6975647702286509 0.14324749720930025 0.23636198301573214 0.18947695129600012
0 0.6960542357637091 0.05973154556746695 0.1847902722269492 0.1194630911349339
0 0.8918235695535599 0.24943076100958567 0.15172385614280268 0.15818273017016343
0 0.953391652097326 0.2571576365806435 0.09321669580534794 0.23597086809985732
0 0.20888831917808684 0.39316310006722277 0.23429381118742856 0.20863777574734987
0 0.19426761238590057 0.2444743624258588 0.21249135864004182 0.19839288811718964
0 0.17110756618317424 0.09270082830870735 0.19798436313557927 0.1854016566174147
0 0.11015943618426 0.6617957255822617 0.19279903721165148 0.17139102218952582
0 0.9098209462393865 0.5975687846407609 0.18035810752122708 0.1591619570820365
0 0.31161487761753837 0.6980226441930403 0.17804028596303184 0.1517405842822395
0 0.8589182835854583 0.8444397670391368 0.18052805069826378 0.15661822136935136
0 0.45083088785596537 0.8887823026173766 0.19250532217680166 0.15456409911260274
0 0.5393177266428293 0.7912074503122218 0.20991967532342437 0.1887075587223856
0 0.5276496903068592 0.39831849371721467 0.21725709165704124 0.19612893152218247
0 0.7683341040185018 0.3396063510778617 0.18820114135742336 0.1832703633999176
0 0.818340530712746 0.9310003391405167 0.20111368381555841 0.09715157053797305
0 0.5969863249209765 0.581491166129332 0.2078934627858137 0.2102722293275814
0 0.8855196153795457 0.7149946604553334 0.19043715034849823 0.17372492356395242
0 0.16146722464453103 0.8454929838400252 0.14181475649256828 0.14107602797556223