0 0.6923953293295858 0.23731839170301122 0.1793605039611555 0.17503491284335565
0 0.8668837950208711 0.4599941465504948 0.2662324099582579 0.28698242875678137
0 0.09859874721015488 0.2622701302453152 0.140684038816481 0.13374995899230685
0 0.2975553077349025 0.6641023517602813 0.1575109618934041 0.13394575796895006
0 0.4156214195842934 0.6482946963595128 0.14533768566317426 0.13140205540321595
0 0.5857359512167422 0.05583137534888276 0.11766301428287508 0.11166275069776552
0 0.43490982536843015 0.07022732305489612 0.2207811891983988 0.14045464610979225
0 0.5793679779793857 0.2566758737697937 0.17393662980946745 0.1653635856632158
0 0.7373770440838237 0.13214970143958496 0.09556626251526268 0.1044003220633561
0 0.9149660252434911 0.6458167116731525 0.17006794951301776 0.17067476105370497
0 0.629096063676636 0.9200534983841993 0.20170446542862874 0.14887231797482386
0 0.11309147724110678 0.6385839384517488 0.10758549328449354 0.10454017847524409
0 0.0664655293466237 0.5116276328159443 0.07377760166964843 0.10174473436811154
0 0.05233808664849457 0.3662508830730072 0.06493244435925861 0.11365208000783183
0 0.25894893584064566 0.1930464050947568 0.11975876951472329 0.10708388104097835
0 0.3149412162449965 0.44739257124321863 0.11270127651418377 0.10940381334769164
0 0.8907144794275497 0.1411908327009146 0.09417985336627219 0.08276570667874071
0 0.7191544998296292 0.5798105260613329 0.13285631851094676 0.12405066052978952
0 0.3245008067126696 0.9344231589384632 0.17147190243348417 0.12690204720167733
0 0.22875742774796376 0.43516439792146977 0.13331845489394362 0.13126219899132785
0 0.4686799067495823 0.4251557312221706 0.1483577136610164 0.1410454113009782
0 0.7614888435414724 0.32071176810462004 0.10773953874549246 0.10694402462909025