0 0.8248134622495668 0.45628041213312515 0.14093613841672337 0.13940020158901342
0 0.7199072699321551 0.8429676958114379 0.2647655746388455 0.2685974094606178
0 0.7171814460895921 0.6065246262873202 0.18163590981968597 0.21766638503100388
0 0.6344698594110832 0.18916734358281065 0.32654040319106764 0.3283883210887276
0 0.5309131379296939 0.044742032113703055 0.13528910875599684 0.08948406422740611
0 0.12875288497093723 0.2380456166435487 0.17351508922569397 0.18616455255870748
0 0.08774920133258017 0.6981455898386332 0.12431904967805875 0.14602413094852715
0 0.2596555606316254 0.5672694988183871 0.10644295490984299 0.10937882953881037
0 0.6552373912342837 0.46580424446285645 0.10961619363730381 0.1359050813885503
0 0.49513681527554615 0.4797999924705516 0.4005442968507789 0.3958104919655364
0 0.592626838419692 0.6781134706240489 0.11132059199695486 0.1119505640075207
0 0.36760955448031696 0.6535522983457418 0.08905647359756394 0.08956045120601666
0 0.2620851304390544 0.6488323797342921 0.10375932963831885 0.0996795007659938
0 0.29383240209525135 0.09888963939861019 0.22455541669181933 0.19777927879722038
0 0.041903285015752405 0.8262782285364941 0.08380657003150481 0.1503281583116272
0 0.24870558956180772 0.8197992612083814 0.3652817207702841 0.33934681222302576
0 0.13190964878094208 0.05088522281208749 0.17848839474580813 0.10177044562417498
0 0.5484298280457538 0.8765719617583467 0.24639986641469327 0.21512518497397792