0 0.3121363035470229 0.721005785324587 0.15465255370311937 0.16081191608934156
0 0.17963144176374735 0.44966590303590953 0.26216973078436195 0.26280333427495783
0 0.9010445446065904 0.9053150585398533 0.12345309368578966 0.12480337902531957
0 0.8081196576792458 0.465117074388318 0.1399438301668305 0.12136925641522986
0 0.6880366666272438 0.4397789743838419 0.12792459939759973 0.12038813520265662
0 0.3707272944202317 0.9265590107341855 0.10030563861970411 0.10140274545807196
0 0.518681386197041 0.9520205939460855 0.20345238995447718 0.095958812107829
0 0.42844543207031455 0.7436457028114452 0.15174442765544974 0.15340415338528857
0 0.24143267864776785 0.8036689172564254 0.0783348366392065 0.09482903496774771
0 0.17339551638999537 0.2579468834557612 0.1994851641364906 0.15252094592788965
0 0.5490096728905643 0.10934863708341885 0.18198586786780305 0.14153199161490237
0 0.9688123350286779 0.553470114254833 0.062375329942644095 0.09581015618032122
0 0.9824913471234675 0.6878646970058679 0.03501730575306484 0.09482903496774771
0 0.9743129922155476 0.8344257778910609 0.0513740155689049 0.10380659161191812
0 0.727160661706262 0.9138272272978208 0.1047771443315142 0.09698750163540928
0 0.7357010331678393 0.6599760785808667 0.0954979463120118 0.10101029697304281
0 0.09367195016023486 0.7414146934747758 0.0817977825633697 0.07599071422200811
0 0.3730740438157622 0.3961428645818313 0.11556918203248674 0.11459932168239093
0 0.8527429914398506 0.19748047835341834 0.15280352742576697 0.13436960839703402
0 0.8174653090649087 0.7013072478146202 0.11590536862836896 0.11940701399008337
0 0.5804260862891858 0.6269850347522357 0.1285969725893642 0.13000351981804123
0 0.056758997912226467 0.11099375081770457 0.0807386827930526 0.09502525921026245
0 0.26566506344194557 0.6204123160923258 0.09275791356228343 0.09600638042283577