0 0.44502965898281394 0.222277248097489 0.36420607973302993 0.34090023118637924
0 0.6788645464006913 0.36160862007462036 0.22463633054327434 0.1911205557537335
0 0.7485523007047263 0.13994431529553408 0.2792378088668517 0.24189501350861342
0 0.881426244759314 0.37953876869861347 0.237147510481372 0.33802088932682994
0 0.7841660088907243 0.8708533977429128 0.25559179581341923 0.24656285413815782
0 0.2387644760043305 0.36176405963088193 0.253433329145758 0.22012054644585
0 0.5995366314933538 0.6566811361368105 0.2583880904522949 0.2513845316136648
0 0.9629609881136514 0.18913145650343466 0.07407802377269726 0.20239857262878
0 0.2504152408121183 0.5192229752917125 0.19039381166188415 0.18371322494278777
0 0.2996219410291225 0.09196069987485546 0.19539772821209114 0.18392139974971092
0 0.2055530270435154 0.1022186008545713 0.18239737623028698 0.17405588482395887
0 0.8788255792647045 0.6993971514222074 0.24234884147059105 0.2804264778092259
0 0.6102060767224853 0.8610430221332704 0.20820185595138055 0.19583035188672218
0 0.11611817508409206 0.685948447727707 0.14118830164137733 0.2579107968522783
0 0.26726614641262775 0.6814616129246057 0.23793082052276754 0.26568174202640854