0 0.7938524173725904 0.5315907144822816 0.22369923285020832 0.23680263031134954
0 0.5239757824511939 0.8469381480256561 0.32603136414824974 0.30612370394868765
0 0.15850641115413178 0.945152943824155 0.2008618523233559 0.10969411235168991
0 0.1805796338074843 0.2998669237831415 0.2480453784948236 0.265207180428804
0 0.5985123671228697 0.4663195925634898 0.19446148105076808 0.2007940932473274
0 0.3229108820325184 0.16471142658563426 0.2067324533613973 0.22340982984451616
0 0.8825955578269985 0.9576246785704225 0.12374297642363584 0.08475064285915497
0 0.08623077743230786 0.13446791888437426 0.17246155486461573 0.16316660699951774
0 0.2581566676051788 0.6635097018747942 0.3228722933702081 0.2977324396390666
0 0.6012823661435669 0.12487532659607861 0.19647372925132783 0.1673364713359959
0 0.5364476061303508 0.2170311534002091 0.16315553848601283 0.19343548578694436
0 0.19394232819615426 0.08199993287445748 0.14976571488027932 0.07466590303590952
0 0.9074608563262275 0.6936537088922164 0.1732744061841946 0.2374896135262339
0 0.4342396614723807 0.5226878825340308 0.15549645950643273 0.15438527459786194
0 0.5064521035107729 0.6236246450076514 0.20681636720853014 0.23062136830605456
0 0.14892068195175284 0.7460257648077877 0.160304151814125 0.15477772308289145
0 0.6957299640723791 0.2793589116812808 0.18984958771971897 0.2172285678392212