0 0.12317874813277402 0.8617788461538461 0.10765739885040816 0.10817307692307693
0 0.551856612762641 0.05889423076923077 0.12941789210710214 0.11538461538461539
0 0.4602748470345972 0.9675480769230769 0.11411367007947576 0.06490384615384616
0 0.9328066427345804 0.33774038461538464 0.1232972952035772 0.1778846153846154
0 0.04607231393920779 0.9591346153846154 0.09214462787841558 0.08173076923076923
0 0.06490992944602356 0.06850961538461539 0.1119615796697865 0.07932692307692307
0 0.07397711351358716 0.30649038461538464 0.13629375624309784 0.09615384615384616
0 0.06673242882234748 0.3786057692307692 0.13346485764469496 0.07451923076923077
0 0.26174376561091317 0.22235576923076922 0.10230423576370903 0.07692307692307693
0 0.964835619381212 0.08653846153846154 0.06835667457501306 0.06009615384615385
0 0.08547898944846756 0.18389423076923078 0.17095797889693512 0.125
0 0.2356499225830519 0.8221153846153846 0.10686017232724442 0.0625
0 0.36575741321777144 0.8737980769230769 0.15577628121802406 0.11057692307692307
0 0.9262278471567975 0.5769230769230769 0.07278673326646977 0.038461538461538464
0 0.5295567320191178 0.1658653846153846 0.07805597777178332 0.06490384615384616
0 0.16447862200825597 0.7680288461538461 0.06802100024947041 0.040865384615384616
0 0.5781140809247431 0.8269230769230769 0.058447574924778624 0.04326923076923077
0 0.8494008553994612 0.7091346153846154 0.08008219030939429 0.04326923076923077
0 0.9326333460341806 0.7608173076923077 0.10959969280663327 0.08173076923076923
0 0.8607006949347363 0.6814903846153846 0.05570805444538989 0.02403846153846154