0 0.7621302122881404 0.04423286539413228 0.13439342157756548 0.08846573078826456
0 0.07386067245704925 0.6529796246044519 0.14447035839057143 0.158875141773316
0 0.9419604751523439 0.31448348815586596 0.09352803696218086 0.12978724906912398
0 0.4306673426637949 0.9188753679167172 0.20393712287633278 0.12596695543215256
0 0.012172171578833078 0.1832013394565944 0.024344343157666155 0.12878962877911887
0 0.2079238792467007 0.12719788296330264 0.12768539460434114 0.160397126256534
0 0.27569312375201416 0.09722812858848255 0.10845462537357192 0.15938928434724473
0 0.16834160652081062 0.33101066346629693 0.10057173826094817 0.12054980516972282
0 0.09068697177942336 0.17056753992298412 0.16690220029835057 0.20568204084434333
0 0.7492778789972303 0.1396547237605964 0.08859446678241029 0.12232375013026321
0 0.8289946022747436 0.2507560110307325 0.147293797451346 0.18303958355043862
0 0.6644907885926107 0.8693956693819695 0.05667311813132487 0.08222446856612955
0 0.17321559128790534 0.6021413578962677 0.08332522227709681 0.09562948196063313
0 0.6805523838669733 0.08681776606638533 0.05658919954993936 0.07741677625843739
0 0.8312278814970042 0.4667872142802334 0.05646332167786083 0.07020523779689893
0 0.776892940814672 0.7590332707112487 0.06160668831109571 0.08968796750499035
0 0.8454086394914648 0.8238894591746905 0.10795111388525805 0.13054313050109093
0 0.7525607642413606 0.7771199961747833 0.03710667457501306 0.061985857426071024