0 0.08667971337174206 0.8514950746722756 0.11583908697534663 0.11555447568354701
0 0.5656546115673856 0.07453028509877184 0.13780958516198893 0.12326956540758557
0 0.4141823003799973 0.9698160674824254 0.11863148247087671 0.06036786503514909
0 0.9234455888545215 0.3752418894639965 0.12870133867699268 0.1854898147061967
0 0.02593830534031487 0.943398720043109 0.05187661068062974 0.08872051700929481
0 0.07921164821556648 0.05598884323098297 0.11689940192108464 0.08676427197767103
0 0.07293520805636665 0.29408151274230776 0.14172158999760925 0.10415069645737193
0 0.06515898310823788 0.3659171466563035 0.13031796621647576 0.08262798135331209
0 0.2652758614885826 0.22034859875411344 0.10706009543768201 0.08173277910886757
0 0.9675414490683818 0.12599721635774655 0.058199445822695796 0.06378685322638897
0 0.09071388814684246 0.17173713452740394 0.18142777629368492 0.13394800268824802
0 0.20128391614564198 0.8192689620345621 0.11130798307532924 0.06982544862019242
0 0.3273145838942039 0.8775507560778849 0.1640279709862786 0.11907732464294878
0 0.9062958605360095 0.6142847064209944 0.07642256664738384 0.042599838963995836
0 0.5366898689325276 0.1797400144652248 0.08246182922917537 0.06915404693685907
0 0.13300153655639219 0.7611280482809831 0.07172683527370069 0.04489178483728624
0 0.5418463434537327 0.8440408050309299 0.06222341159232496 0.04707183043002143
0 0.8209790274896043 0.7410441210225969 0.08385802697694035 0.04757538169252156
0 0.9001346952381662 0.798234887330503 0.11460751670124754 0.08911216799123932
0 0.8342298285329341 0.7148815640316781 0.05652003181256076 0.027729160918696587