0 0.8215729808331187 0.5822399305938215 0.0813903952920464 0.07374290609869555
0 0.8517608041144883 0.6345627457141038 0.07929464006019825 0.07842461816772656
0 0.634146318752306 0.4039943673257743 0.12416520666155588 0.14306628222496634
0 0.8534230211687522 0.5338531677298876 0.07192905613766079 0.07564283129789692
0 0.9377278235227288 0.5641736483688552 0.05060253167504341 0.07931670145763903
0 0.32109654534741566 0.6719567729542734 0.13424272765993736 0.15078174164114946
0 0.46966225621148633 0.9145290496829073 0.08672110520487294 0.11954196326043351
0 0.8911000332225897 0.6001581289379327 0.06440942675412459 0.07045719827422112
0 0.8837630475054647 0.49033708729297665 0.07433290229150694 0.07576881153655808
0 0.9236469629440307 0.7278241571883854 0.05719788829258613 0.0700792575582379
0 0.8877913004798816 0.046116627962594775 0.08400916812902892 0.09223325592518955
0 0.6728605941306736 0.7158116976324221 0.08231466805804043 0.08816598302177261
0 0.7978481374336236 0.8589971888827821 0.07929464006019825 0.07842461816772656
0 0.8328916374052298 0.21868713947943494 0.15874332558139578 0.15925308248929942
0 0.026834790967429547 0.778735506036419 0.053669581934859094 0.09209181365883651
0 0.9018366333730856 0.4139230421341864 0.06952520998381463 0.07551685105923575
0 0.5750297916773147 0.08058762046473017 0.12376395150069609 0.16117524092946034
0 0.13923350377658378 0.5377414326970661 0.11137574858733029 0.13041715026242975
0 0.7027726095067699 0.8472094753523053 0.0681996820569615 0.09221779389749794
0 0.9004986487491821 0.5469585629566645 0.06440942675412459 0.07045719827422126
0 0.8162602548343109 0.7586076723048609 0.07417885683050794 0.07336496538271192
0 0.9301938950364863 0.6256606956499239 0.05735193375358513 0.07248310371208398
0 0.03220655578271842 0.18681221949700572 0.06441311156543685 0.14079863792906547
0 0.9423062900445789 0.6609625065256493 0.028197688985433282 0.06616364854045778
0 0.5164275103217194 0.050342906969198374 0.12099113320271498 0.10068581393839675
0 0.8520116986256614 0.854960710435983 0.05852341621943953 0.053378314719975714
0 0.14543313245023504 0.7961600050451698 0.10727740236249564 0.1038488623314609
0 0.7071144806201531 0.6672989545298272 0.0709116191328054 0.09715146644385114
0 0.7454505718261052 0.5550842883503091 0.09966460874009733 0.13459494137681624
0 0.7890117520089716 0.5108753166007618 0.06773754567396449 0.0850062554359592
0 0.7845246073203271 0.35658312110965174 0.08098914013118676 0.10486692586003425
0 0.7807200529147842 0.43464513099032115 0.09091261566856937 0.11017853912237122
0 0.7802491446460496 0.7784632319192938 0.05633449674872974 0.09399173885803801
0 0.5027695736292117 0.5474385902667241 0.0681065178180996 0.12814950596652894
0 0.04213231386829978 0.9501116958914164 0.05858429744157674 0.09171387294285328
0 0.13484873535508188 0.8865561962917229 0.07044948274980853 0.08993992798231268
0 0.16135376667518284 0.94026990484692 0.07587335690149669 0.09980727307501962
0 0.8704773276258616 0.34249543802179605 0.06579583590311536 0.09209181365883665
0 0.9268136667802472 0.341938748567105 0.07362355620864956 0.10208513899020465
0 0.9268584064940218 0.2664695551982735 0.057968115597580874 0.08209848832746854
0 0.87725024083539 0.7602028685266937 0.08098914013118676 0.10486692586003425
0 0.8388030014765577 0.7059171380878794 0.07285332890365481 0.09006590822097384
0 0.9032285697390445 0.6725935749596125 0.06773754567396449 0.08500625543595948
0 0.9319940160433867 0.4854136363659073 0.05494808759973898 0.07235712347342275
0 0.7299528614873478 0.7595371916658933 0.06277580790527318 0.082350448804791
0 0.7435143892722242 0.8283038783374732 0.05510213306073771 0.07476096962726878
0 0.8506160774483902 0.40942007880386283 0.0709116191328054 0.09715146644385114
0 0.11202465359059352 0.7380165448982638 0.10641401081863905 0.12776134363126126
0 0.06524281782945535 0.7764048716211875 0.07935552128233551 0.11676017639060413
0 0.030341167610811907 0.8597103938352212 0.060682335221623813 0.09905139164305264
0 0.5152117282846329 0.8953714921907528 0.06416221705426381 0.10398506418940638