0 0.27138685950956215 0.17881441536757745 0.06658235036217956 0.07627461206235643
0 0.20972510667467964 0.16711757462305085 0.07133409252959406 0.07417885683050819
0 0.5159947055461007 0.29314053884487473 0.1322135483396368 0.11168383950932824
0 0.3064654243623933 0.13443642576028544 0.06876239595491462 0.06681327290797075
0 0.23842937529204067 0.05573998363006442 0.07362603840288467 0.06952520998381483
0 0.3765786631963681 0.6643931808501566 0.13724504120844033 0.12160731504671073
0 0.08149105286810948 0.6050617270920292 0.11941101560651714 0.0772597660504872
0 0.22789282324017104 0.12021213401198226 0.06373090308611115 0.056889797370588226
0 0.33679224704780997 0.09277037322883748 0.0688183460951924 0.0692171190618169
0 0.08958774418360053 0.12546397878865298 0.06373090308611115 0.05688979737058826
0 0.19846421761634644 0.3556188701195441 0.08094947714497867 0.07479503867450396
0 0.027062783930609215 0.2835463828122781 0.042487938683440224 0.07233031129852072
0 0.6187685939323718 0.0636071365036765 0.14261223491891045 0.127214273007353
0 0.3858923516745201 0.9611141353891578 0.08726581336207263 0.03679563659596251
0 0.40446261032825864 0.05232238528267494 0.06870644581463682 0.06440942675412459
0 0.857955305996261 0.24594867603713896 0.16335164805908148 0.1088787381946223
0 0.57447935965374 0.7889347292784721 0.11997051700929508 0.10129822758894874
0 0.060354964050748174 0.36928417643467626 0.08776936462457269 0.05843025198057775
0 0.27546619505459413 0.09549660940738777 0.06373090308611115 0.056889797370588226
0 0.10303470846896387 0.23775154344492694 0.06635854980106844 0.06665922744697174
0 0.1874460597378206 0.08910003796461888 0.06619069938023504 0.05944768898543335
0 0.9517352909444982 0.8146141792884094 0.09652941811100363 0.13720187443564205
0 0.14126943155224364 0.07039228633898365 0.05914701133952994 0.06619709106397494
0 0.9250402026818912 0.2837797335519754 0.13696529050705117 0.10958808427747996
0 0.011436778991560025 0.23278796327057955 0.013250133855341927 0.053654842689610134
0 0.32224436885977636 0.8640807561830925 0.09352820931698726 0.09960372751796051
0 0.23228490925197676 0.30891405708890535 0.09268895721282054 0.06354603521026797
0 0.32695607668846177 0.23905031557202402 0.12684635462916669 0.08733728704886876
0 0.3533973794417203 0.18559610046284375 0.08061377630331197 0.060371961751427033
0 0.5040563851701391 0.14223739026606338 0.09772045008162394 0.07346951074765055
0 0.43006868073354715 0.16984933801856947 0.10275194295042749 0.08339298628503304
0 0.09674634732200879 0.2778771413663853 0.08994941021730775 0.04896891282619214
0 0.4271673129514962 0.4589270583241038 0.12371515665170946 0.055933241587869824
0 0.23883710529877214 0.900722347318056 0.08301762245715813 0.060526007212426035
0 0.17485543152046018 0.8927853212652975 0.09280085749337609 0.06835372751796051
0 0.4852712071834937 0.0591810931084407 0.08771341448429482 0.056026405826731636
0 0.4635796367195513 0.019727952238974958 0.0951487535069445 0.039455904477949916
0 0.5365332685000535 0.004488987094300405 0.07787422930779925 0.00897797418860081
0 0.07768141863397451 0.18280161343953186 0.09772045008162399 0.07346951074765055
0 0.14552063727430573 0.20132487899309956 0.0831295227377137 0.06533369952011835
0 0.15233951981485055 0.13227610449498783 0.07820993014946581 0.060217916290428095
0 0.3237099636133014 0.04786752361075534 0.0683707449729701 0.04998634983104767
0 0.13498509016148533 0.31755674441320925 0.0780980298689103 0.055410223982735755
0 0.06295363075651737 0.3257838774739471 0.07077459112681628 0.050140395292046676
0 0.4271882534482907 0.09781097613368435 0.09268895721282054 0.063546035210268
0 0.3911456352263362 0.8765173836215454 0.11745477057489331 0.09633648982025769
0 0.3731457690816781 0.9306343626941526 0.11197567658386759 0.06718224505210585
0 0.30312750978766106 0.9736402422551601 0.09414165098194445 0.02283469605588232
0 0.10181787452954136 0.9095029385949965 0.08329737315854706 0.07254523798165681
0 0.0851517673001073 0.5554747900161853 0.09967669511324792 0.05439278697788033