0 0.09793112462806343 0.38566907170642745 0.08563620169658105 0.07581009543768201
0 0.06650023664145364 0.33446387033194724 0.08365297411737876 0.0805058268113653
0 0.2915028527508558 0.5538130858322589 0.13239024635697974 0.14502112362352754
0 0.06728263118931709 0.43497756505744967 0.07623112636851839 0.07776609785549209
0 0.004344031827564455 0.4065002551378465 0.00868806365512891 0.08123025895507628
0 0.5986061844410974 0.2725728494653494 0.1426365588343303 0.152680505821102
0 0.4407608839990742 0.04948951231247382 0.09443977046339008 0.09897902462494763
0 0.030846272166880667 0.3709990535728517 0.06169254433376133 0.07262252274577272
0 0.038186121293198434 0.47947836610077954 0.07637224258639687 0.0778780587895011
0 0.00997716058860419 0.24549854329715867 0.01995432117720838 0.07150291340568266
0 0.04778707025213856 0.9314541095635135 0.09161530573490007 0.11678744098707537
0 0.24301675161289224 0.2460417783304658 0.08689805742051263 0.09023317236075894
0 0.11370323113162416 0.10961862728315129 0.08365297411737876 0.0805058268113653
0 0.09622249916552851 0.7472503292620841 0.1699201036759256 0.1635274607105855
0 0.8964264861884619 0.15216638353811412 0.07049175291823345 0.09425713813038818
0 0.02941251884989366 0.556793306292888 0.05882503769978732 0.07765413692148307
0 0.3600462496185202 0.8786055910818169 0.1351242670921649 0.1762711236235274
0 0.7839442489664539 0.398007437491995 0.11931946915113929 0.13244208818425166
0 0.2100074539257837 0.11710344022501712 0.0728955990720796 0.09436909906439715
0 0.02733094692941633 0.42399562989147604 0.05466189385883266 0.07262252274577272
0 0.09765870260256453 0.2109160485467168 0.07842466323504259 0.07547421263565496
0 0.009166434785612836 0.3462921403576837 0.018332869571225673 0.07183879620770958
0 0.9012859407663121 0.7396795323581332 0.07250440179814778 0.14462594642714832
0 0.41928645566503026 0.9129542221821979 0.12893485376652392 0.1328899319202879
0 0.05930122873910279 0.11574351752912329 0.062319112013390215 0.05557167780083167
0 0.7716967281227924 0.14121740949666414 0.11460222083675202 0.10588781955793494
0 0.20996441202029972 0.295462232615497 0.07812390995441582 0.09940071324010748
0 0.1748394909007843 0.4096185916533609 0.10772085695655244 0.136689975821899
0 0.13259238526745104 0.45467919736673584 0.07226467121011382 0.08715756060285866
0 0.14076720626346273 0.6075177028068085 0.0883702224317662 0.10706009543768201
0 0.14389133422699535 0.5307625672847451 0.09840622562179466 0.11231563148141041
0 0.13430210077557017 0.18885992269589383 0.06328021445669499 0.09392125532836111
0 0.41940087073112614 0.40541011484598016 0.07583992909458678 0.12802294521824328
0 0.8672479776698007 0.014060682702269161 0.06358096773732178 0.028121365404538322
0 0.7783814033204417 0.0511291591944379 0.074878826651282 0.08967336769071385
0 0.7476266651924502 0.024239185915046424 0.08166974653817641 0.04847837183009285
0 0.055265580511254776 0.627061335497124 0.07049175291823345 0.09425713813038811
0 0.01957211429683104 0.6296924174463356 0.03914422859366208 0.10191652032796264
0 0.016440085985328277 0.703819784946535 0.032880171970656555 0.07961013933929315
0 0.040978984629807855 0.21136720621010044 0.08195796925961571 0.10717205637169104
0 0.07751205292514296 0.26332648692546773 0.07989682824629611 0.09230113571257803
0 0.02470099079230794 0.29863341381962055 0.04940198158461588 0.0847537144490125
0 0.009625465054523228 0.4864692966216476 0.019250930109046455 0.07217467900973663
0 0.184302318784687 0.2056835318454693 0.06724666961509956 0.08452979258099447
0 0.16866151808874671 0.13818156486693503 0.05919389400427336 0.07457852516358286
0 0.07327862596916063 0.5579919154424635 0.07812390995441576 0.09940071324010748
0 0.8063127667655275 0.19706236177782313 0.11430146755612523 0.12981432016238748
0 0.8516398684113251 0.15784343004805007 0.08701792271452974 0.11896736527290376
0 0.8854430011599005 0.07247724438933556 0.06370083303133875 0.09872894763605342
0 0.3969059473645301 0.06051748616340917 0.07154329935484313 0.1062763688996189