0 0.38589448501692825 0.7874326505678754 0.12609088001272675 0.10395366061076262
0 0.8289459425035692 0.37782364938587115 0.10666431180531405 0.0855569435937224
0 0.7285010307007025 0.4448611862194607 0.07513459898153813 0.05896756690257021
0 0.8662572901263695 0.8863108437898378 0.09685312821328623 0.06794512354674062
0 0.3759303014371375 0.7149983519668837 0.09218529231748203 0.07957190583094204
0 0.030994890197345377 0.8984989440545876 0.061989780394690754 0.06838672727544001
0 0.16477113634140175 0.49327961724299685 0.27862406771776105 0.2100657878891871
0 0.201680268630983 0.6235534909012237 0.10641257026391575 0.06392232820910702
0 0.09925107990993422 0.6547295596696358 0.0798863487244752 0.054552323079907254
0 0.9329127096900722 0.31770331465004803 0.12600696616559376 0.09674212214922442
0 0.9585612040958744 0.003987515833544231 0.08251396513734204 0.007975031667088461
0 0.3751776030088842 0.4701003806383479 0.10660836924055908 0.0807492512860301
0 0.3746987229472088 0.9240348552302416 0.1693041682172023 0.10267800466833449