0 0.11700789163927111 0.33855851693255024 0.23075163748642075 0.2416292953201323
0 0.5069275717476462 0.5572611715554973 0.17400087624915941 0.1860331600897452
0 0.35175314486789355 0.4721895499272905 0.18328007426866166 0.18128140845331203
0 0.2419079316068103 0.6158399346937458 0.17897666185479277 0.18846497657922093
0 0.1963782379567793 0.7682813805296619 0.14621382217332266 0.16664855401301318
0 0.2090593653770498 0.12265988845646986 0.25573164547992866 0.1865086557954483
0 0.46490968410512906 0.2467944107622513 0.26307721060666805 0.3259177475507104
0 0.4052184100867777 0.6877323579792429 0.15878787281904722 0.14029015732759448
0 0.6456700388039937 0.6193913659635546 0.14503716908773476 0.1498216309360901
0 0.6746067960747634 0.050818817323772615 0.2950171770812426 0.09542822013777558
0 0.8307562760758626 0.15633711642748646 0.2506042399262841 0.2849964222640666
0 0.6578062629220552 0.41144468848804744 0.19217254570961154 0.20536182549521806
0 0.9364002768212975 0.4166727371853331 0.08013332293388832 0.1494440314050906
0 0.7607684476089571 0.4865932518089441 0.17265612986563036 0.16680239085897597
0 0.07674730691661064 0.5606345828070235 0.15349461383322127 0.2174230117678932
0 0.5373123952330453 0.724573219684564 0.09958272544526937 0.11831989791542369
0 0.05406238840308313 0.7204903520377928 0.10812477680616626 0.13292478202009322
0 0.8777746593489085 0.30931699122427236 0.17539616261535876 0.17162406833448307
0 0.85495571417018 0.5496666436893508 0.21587482065219085 0.20069398486567364
0 0.9120767286360638 0.6269533349756125 0.0998683720584813 0.1567674512091475
0 0.742740161421551 0.6584332888894071 0.13179074525024576 0.16656464300612447
0 0.8103505336588251 0.6888869356791131 0.11121522963594763 0.14722199243283696
0 0.8651852552861338 0.7300879643220528 0.11193814281038236 0.12319751606219007
0 0.9025794573023901 0.7627706426679202 0.09633841280171723 0.10628668197837826
0 0.6322308116436682 0.7599953882118324 0.11294670259802905 0.137620592985267
0 0.6345088678072783 0.8477847209145687 0.0911945338981429 0.10145101933505611
0 0.5545430782048911 0.8220688405934811 0.09410265994581234 0.10867654296440978
0 0.4564896657910222 0.814283910251536 0.12032633435750863 0.14006639464255735
0 0.3374487411929673 0.7799238131230427 0.1436418827215353 0.1642307226913524
0 0.14870507477477887 0.8653994019075797 0.10785336367712481 0.09914506935591359
0 0.2782858971268946 0.8865942858611783 0.10612189071504324 0.10874646880348357
0 0.22503158848009674 0.9259640588755291 0.0946069398396358 0.11588808142594823
0 0.5589475705841007 0.896644012033971 0.0898497875146138 0.08222025010428716
0 0.4844283398148699 0.8962104718317124 0.09566603960995292 0.09667129736299365
0 0.8392307541377192 0.8261299291333807 0.09085834730226047 0.0966433270273638
0 0.7139028042168021 0.7785067226552891 0.10936620335859495 0.12077968474052898
0 0.774024228054291 0.7956902675114894 0.06939182521558634 0.09892130667087702
0 0.8968642851723915 0.8445014118986893 0.09532985301407056 0.09186360505530135
0 0.6876708931301407 0.8613205410365554 0.07783055674538329 0.08215032426521308
0 0.6230109502482412 0.9090408423342015 0.07593099048536035 0.0893478775589369
0 0.07869965302506338 0.9545996338493116 0.10975292993714758 0.09080073230137678
0 0.18852015626125138 0.9657595781530819 0.09381701333260047 0.0684808436938362
0 0.2954913101074052 0.9660812370128221 0.086605474871062 0.06783752597435576
0 0.42440799594272155 0.9463625896188339 0.08090677609099377 0.09177969404841235
0 0.8085020673479126 0.8872741692104948 0.06446657959262307 0.06284962919537006
0 0.7365212693641688 0.9193205224207888 0.06513895278438753 0.07246501381075468
0 0.6791651482677435 0.9141771860855413 0.0651389527843878 0.07246501381075468