0 0.808474994111645 0.7750058421831307 0.20376013866023804 0.2295121683761979
0 0.48738464806983683 0.4366563014126531 0.15414443043608578 0.17634784963528666
0 0.6162316109379098 0.569595068600561 0.1636199254926314 0.1715960979988535
0 0.7538140130331612 0.46584589322541886 0.1590220675231975 0.17877966612476237
0 0.8328997424727805 0.3341168430534909 0.12721250928784153 0.1593670897124008
0 0.6689654974916928 0.9342166909841206 0.23949383072441568 0.1315666180317588
0 0.4556470571686982 0.7501204766367245 0.22543897517069011 0.3137586651033316
0 0.6144644939801682 0.34366150047465216 0.1432000950117304 0.13061883204095048
0 0.3677555117035497 0.3314107130813278 0.12912674198575103 0.1425541518032925
0 0.19820920945144532 0.9060480164218349 0.28551663154459006 0.1482708800189466
0 0.1050481044310487 0.719239480873518 0.17610304606421584 0.270209730977805
0 0.3085871374621033 0.5281484981657129 0.17153091174836482 0.1956765150407594
0 0.04136626936224603 0.4304562835522391 0.062028884016317266 0.14937410556601668
0 0.22741953955735467 0.42312667251942426 0.15591877357515627 0.15472721941848605
0 0.9161618546599842 0.5821954851892552 0.1676762906800316 0.20534784032740314
0 0.4968066732644188 0.26486521241954186 0.08742202001733232 0.11347025010428716
0 0.954765089225694 0.4298029874406908 0.09046982154861201 0.12799122320206757
0 0.08346493635359899 0.5556800462372758 0.13923174005707223 0.15943701555147471
0 0.1526462533240287 0.33136096363882656 0.19535953894856786 0.18860482825736893
0 0.09198129250639185 0.2288618580728099 0.13174042247785572 0.14977967543264575
0 0.28523323933624756 0.2624325945749167 0.11278943236476448 0.159283178705512
0 0.22723904196334346 0.21042125082357666 0.09547289583190487 0.14235835945388536
0 0.18349305956496753 0.15248420269451005 0.09717729419155594 0.11833388308323861
0 0.14486952098167175 0.10539243259338069 0.10863696672543065 0.09917303969154337
0 0.09535872992664872 0.0558338830832386 0.08714224089965429 0.10385486548890249
0 0.4144242904559557 0.2006947862208231 0.09759696286807304 0.13275696000631554
0 0.4323389707045457 0.11427519860878732 0.07972086809985732 0.09660137152391965
0 0.5023174264569708 0.16515454512227826 0.08233454859196189 0.1038268951532729
0 0.5947826967738367 0.20414751996077898 0.10487844610903106 0.13520276166360606
0 0.7002464247718065 0.2768642667921999 0.12473871835457583 0.15694925839073987
0 0.9015050262903982 0.2552024824271043 0.09881174777178742 0.0919055605587457
0 0.7819329728767391 0.19321913228110235 0.09435377936119292 0.1038968209923469
0 0.8426015467850405 0.17194113867576427 0.08254438293022058 0.11103843361481136
0 0.5158091106846757 0.09192814102076675 0.08149521123892793 0.07498074130711906
0 0.5874220200173323 0.11637916500976478 0.08679251700255665 0.0918356347196717
0 0.23152576151605395 0.06864327583400537 0.07958097854101825 0.09179367921622734
0 0.33981300434438705 0.15579708475631796 0.09710734941213639 0.11593003692939245
0 0.2858792172684791 0.11943171875670013 0.058086252715241926 0.09647550501358647
0 0.17409112237850594 0.03586270131343458 0.0981822447570119 0.07027094517413032
0 0.38458966096180175 0.08395441091332188 0.06721202387468986 0.07970452260792257
0 0.45717254847020466 0.05914057391628855 0.06742185821294856 0.08691606106946104
0 0.9715606530035719 0.1751141690594242 0.05687869399285635 0.11813809073383144
0 0.8906563592990453 0.1301605269236599 0.08445861562813005 0.09422549570570307
0 0.7863467201614972 0.09710724163070059 0.07951103376159861 0.08938983306238119
0 0.6550922980489136 0.08793158844633263 0.069895649146214 0.08933389239112201
0 0.27470293694294684 0.02443084759242526 0.059021258501278324 0.046008720950632034
0 0.35038911839939096 0.023669457301668275 0.05654746756801274 0.04359088962897109
0 0.40358848529139413 0.03479443868590149 0.05717697058278827 0.06522550501358647