0 0.27001582916957817 0.19356467165781147 0.2121556843144992 0.18159850564448007
0 0.5718149625338085 0.556573964783827 0.16332349400510524 0.13637029037696033
0 0.4539757286436624 0.4112474019879336 0.15632175199703097 0.14809567347144784
0 0.57194419392925 0.2887410170798098 0.16581125874033703 0.14127593190956708
0 0.7126172365121202 0.22841425211899308 0.14848082417509983 0.1117441334890121
0 0.07620033216575822 0.3057741175195916 0.14564521852997067 0.22452900426995248
0 0.25575115259373205 0.5460974878614233 0.29645813686188593 0.19464211313187035
0 0.6791339572898598 0.44324219297897294 0.11760845779133543 0.1321054089497398
0 0.6641830357097592 0.6876509068719651 0.13173781967956252 0.11586618122230327
0 0.07124515858609203 0.7787930890902545 0.12008405594221243 0.27393233202666284
0 0.24538596028350487 0.9089813571803508 0.253230865383348 0.18203728563929836
0 0.4605694205746143 0.7201906073696217 0.18040217282618526 0.15147901187443852
0 0.52905470279052 0.9861258156181336 0.14498603646324015 0.0277483687637328
0 0.5570948170525185 0.814203832522973 0.1417727972018755 0.14029643966042252
0 0.47508920641798064 0.10703638192353095 0.19018539460434114 0.16148619338948084
0 0.7437948607605406 0.5695869497498255 0.10702800949001556 0.07642515051162026
0 0.6307727559936274 0.08095115846604703 0.11714690559371431 0.10566310125743199
0 0.408086148220395 0.9380040080721954 0.14662244880026057 0.12399198385560914
0 0.6402731818121905 0.9004667984777566 0.17124834040842174 0.17752952266708824
0 0.7352400012422825 0.9579591711312176 0.138949358141101 0.08408165773756474
0 0.7234278371577016 0.7789439959622195 0.15067487387548192 0.09982285194469562
0 0.7689899325618691 0.8432560566231369 0.13591612262686242 0.08000438736443982
0 0.821511810683418 0.8934388880357206 0.10959969280663327 0.0861384843519193
0 0.8643343856081966 0.9384222302409542 0.08821683316617496 0.09968001825076638
0 0.9085477004180161 0.9775266274340242 0.09745458416532397 0.04494674513195152
0 0.7994129133323674 0.6595311919257854 0.12398081043901718 0.08432233354755972
0 0.8869854607849805 0.653490954019778 0.09011716783170698 0.07093181362952695
0 0.8448193381581183 0.5773065864270016 0.09732870629324544 0.07122566130427024
0 0.8155177154065206 0.4812282472635624 0.12651053446494187 0.09163182123401288
0 0.7546723776200732 0.36704964509931226 0.1460350187305609 0.10924233811025151
0 0.7981067157832611 0.17184427036975938 0.08324130369571109 0.08986873518555277
0 0.8471426192539417 0.29755235717866807 0.09517661588355636 0.08555078900243274
0 0.8749817501234678 0.24103544018533374 0.1045402447547839 0.07151950897901359
0 0.919233670700617 0.5743333970147341 0.0685664710284771 0.07485796291298914
0 0.9023289123344855 0.5003794193604825 0.08303150724224705 0.077849504416322
0 0.9109637131562172 0.8574485224315508 0.08530947552401467 0.0707359151796981
0 0.8356323595106535 0.7390764556870446 0.10723780594347988 0.0884443812808513
0 0.866666479765012 0.7967912056138601 0.09214338036931753 0.04939514746982573
0 0.9444855981458073 0.9200689138909729 0.07602976523417262 0.08957488751080962
0 0.9119050674279916 0.7049512154996918 0.07312240759201262 0.06063078443974108
0 0.9455440172286687 0.6366599407994127 0.08029198676285833 0.05852078596063841
0 0.8880052741005122 0.0926336486088161 0.10959969280663327 0.08613848435191941
0 0.9222824263225735 0.19852327083746885 0.08779724025924633 0.07564155671230477
0 0.9433803839891737 0.3062780184829383 0.08290562937016852 0.07063796595478354
0 0.9384556268703945 0.4369937861928103 0.08273779220739695 0.061022581339398925
0 0.9643789029666703 0.8211908415305873 0.05376576048916485 0.05263565217888719
0 0.9741177475625936 0.7473572553357578 0.051764504874812683 0.050623602924698745
0 0.9633150243461804 0.6914321238353524 0.06333918581385671 0.050623602924698745