0 0.4153490827881669 0.6066486751673152 0.29257354894943594 0.24733083006665688
0 0.5277959240697351 0.9118779902891385 0.23893366633234964 0.17624401942172285
0 0.5744523145552793 0.7764769132482929 0.2242168743744229 0.1844920979228985
0 0.9029759278168612 0.8126835209106537 0.1540018244245703 0.1528054165542257
0 0.8154094636564254 0.7502631180445026 0.178711634614117 0.19224644726490844
0 0.7705634059628502 0.9157694269077669 0.2245525486999655 0.16846114618446634
0 0.666833178070134 0.2890042422331613 0.277898716282202 0.23232005779409326
0 0.537253532092438 0.0903522925405374 0.26200706418487596 0.1475977470599912
0 0.8893269917573364 0.16835480245496992 0.21679553945942012 0.1721790194789244
0 0.8918147564925683 0.41364505937219204 0.2163704870148635 0.2157420979228985
0 0.3037657604891648 0.06282237156998974 0.23733921328602195 0.11056056250315441
0 0.0664286532174081 0.6404739860191863 0.11397562562304236 0.19921720280760316
0 0.16922423388507632 0.8872783657791401 0.20941616383511039 0.16226978718879628
0 0.05757734889548605 0.8214746245099984 0.09014696053804497 0.21025694132768918
0 0.2148465384564688 0.7486123502774291 0.2243007929558084 0.18929979023059082
0 0.3967565159787817 0.7800459782969315 0.19064694680196226 0.18792850108178855
0 0.6847835651802229 0.6980988598991225 0.20245638111772893 0.1763990164371299