0 0.44611723055227814 0.5447310453124652 0.2226532523746433 0.2818787477707974
0 0.1295625114917371 0.41498001551502867 0.2036033711304839 0.22773227666225032
0 0.2946318809544864 0.37752698158461584 0.16430059551965775 0.21475194344971488
0 0.2935688940042734 0.059984733922899075 0.1415850123977206 0.11996946784579815
0 0.34634726469964355 0.13804462604188097 0.17692133285014222 0.16814718538404527
0 0.1543098143262817 0.17180144674821965 0.19272613079116777 0.21246796258988573
0 0.7937307111581902 0.3096390336395313 0.209582475168803 0.26880797056495687
0 0.9577801355762104 0.44901906865712427 0.08443972884757919 0.2557077720584043
0 0.9312495639817663 0.09958417762592675 0.13750087203646735 0.1991683552518535
0 0.691855472341168 0.09077107344277122 0.19795444167350398 0.18154214688554243
0 0.9663123723631049 0.6860082240982923 0.06737525527379026 0.22968608294074055
0 0.37048216051709226 0.9122628855213681 0.18882069832535586 0.14056288726182287
0 0.13816721148482755 0.776352953744587 0.1442285891396008 0.20345408453575467
0 0.18747438889380164 0.9246406221270658 0.19906701080270628 0.1486156628726494
0 0.2812865016319786 0.7371869341693025 0.16910828782735005 0.21517256202435867
0 0.2713126111801271 0.5539688532586899 0.17076134082521338 0.17953548829131025
0 0.3846720471256404 0.2715485315736474 0.15760011962606799 0.19269670949045553