0 0.5866829017350687 0.5640237744856091 0.28255062060677605 0.2382973802310476
0 0.4598788150869599 0.880670900742143 0.22947021287275354 0.20187196882665587
0 0.4211173968725527 0.7277014977569751 0.2149072842715286 0.17707762585622733
0 0.09175551087609264 0.7509704058381691 0.14745974028568837 0.14951171763525378
0 0.18221440792115637 0.6921596084268373 0.1717079793413719 0.18682921232955743
0 0.21836220246449545 0.8813126839583585 0.2150611211174914 0.20351993354853504
0 0.34828418018015433 0.23527564450557092 0.2680436326768104 0.22311842187600384
0 0.4851993235459236 0.055518318373589975 0.2555628913696913 0.11103663674717995
0 0.13156122815815044 0.10484993302748252 0.21004365129257715 0.16721028076352062
0 0.1133008253802107 0.35212602546734134 0.2199107689286281 0.21098343248739607
0 0.7208391798780133 0.03821302839023271 0.23139856332089656 0.07642605678046542
0 0.9396567016516391 0.6128123717101114 0.11408559748813801 0.19582491737092056
0 0.82049070108342 0.8557642495583543 0.20276218699196463 0.1548131092783064
0 0.9446034442823298 0.7951897288057661 0.1021223073901664 0.20481040079299936
0 0.7804574339530158 0.7148770674617477 0.21733910076100435 0.18201129840258107
0 0.5976882078377266 0.7376727194461494 0.18129539362112682 0.18252544097650977
0 0.31466369423554635 0.6443653106850891 0.19324469855128365 0.17113611140058482