0 0.6665262032797705 0.3798899659241465 0.11121435431597139 0.10519714550868929
0 0.5556059869614883 0.3557000376997873 0.12966022657668191 0.09726423519188014
0 0.519865423344657 0.8817658587685193 0.1296110713330119 0.12590007975071196
0 0.8743589981714595 0.8943299335887479 0.16454057342928616 0.08599579757863214
0 0.9424902391767092 0.8205026533740758 0.11501952164658172 0.1152331486987178
0 0.7021175158708455 0.4748271783507135 0.08241735571348759 0.07403758950199418
0 0.6998623256445071 0.053924721307621666 0.1794540125925669 0.10784944261524333
0 0.7475707827599872 0.18638144058511535 0.1180334442924805 0.10102038106296277
0 0.6242141111995269 0.23227844740028608 0.086636375293636 0.06724666961509956
0 0.6564454307781831 0.18224880809045704 0.09002134266005547 0.07947620967165227
0 0.3461782254095983 0.03353507090541334 0.19235645081919658 0.06707014181082668
0 0.18271430655506504 0.7405813040671655 0.20722073473880723 0.19951705067806239
0 0.20790533756069668 0.8267443690276355 0.1092521118908247 0.08115868397022788
0 0.16645108185168517 0.8824229377944446 0.08742127226369469 0.07686205423048438
0 0.45192049816399926 0.7315548954538469 0.15247218741638535 0.11358009570085469
0 0.30352085642716636 0.4261748998764962 0.15831015618032115 0.09738410048589713
0 0.9152743314948458 0.6244388151953009 0.09242518881390155 0.07968651895897409
0 0.7001540832492015 0.8066778128754998 0.08943266993251123 0.07226467121011382
0 0.329325137782177 0.5050212717317669 0.08722504802118003 0.07445820807663796