0 0.3967554337634303 0.5976242770575225 0.08279367796111824 0.09372427634641713
0 0.3932623917274856 0.48478339738559223 0.06862234257943975 0.1149392230545154
0 0.9142117106938497 0.5284996110207895 0.09976045744992927 0.10623312057158457
0 0.8848175906453903 0.8862051850508481 0.09783212309650252 0.1470285604075496
0 0.7761270449983276 0.93382385397088 0.08994927385790145 0.08912641837698324
0 0.4826785270895845 0.6479908803830354 0.0560996287274121 0.07132026838818707
0 0.052952438427274304 0.5788851438374876 0.10590487685454861 0.1546597675456052
0 0.19191104196252157 0.6480407371543345 0.07566605334671263 0.10072598046969716
0 0.26051939890077264 0.5343034371767421 0.04894403283062888 0.07591812635762096
0 0.2049652101797238 0.5587487055649294 0.060963263599859645 0.07626785025471851
0 0.06712419484160978 0.22032737062760346 0.1269300184840549 0.1695025131451991
0 0.8390245374088123 0.17503855797240245 0.15583211489496415 0.17514954280592548
0 0.9178899343265049 0.21239384179002022 0.05640731283356578 0.0977625760804949
0 0.9747439456127984 0.17950013947366175 0.046540186676782724 0.07584818157820142
0 0.7794852830142686 0.43870149105799167 0.08086534360769147 0.13451971618238218
0 0.5089703609900715 0.24712099275287527 0.05939855591734181 0.14831329009068364
0 0.589312341416579 0.8803853159963708 0.05861536001076873 0.08100559778299125
0 0.8077423557998646 0.6950037473870765 0.05377969642069894 0.07846186207030624
0 0.5806382050874144 0.28348418783182844 0.05615557129216734 0.07612796069587952