0 0.44417562401681165 0.6436407079406449 0.1069693114404977 0.10199141818561613
0 0.5564631886730856 0.6420459396465267 0.1254298533662722 0.09154198135650277
0 0.3928729582871911 0.12293825689101569 0.12262475205156625 0.12239953287147338
0 0.06832144450123562 0.1705747664357367 0.12277879751256525 0.12480337902531956
0 0.046715427322032696 0.2812008447563299 0.06416221705426381 0.10567092028189055
0 0.3753902007269231 0.5591138424370831 0.07867845821620251 0.07098679767180098
0 0.5423569745577445 0.9585943044364099 0.17325956674333462 0.08281139112718022
0 0.44187555639322124 0.8502979426719919 0.11371871351903942 0.09536855245162183
0 0.5375995491807952 0.7768085916268388 0.08302401414089808 0.06416770769529187
0 0.5268735633216933 0.8333235538640584 0.08619808759973899 0.07638316270703718
0 0.8910544132237295 0.9378176246060682 0.18968523465939777 0.12436475078786366
0 0.7577022730499477 0.18141427135688465 0.19874531865292375 0.19078626014691344
0 0.7025231172587104 0.1039762545717689 0.10527481136950921 0.07554911049330844
0 0.721615982536843 0.06607881121593939 0.08265504199676298 0.02109470116857571
0 0.5112291771445614 0.2533588028159212 0.14798874151688132 0.10773107646221164
0 0.7623646917823789 0.5153772401208204 0.15637176244427417 0.08928520420150111
0 0.12053776870545592 0.4629853673694036 0.09085173444643228 0.07437176503822038
0 0.2531238065280978 0.23707238905328656 0.0857359512167421 0.06917162424549879
0 0.7100515185279845 0.44534698603975775 0.08348615052389509 0.07137924615683033