0 0.08228761627137124 0.8357250878032224 0.0900092504927409 0.07854982439355523
0 0.8634190274826671 0.6933446316130448 0.2580611872486489 0.18472086021386017
0 0.2485349223737446 0.6810292851699582 0.3297353559826926 0.2816057663661127
0 0.820432834826854 0.31351060603552416 0.26359331170005207 0.148999050708195
0 0.8786783193345117 0.21925346790513606 0.15709302093241517 0.07687703823811522
0 0.9628886206012648 0.2619299328797981 0.0742227587974704 0.08816520900893977
0 0.4519626659022957 0.16083359229072203 0.22658726538063073 0.1784576757640508
0 0.12999883120013897 0.3601224514861918 0.23267919450207913 0.15475509702761633
0 0.8831368731307865 0.12242785614723581 0.233726253738427 0.15531490169766135
0 0.7703507348687638 0.8675181446875773 0.17224715785389824 0.14474453521585262
0 0.38785598014485534 0.8275156645686934 0.21836807851301124 0.15648717757740863
0 0.29142885951068176 0.9295737930278409 0.18325874021704797 0.12366972450128234
0 0.1342271915716052 0.9164185614307344 0.19008172933690243 0.16716287713853115
0 0.89921652287047 0.5567699306525026 0.14893312845914755 0.10767919450207913
0 0.7531417121558998 0.5756187783962831 0.1329425984599446 0.07335358274417886