0 0.962984837993809 0.2321372158616602 0.07403032401238199 0.08216062259704142
0 0.18953972849574086 0.273187526691655 0.262764445174949 0.19405938878950568
0 0.805530671766425 0.36415181155408105 0.33779629124191857 0.2898728610046292
0 0.23103178481239317 0.6566314288411851 0.26787586221329096 0.1584638328648103
0 0.17258016529346137 0.7426934548939437 0.1580463966925469 0.08197429411931786
0 0.08196961473304151 0.6877919494136356 0.089174906800287 0.09193005267342504
0 0.59822352958477 0.8549879490302992 0.2312344289851896 0.18724910548882706
0 0.9017373013496588 0.6985156527245387 0.19652539730068241 0.16367278033336255
0 0.16488933119505836 0.8367981279353724 0.24185357880562253 0.1639808712553603
0 0.28437647359390467 0.11282119655280193 0.17638970027225728 0.15020625919300382
0 0.6666924573389879 0.2007852797370605 0.22262280957485328 0.16274850756736858
0 0.7633255991296983 0.11238028875259304 0.1871488581875701 0.12934187111338322
0 0.9111977004025721 0.14371976818014262 0.1776045991948559 0.17245705642161502
0 0.152909027962854 0.404953070278559 0.15265496346444538 0.11276215773632085
0 0.30018553404487336 0.4048114815146101 0.13386792705920553 0.07802999335548208