0 0.9665737036945004 0.7079850214086889 0.05818178856582534 0.08884399720496762
0 0.19266110866637193 0.7495346121137971 0.2679876920055512 0.22130012168835916
0 0.7978437637425306 0.5944149843521268 0.3454701756412199 0.3237331436026747
0 0.17925975034892458 0.368598531228604 0.27018176064217536 0.18543865362318152
0 0.10883576968398093 0.29025253099817133 0.16156115834902499 0.09968548578694444
0 0.03516264156754533 0.3516239440545877 0.07032528313509066 0.09963672727544005
0 0.5218016360432436 0.1352058426376747 0.236681751334292 0.2091338219202838
0 0.8694992405303258 0.25458986593458605 0.24134959196383632 0.18548780886685162
0 0.10541960157386086 0.1956930564062776 0.21083920314772173 0.18553696411052173
0 0.3095335417129643 0.8973715473075015 0.18118351227860854 0.16856297203475415
0 0.6814941717786944 0.7696991326082157 0.2269265150407594 0.18431046341176363
0 0.7915676288142848 0.8472112789910023 0.19067303038366007 0.14771325362019747
0 0.9203901681461832 0.7994536666318522 0.15007336395675652 0.19005051842052503
0 0.13692592311298632 0.6243381895051995 0.1545174419012641 0.12794296690555418
0 0.284783439326247 0.6086646293597782 0.13748074130711913 0.09051170490025921