0 0.40552243207789374 0.42756631389852906 0.16838781955793494 0.10767127797090809
0 0.16612226760792628 0.0848207538681808 0.20260147038182613 0.12008210669342537
0 0.07574766526493458 0.41411886359741223 0.11835489406320178 0.11669926565636296
0 0.1662014455663639 0.44760572412230676 0.15156089648101187 0.10747547899426489
0 0.2821195323511959 0.4861939754198585 0.18454297703080397 0.09344400002447437
0 0.32318581949211767 0.5683582995274807 0.13590624928383585 0.08086534360769147
0 0.17230663039720262 0.6302700605322369 0.14848528472311168 0.0930244307888102
0 0.3317475170164595 0.7005978092713967 0.17319551186562726 0.10772722053566333
0 0.5661982028985972 0.5759910913553112 0.2210485130745323 0.10347895387552314
0 0.4966315864955914 0.6556668133966403 0.16246051791015256 0.08357687386769132
0 0.26078801679303615 0.8535348964402784 0.16643181714012487 0.11725869130391522
0 0.14788956129909991 0.828195770271258 0.09688490615225233 0.0683985723204188
0 0.18747733695542365 0.9546485928242656 0.17973528472311168 0.09070281435146874
0 0.3077256251147359 0.9565777692430064 0.17000793917371806 0.08684446151398717
0 0.4968457447305189 0.943974509805102 0.18029508939315683 0.1054072882289499
0 0.9123141170368984 0.9010023457620923 0.17537176592620332 0.12746147284922943
0 0.8800713813038814 0.634901833961673 0.20316127505187118 0.13210133746265604
0 0.9204196860068351 0.4179411539685258 0.14893312845914755 0.10263981540419483
0 0.7973526690821644 0.4837803539513938 0.13942970477777222 0.10493177642853063
0 0.8329755952142588 0.24273925549621864 0.1609523592283783 0.10277967181608293
0 0.6465162047448635 0.3402751539318143 0.15262121142674992 0.07865729643048856
0 0.5889688191110884 0.4200907323850314 0.15754086466845124 0.08111708514908991
0 0.35722803683869553 0.0870444708172006 0.15614466692068624 0.10272372925132772
0 0.6515575825536644 0.06163878470349245 0.22138439587655942 0.11069049233706159
0 0.8028089295024775 0.136676326262023 0.18784251065672208 0.11270274053762122
0 0.6510044057383144 0.15292899598489107 0.1504412871409218 0.08343701745580329
0 0.6111532973837062 0.2773975416197165 0.14049001972351013 0.07611359386475441
0 0.2827517089760312 0.31922456721587245 0.2495061175790022 0.1470558687509076
0 0.220999160462223 0.20558647284922943 0.12617890373444224 0.07834961232433492
0 0.23153325189216056 0.14804800720999858 0.10845629318544706 0.05892304411692241
0 0.818931125850823 0.044366005239155744 0.11382379016318439 0.07099821745090841
0 0.9537540408464399 0.4833344975639801 0.09249191830712014 0.06621849642559373
0 0.9441123229612269 0.5409009344855886 0.1117753540775461 0.0808933148900691
0 0.7627637246259796 0.7212296688169885 0.1086802150534653 0.06373073642461471
0 0.7644168053662863 0.7825137600988766 0.14116178532756424 0.09053667078783133
0 0.6152894022362966 0.7014945744381083 0.1688356632939709 0.11728666258629271
0 0.6233736088274262 0.7976903775155209 0.12567839345874934 0.11918702565734197
0 0.5504514783314977 0.85690543596678 0.1532929770308039 0.09308037335356545
0 0.44627603390822157 0.8641021467218157 0.1295903982943694 0.10001219899132799
0 0.9160830349266119 0.7890836431963582 0.15077716994294887 0.0906485559173418
0 0.8933814767415633 0.7143406421681066 0.16061647642635152 0.09556813335454432
0 0.3473955363589403 0.6238985026073407 0.20399766812959116 0.09847546259118743
0 0.5384747941709288 0.21288445135384285 0.1456335948332295 0.08338107489104811