0 0.3399700737171058 0.5666248008268012 0.1744265553810186 0.11587596028857441
0 0.09183030097906045 0.9024675805454678 0.1836606019581209 0.12607877497365869
0 0.03598028917341455 0.5687464747756034 0.0719605783468291 0.12212243506417791
0 0.10195344173575091 0.5395707298960842 0.15741747973461398 0.11317839909987858
0 0.22109011617003144 0.5038818581436358 0.19016056304105228 0.10174659840034746
0 0.26685568878612576 0.4226606836933579 0.13858687839339368 0.08644237637272106
0 0.11940280624711988 0.3568154832677373 0.1539207181638784 0.09871336288610891
0 0.2840856185691508 0.290323267359741 0.17905209511922943 0.11355603271611404
0 0.5093709214703649 0.42202856456415133 0.2269468656266708 0.11199137237612461
0 0.44474172357901776 0.3403336713318975 0.16521133865518295 0.08930777472418833
0 0.22381015097006862 0.13533204608052593 0.17256916693561725 0.12304553945942019
0 0.10807916182178293 0.15775780469612768 0.10143627066881182 0.07138991008925168
0 0.15805217491124632 0.039034072178069076 0.18389565017750736 0.07806814435613815
0 0.27806233003407244 0.04034697677390164 0.1746445707010859 0.08069395354780327
0 0.4641961857629606 0.053776562189112524 0.1860814810112862 0.10755312437822505
0 0.8897486804949012 0.10690337912703514 0.211759315675082 0.1333322727258901
0 0.8264426670826972 0.37208172328258304 0.21212362081404515 0.13813996503358233
0 0.8518430146674406 0.5912993587723816 0.1546493284418046 0.10832874750149338
0 0.733509514828811 0.5213448776276777 0.14521609639590155 0.11056475649256825
0 0.7535736437727104 0.7634619905150541 0.16666855921103535 0.10853854395495742
0 0.5740883568298997 0.660965584419864 0.15763549505468133 0.08437420454441763
0 0.5214783897077833 0.579060894734146 0.1626253399318552 0.08686196927964929
0 0.26981540757404987 0.9063433553969262 0.16186086690334311 0.10845462537357192
0 0.5618275017322024 0.9336552653639776 0.2271290181961524 0.11439521852997049
0 0.716803853154108 0.8685328096956757 0.194021629750751 0.12101932692180958
0 0.5658900717949522 0.848360686193132 0.1531921078859522 0.08909797827072416
0 0.534678773362091 0.7216701479810639 0.1452519591464874 0.079356715783261
0 0.21083435874490813 0.6709072065452506 0.25666791956964696 0.15572215534297648
0 0.14106618734093793 0.783756014611764 0.12860718863904583 0.08146684690225761
0 0.14880483272735168 0.8400366027736845 0.11050519757575171 0.06434620879048444
0 0.7258713606527714 0.9547985358446339 0.11771673603729045 0.06447208666256297
0 0.9011412116048564 0.5268211888176411 0.1204848873300995 0.06932173826094817
0 0.8959885649417701 0.4680947952111817 0.14099072454723954 0.08648433566341396
0 0.7143740801076124 0.28281255432572433 0.11327334886856104 0.06919586038886963
0 0.7203119699910565 0.22029157468037786 0.1465270271328582 0.09618363886018422
0 0.5667376255908484 0.29859322490414086 0.17497301308946347 0.12308749875011302
0 0.5800333437547268 0.2023344805235626 0.13410762847407873 0.1223741908083349
0 0.51145200286894 0.14111423888969393 0.15872841047157069 0.09879728146749447
0 0.40779545802404016 0.13092023726560129 0.13505425407207233 0.1031853808682585
0 0.8716632013986234 0.21885006244365263 0.15596025917876125 0.09394762986910934
0 0.8443818563600792 0.2937469268291189 0.165939948933109 0.09892315933957302
0 0.29388173634574044 0.3669736088933145 0.20975563741078468 0.10688996503358247
0 0.45791849822492625 0.7842270036249258 0.14838441557825988 0.08901405968933865