0 0.40018753992677547 0.38822115384615385 0.10835096010613327 0.15865384615384615
0 0.06383027549871777 0.1778846153846154 0.119645758731653 0.19471153846153846
0 0.3939475529683991 0.057692307692307696 0.11595104790935565 0.11538461538461539
0 0.425862690717758 0.1466346153846154 0.1100830406559253 0.14423076923076922
0 0.4626118540446376 0.2608173076923077 0.09482357065512836 0.1778846153846154
0 0.5439770932762038 0.29447115384615385 0.08296896735956348 0.12980769230769232
0 0.6089468616790973 0.13822115384615385 0.09314415664499319 0.14182692307692307
0 0.6762446122047467 0.2932692307692308 0.1085748819741513 0.16346153846153846
0 0.5458901927874475 0.5372596153846154 0.10371452312680199 0.21394230769230768
0 0.6275419622087314 0.46153846153846156 0.0842005376336627 0.15625
0 0.8316055525873699 0.2091346153846154 0.11796634472151787 0.15865384615384615
0 0.807965582172635 0.09735576923076923 0.06927032258019768 0.09375
0 0.9435853012667532 0.12740384615384615 0.10902272571018738 0.17307692307692307
0 0.9403911007201488 0.24759615384615385 0.103767189666459 0.16346153846153846
0 0.9159211869334368 0.4375 0.10661887955634122 0.17307692307692307
0 0.8629804129328646 0.8774038461538461 0.1275290627972455 0.2091346153846154
0 0.5975530015310543 0.8473557692307693 0.13166498950088382 0.19471153846153846
0 0.3785757657356887 0.9038461538461539 0.10275954126037781 0.14182692307692307
0 0.44821161831508927 0.7764423076923077 0.10711938983203403 0.13221153846153846
0 0.20525190144826666 0.8317307692307693 0.10331934593042291 0.15384615384615385
0 0.3080707371029966 0.6370192307692307 0.07905696252394333 0.14903846153846154
0 0.38921868232123996 0.5721153846153846 0.08168473054580752 0.15384615384615385
0 0.06099497709662126 0.36778846153846156 0.10309542406240485 0.14903846153846154
0 0.043502916270339295 0.6646634615384616 0.08700583254067859 0.21394230769230768
0 0.10049031908511702 0.8100961538461539 0.11416630081990661 0.18028846153846154
0 0.11967504963092451 0.65625 0.08593261818345474 0.14182692307692307
0 0.24582430616819065 0.6057692307692307 0.07609331170005208 0.13701923076923078
0 0.29613068429220346 0.27403846153846156 0.14810336323612297 0.23798076923076922
0 0.1831532289887818 0.22235576923076922 0.0777134313158352 0.1201923076923077
0 0.12599107876934315 0.23677884615384615 0.060102781700849005 0.10336538461538461
0 0.022154742000965486 0.8329326923076923 0.04430948400193097 0.11057692307692307
0 0.4428341795553092 0.9435096153846154 0.0653583177445774 0.11298076923076923
0 0.5010303114506575 0.9326923076923077 0.08078904307373537 0.1346153846153846
0 0.6875655659511428 0.7211538461538461 0.06491047400854145 0.10336538461538461
0 0.7489756038082287 0.71875 0.09280827384296614 0.1346153846153846
0 0.6702447604532219 0.5769230769230769 0.11807830565552689 0.16105769230769232
0 0.7664545870740724 0.5757211538461539 0.11846685499721096 0.11778846153846154
0 0.8277856251216732 0.49759615384615385 0.09336807851301124 0.1466346153846154
0 0.8374636180587575 0.39302884615384615 0.09934804670045047 0.1201923076923077
0 0.7515374495810456 0.8701923076923077 0.0884484252713099 0.14423076923076922
0 0.6766000222729549 0.8533653846153846 0.0937039613150383 0.15384615384615385
0 0.5995717904195164 0.3137019230769231 0.1005269504348927 0.1971153846153846
0 0.18285344308967375 0.5384615384615384 0.08341681109559956 0.13942307692307693