0 0.05627160874951945 0.24762312397724354 0.1041506964573719 0.13936913666089754
0 0.14293001008093006 0.6641019502575853 0.16475040156602577 0.16240250555245742
0 0.5809325564043809 0.6238429727338137 0.2943902434528847 0.158212274665919
0 0.8273527523656521 0.5158886716766019 0.17581847995053415 0.12181687163846178
0 0.7773735245192845 0.43527690525138824 0.13193379763824792 0.09436746142115396
0 0.7932253398975432 0.5996606160884609 0.13405789309070515 0.08240418079220099
0 0.5512131457496263 0.2769907547655444 0.18084997281933768 0.13154415653440188
0 0.6658943646245727 0.046674149813781825 0.26448103694145314 0.09334829962756365
0 0.8442535512625 0.012738543080448398 0.15966094867884614 0.025477086160896795
0 0.19163930544150654 0.12180983706511736 0.24100207680576935 0.13534675619519254
0 0.43618718158157055 0.04284658989999986 0.18006667085544878 0.08569317979999971
0 0.3218696386184297 0.291949377777457 0.11723097001378208 0.08201252981025654
0 0.2140042874668806 0.3076882879361109 0.13936913666089754 0.10415069645737186
0 0.34585114507756426 0.23727536284300188 0.12472225917670948 0.09419961100032068
0 0.3888985851637823 0.3300742104582796 0.12444250847532054 0.0821803802310898
0 0.7006122683827459 0.1340148439348285 0.2317783431723291 0.1519498787110045