0 0.06540272109823145 0.8605769230769231 0.1308054421964629 0.15384615384615385
0 0.4825535269478208 0.90625 0.16709452214414355 0.16105769230769232
0 0.6259942994827541 0.4855769230769231 0.16668591657030765 0.29086538461538464
0 0.6292867785204959 0.21634615384615385 0.12685903872206483 0.17307692307692307
0 0.5346549168498679 0.23317307692307693 0.09814908673385639 0.12980769230769232
0 0.6921170615460751 0.27884615384615385 0.08625583620328679 0.13221153846153846
0 0.29708786400257664 0.3858173076923077 0.13913022996861793 0.1778846153846154
0 0.10100242493867516 0.18269230769230768 0.17719338447560457 0.2620192307692308
0 0.13013286452362938 0.039663461538461536 0.12434965556812588 0.07932692307692307
0 0.03858585829657409 0.6646634615384616 0.07717171659314818 0.23798076923076922
0 0.04102714052154039 0.40384615384615385 0.08205428104308078 0.1778846153846154
0 0.21705105678046543 0.6057692307692307 0.08537397453265858 0.11538461538461539
0 0.18626754166398993 0.7115384615384616 0.10814241206522437 0.13701923076923078
0 0.1760494703071355 0.5625 0.09777114601787283 0.12259615384615384
0 0.2785278824422499 0.5564903846153846 0.08575191524864206 0.12259615384615384
0 0.22897829297613861 0.19471153846153846 0.15860273805742522 0.2283653846153846