0 0.26065745106933164 0.0657617104807344 0.14631490213866327 0.10749232904563172
0 0.6822380078147147 0.17414234446432295 0.17248803656768918 0.17378258434846852
0 0.6755713726553851 0.6092546398188392 0.17658928905087679 0.30087833958031673
0 0.5858297818481971 0.8487938475736164 0.1322950251440691 0.18077919612687082
0 0.5018550230865578 0.7943544784763052 0.10299513138676221 0.1382193114404977
0 0.6675270444126661 0.8193296694778106 0.08874014776162653 0.1396988848283501
0 0.32628253049829287 0.5593508399352592 0.14241468965327708 0.18860691643240515
0 0.09877408572254409 0.659639000141977 0.12425949354275515 0.2712010772070309
0 0.07747509696737105 0.8341650559956839 0.049723789423594233 0.16352241968367556
0 0.14498662910506438 0.19116480804725025 0.14902086825565153 0.24885711573955802
0 0.0790313598894263 0.42863870118124786 0.11099659635533601 0.18420047928557265
0 0.32465269746799186 0.33070780500894537 0.0897992475319435 0.12062216105857988
0 0.3315956226326885 0.22466092392878523 0.11054285644418292 0.14348914013118688
0 0.2710451689089416 0.3512032209444309 0.0999189120411516 0.12844988136411423
0 0.3678208482718819 0.4004802246926209 0.09030352742576699 0.12783369952011833
0 0.1949614385426905 0.7005025423517055 0.16500732484286898 0.23791620319731985