0 0.3855925021921474 0.07706790213430312 0.18554576484647442 0.13004029493965194
0 0.17167213993568348 0.3775384995608913 0.10974169072895314 0.1749828428193126
0 0.2452631686950849 0.6788967216724485 0.23938555237200884 0.3795954332840949
0 0.32106523293450784 0.8335713537869329 0.07748458820395307 0.13044027212619425
0 0.42988676116602514 0.5516765035381047 0.1646405111635687 0.26367618730589204
0 0.5761037603766556 0.47221691857143316 0.1791754883672011 0.26907157496307094
0 0.5210431191555019 0.25342203410241804 0.13937114653899593 0.20981207967213214
0 0.7252861170220084 0.2653534874509154 0.1684970510865387 0.2230067011403363
0 0.6060989019766023 0.3206501292762613 0.1044304471587609 0.15315232898486833
0 0.8218006242705125 0.4088414572079419 0.15412992430373945 0.22482285194469587
0 0.8842146891819975 0.5184572401267858 0.09531861380587642 0.174395147469826
0 0.8037687632995189 0.5633018387815322 0.1596070084166668 0.15059746885020842
0 0.6574118887381939 0.6487710391328191 0.10689024345288473 0.1556541243636289
0 0.20832233341153839 0.09510901871847577 0.10225040156602577 0.16266976437533856
0 0.5357209865269764 0.08799742099914847 0.144904180792201 0.13799054273149094
0 0.6256414167350961 0.1012859015488249 0.06786920358856846 0.1300484752265363
0 0.6640470050563567 0.10525693530130222 0.06048981470619671 0.12254308909025444
0 0.7554770841129272 0.10537323661728203 0.06205440875587616 0.0865833460074766
0 0.8056221525020297 0.12185324726356236 0.062390109597543 0.10100642293055352
0 0.857304844809722 0.12395915559922302 0.0668061509232908 0.08437539830345933
0 0.9638283975336537 0.14754866533868521 0.06932189735769229 0.0892810398360661
0 0.9732699020939098 0.46554200222077863 0.03745845569273516 0.16483282761034074
0 0.94688354454188 0.46206071459287357 0.06479395575138888 0.10110437215546798
0 0.9626784048408117 0.35202251225298 0.0630055611405982 0.12744873062286122
0 0.914351716010737 0.25741750160669963 0.10420664659764967 0.14353694436948378
0 0.8281119357923605 0.7062551779449714 0.07178169365181639 0.09178283521482665
0 0.8824222748150101 0.698843650890162 0.06004221358397425 0.10331231985948527
0 0.9224753774573178 0.7870962238646263 0.08615083031271371 0.19323411980093752
0 0.8691411510723817 0.9076354439875767 0.0942555611405982 0.12872207054674908
0 0.9173579494999994 0.9035848131012503 0.038351648059081464 0.100026930681409
0 0.7780487827355764 0.7896327319082209 0.08134112812692305 0.08977078596063848
0 0.8453844501134073 0.7911733871289024 0.05942676204091905 0.07687001216717758
0 0.5408523204077451 0.6945502455676948 0.08441637596410263 0.11871488903170647
0 0.38619488952756353 0.7231372644039393 0.0697135483396368 0.10610796291298914
0 0.1388744666266018 0.9079559311491185 0.06501775631250012 0.11071975677085259
0 0.1858333918370185 0.9062601718041811 0.07994438449807703 0.13294206750495455
0 0.2576690257510142 0.9212178793208453 0.0871559229596155 0.1332359151796981
0 0.31835165113103553 0.9501578922484714 0.057414566869017136 0.09359898601918595
0 0.367798347705715 0.9434728576480603 0.0771488873622865 0.11305428470387933
0 0.44435774871698636 0.9541279302423005 0.06982544862019242 0.09174413951539916
0 0.49218289616265953 0.9653727432577482 0.06457015519027792 0.0692545134845036
0 0.5365980998685356 0.9686581324358244 0.06686210106356846 0.06268373512835104
0 0.5881409168255334 0.9756962146820415 0.06898619651602572 0.048607570635917016
0 0.6457213242372857 0.9816792976887072 0.06876239595491455 0.03664140462258558
0 0.6853008605653303 0.9862155845561636 0.056575314764850435 0.02756883088767272
0 0.7320639602847749 0.9919048198880861 0.06356305266527766 0.016190360223827856
0 0.7839704531535782 0.983317902134303 0.06641449994134628 0.03336419573139383
0 0.08330826426484975 0.8142589959050179 0.08693212239850437 0.12362053056431349
0 0.07079854644075842 0.1628921952031171 0.06982544862019241 0.11091565522068146
0 0.046814025164476275 0.2629721906404256 0.054675019873504344 0.07907795987119474
0 0.04888116553760657 0.32922488370856645 0.04953162672414536 0.06445898449828896
0 0.028255662556089592 0.42319731453634507 0.056511325112179184 0.12524078291884394
0 0.020931218874946384 0.5227120568586744 0.04186243774989277 0.09830872910196412
0 0.006647012363514721 0.6051060284293371 0.013294024727029442 0.08040436455098206
0 0.0034318891756407598 0.6879407715121151 0.0068637783512815196 0.1066507737934609
0 0.3647351591371258 0.35292251447712414 0.15379422346207286 0.21039977502161883
0 0.4393972800741986 0.19475432430440803 0.06015411386453 0.10812001216717751
0 0.3847232651397434 0.21779085135921758 0.052383074000213734 0.08378770295397263
0 0.3335990692957797 0.2433781484052449 0.0595946124617522 0.08408155062871597
0 0.2904427437461537 0.185075703128943 0.04735158113141033 0.07397641988875915
0 0.44114664528530917 0.791544840420198 0.15390612374262835 0.215207467329311
0 0.5880320313621255 0.8384341023678213 0.10744974485566253 0.17969258590209045
0 0.7149623112017088 0.7605947697556803 0.07748458820395307 0.13044027212619397
0 0.7332169677947645 0.648250670486855 0.06211035889615383 0.08898719216132278
0 0.752415742199198 0.8571628550436917 0.04757538169252156 0.08359180450414364
0 0.7591506995293262 0.929621061946277 0.05976246288258562 0.0912930890902545
0 0.708669930298557 0.9275641282230735 0.06473800561111122 0.09870052600162182
0 0.6503911510723817 0.8987220645203619 0.11169793576057703 0.15585002281345778
0 0.5186282186721147 0.8223724209991485 0.07245309533514967 0.12062898906098049
0 0.5057407557895292 0.9108739571793412 0.07429744008621803 0.09668847674743339
0 0.9109437821490384 0.14539378239056733 0.06004221358397452 0.1033123198594852