0 0.8278031105231494 0.8678723037970942 0.19824317809463674 0.16752139242996286
0 0.8872382473388344 0.48852247481646793 0.12210499814161853 0.1744505640075207
0 0.6933615545553563 0.23975876184388584 0.26599168066669693 0.38082268127449825
0 0.5587465666721376 0.12633539649189277 0.0849191156225082 0.13000611503424078
0 0.579963164119474 0.4305478511895794 0.18445753241060814 0.26291974116692035
0 0.48218997204967456 0.5617291844278693 0.1992730578187144 0.2682310984192052
0 0.6247030848771503 0.7423762979301227 0.15369829138297758 0.2091117400505519
0 0.4350933767209933 0.8116757746821216 0.18352556644170492 0.2221383007089677
0 0.5199887081859981 0.7146939246209864 0.11572751189380881 0.1550519064618873
0 0.2876251058548149 0.7179868435054904 0.1692987137611427 0.22403848191822134
0 0.1836958244998042 0.6408577357276436 0.10768192121854153 0.17394689906292818
0 0.23810147531303263 0.569047593330303 0.170623524947241 0.1521749297751331
0 0.334084071578365 0.4306966937091906 0.11813135804765497 0.1551358506193195
0 0.9583239505962242 0.7651441084906716 0.08335209880755147 0.16458334691983995
0 0.6814136762586359 0.9055287646348067 0.1558079995391347 0.1468635725228483
0 0.5934524897789016 0.9206539292290247 0.07731512867594038 0.12494659025425228
0 0.5567815471218303 0.9291666021307604 0.06892624475931387 0.11027168085887896
0 0.4747072862836189 0.9573450322562679 0.0648055356665058 0.059790911628109726
0 0.4217245587777461 0.9579898806428507 0.06500175990902061 0.062194757781955885
0 0.3746287569133964 0.9716879945607233 0.06784720979156617 0.038324184558358794
0 0.2599309263775824 0.984130775655925 0.08089671701704049 0.022000926426027963
0 0.1138368203072554 0.730082410303932 0.0782470946448437 0.16572803071220493
0 0.15271538487565828 0.7190819470909179 0.07054519394310145 0.10074024040092656
0 0.17506096599874427 0.8303991003788875 0.09213065408404673 0.1302579475065371
0 0.26829562940453966 0.8946428309403088 0.1147463906812355 0.1430326756926568
0 0.15568431796562784 0.44536399497634255 0.07957190583094206 0.09386447856911645
0 0.10976586155636614 0.473485185817292 0.06853379627428464 0.10546398855118665
0 0.054894624490851904 0.4066964256600343 0.05877094592788968 0.1914148409876237
0 0.051313829614083525 0.2742330547261996 0.0680921925455852 0.12941850593221624
0 0.16586419441888722 0.3485805676417557 0.08639099580745122 0.08930861873372041
0 0.1040264016458535 0.3736416262752445 0.0661791053641086 0.0766178347050328
0 0.41966618789217114 0.34212830518651677 0.09114953287147341 0.11823871673730633
0 0.5463099130638766 0.2545367121413437 0.07814918088966927 0.10579976518091513
0 0.6936566843834598 0.019749650431804232 0.07000567645922746 0.039499300863608464
0 0.6504609881136514 0.03625606408484113 0.08457582238114895 0.07251212816968226
0 0.5787380519832962 0.04240686291144681 0.09497610396659234 0.08481372582289362
0 0.5129511967381339 0.03247096887217603 0.06436393193780642 0.06494193774435206
0 0.46985361258958286 0.049620316142390514 0.08374177016742014 0.09924063228478103
0 0.39261162168089886 0.05514916739117663 0.07854162937469862 0.11029833478235326
0 0.3409289293732065 0.05679940542283941 0.07074141818561613 0.10314408655477271
0 0.29864081981654916 0.07032963102584772 0.07294904009694761 0.10082418455835863
0 0.24605054079570574 0.07578217172012283 0.07535288625079375 0.1009081287157907
0 0.1918413125910749 0.09093404118721467 0.07736428391961057 0.09618438056553048
0 0.15026456550505388 0.09841267932689156 0.06534505315037979 0.09576465977837005
0 0.10267820303441746 0.10610117786014864 0.07255659161191827 0.09601649225066634
0 0.05877114429397258 0.12933073223597366 0.07731512867594047 0.12494659025425224
0 0.024700272033262027 0.14016330713412353 0.031740362240203775 0.06582723188559911
0 0.7803176372989309 0.055750103454938325 0.09634967366419508 0.11150020690987665
0 0.9958782990767774 0.48514944131334237 0.008243401846445298 0.06417888314864174
0 0.9809648599134968 0.38572560255845534 0.0380702801730065 0.12494659025425228
0 0.9679646071147341 0.29020133758534983 0.06407078577053173 0.09858822671937667
0 0.958030010964618 0.20399865267661663 0.06416770769529187 0.08134158285529317
0 0.9346295757634535 0.12405741562479505 0.07594155897833779 0.10811966717732917
0 0.9192255759938862 0.053479730716061866 0.06176386154144572 0.08125763869786104
0 0.898008185082218 0.0016330305817155316 0.05563175477982058 0.003266061163431063
0 0.7230159927969064 0.588274482072862 0.16812136830605448 0.20961540499514442
0 0.7217153625004774 0.7643008883269398 0.06873002051679933 0.1078678347050328
0 0.7627525921026245 0.7206806137221385 0.05715239347626795 0.08349359653684292
0 0.7965782832432331 0.6773121715896336 0.06436393193780642 0.08374542900913931
0 0.8611140601678021 0.714835057113577 0.05396365035236309 0.07379426776402635
0 0.4681605338081244 0.21266782717558452 0.168513816791084 0.2144230973028368
0 0.3163012000089523 0.22761366578790662 0.1202898247153163 0.1815781583116272
0 0.23476625828853195 0.35099585146263357 0.08491911562250827 0.13000611503424084
0 0.2654271888288221 0.46081727712266785 0.06716022657668191 0.08863706547426357
0 0.15997746714344713 0.27646518302637113 0.05234470116857566 0.08332570822197888
0 0.12333130047429372 0.21145068784221902 0.0673564508191966 0.09104091162810987
0 0.1700346538536141 0.19294488161665418 0.07034896970058678 0.09833639424708042
0 0.23422713753682387 0.1967299768293193 0.12293905035534727 0.15530373893418362
0 0.3852278415004321 0.2155639006069915 0.08173037249860347 0.12030678626142415
0 0.35993869837354314 0.12725117409542447 0.08236820046981755 0.09875611503424081
0 0.31644588861480205 0.967693038954478 0.06402063869644724 0.05017552701272511