0 0.28909216831203766 0.07863625998038949 0.1805905815016036 0.14281986999177365
0 0.1290946957075423 0.4408338598135301 0.10037265195230458 0.16397898967068597
0 0.2505570597422534 0.7156904536691572 0.21958934655682588 0.3569020293622293
0 0.35068692835549126 0.8485383172662689 0.07107275819499775 0.12295976820933856
0 0.4126480218624877 0.5470933728114282 0.1519289943033211 0.24837932324378242
0 0.5431445607118748 0.43482584713921363 0.166520164524339 0.2508670804045173
0 0.45373091982560393 0.23470525415394655 0.1290001725178471 0.19538282651664868
0 0.6571415664388158 0.19741147720494362 0.1585186995557654 0.20516603314581086
0 0.5479769630444623 0.27974280729659967 0.09662405941492945 0.14473423527210194
0 0.7752750112145647 0.31353031389983577 0.14185986977678328 0.20747198312495344
0 0.8554259274312633 0.4053799337873223 0.08594957502922759 0.16389507866379724
0 0.7837478093771015 0.467488349088508 0.1558797467713776 0.1330646336982411
0 0.6527469906338912 0.5869674132222611 0.0990279055687756 0.14474822043991672
0 0.12008355101844187 0.15701219164590638 0.09489258645284775 0.15433563471967177
0 0.44145898914302156 0.06629617170656782 0.14112048325241844 0.12817303038365996
0 0.5318553598591641 0.06321484626885346 0.06128928028167188 0.1204999813842332
0 0.5694511618396617 0.05862392406229051 0.05340536862836897 0.11084264126540422
0 0.661024185641392 0.03871567554765307 0.05775932102490836 0.07001921215346399
0 0.7123706913532021 0.04382404896336349 0.056027848062826666 0.07962061160103381
0 0.764725756852659 0.034509345455997 0.06189464014083594 0.06043179787370896
0 0.8777905727323987 0.033964725266369365 0.07614962376597188 0.05811186272675158
0 0.9249177126793104 0.03063166680798867 0.0395876515644561 0.05069054674799118
0 0.9606392183911205 0.03564913663290292 0.03545233244852825 0.0602779610277462
0 0.9485452975807641 0.32896731548948555 0.05693532788513249 0.1613234104961734
0 0.9072596797205267 0.3347391830212493 0.0594402540043195 0.09405767369192554
0 0.9151600647237598 0.2217584137904801 0.07811620335859495 0.12059787755893676
0 0.8424980969068465 0.1431788958364992 0.09818743907906989 0.13272898967068592
0 0.8309090159567533 0.6012304620706174 0.06838326542793939 0.0844982297478001
0 0.8827345315710518 0.5822933813639588 0.05496874829250942 0.0988373956639883
0 0.9292903782915395 0.6559113701642846 0.0634239531722362 0.1853898423702647
0 0.9032183238278542 0.7880250124511196 0.08773158797397958 0.12065381823019604
0 0.9417386389470281 0.7702129363984027 0.016339116533029704 0.0962097868251053
0 0.7943053004139723 0.6948056474729323 0.07766246344744204 0.07974647811136694
0 0.8615036760813589 0.6795652395878391 0.05535547487106193 0.07000522698564939
0 0.5454566835082252 0.6596903512824398 0.07727573686888925 0.10857864678970607
0 0.39772122501202734 0.7261659261051518 0.06458413290789403 0.09889333633524745
0 0.1831829140684005 0.9561791564572342 0.059104067408437204 0.08764168708553163
0 0.22849453440425999 0.9442718070305217 0.07280423115707932 0.11145638593895658
0 0.3030978118224613 0.9432726688869132 0.08258770907040504 0.11345466222617354
0 0.36579117511173764 0.957919508495027 0.05412828180280371 0.08416098300994598
0 0.4148766579763076 0.9451047258706515 0.0700641984073508 0.10853669128626163
0 0.4930016579763076 0.9455592438246325 0.06492031950377626 0.10370102864293976
0 0.54546604011607 0.9518228864891438 0.05960834730226061 0.09635422702171244
0 0.5891555041301537 0.9461186505372244 0.06184410015816565 0.09407165885974021
0 0.6431579959427215 0.9476352398899803 0.0642479463120118 0.09408564402755513
0 0.6987826440770653 0.9431492064420284 0.06631560586997573 0.08929193688767775
0 0.7409339984183436 0.9421920238018642 0.05429637510074496 0.0892220110486037
0 0.7890109214952667 0.9424717271581601 0.061507913562283426 0.08926396655204791
0 0.8393823740857302 0.9271334230983634 0.06112118698373063 0.1180961352303871
0 0.887711437109565 0.9238073572238902 0.04987540937160517 0.06036187203463492
0 0.9211384133078346 0.9444428344648971 0.031653199928482624 0.07467306761519356
0 0.11345434229049196 0.8880401480197109 0.08001576961861777 0.11340032426521308
0 0.013288727145194247 0.25612848931104115 0.026577454290388495 0.10360313246823619
0 0.00676659519179039 0.359479888758611 0.01353319038358078 0.0747290082864527
0 0.011498757508697173 0.42325173767460805 0.022997515017394346 0.06033390169900535
0 0.010221304440988569 0.5229903753075013 0.020442608881977138 0.1180961352303871
0 0.011763812434496408 0.6203881000417149 0.023527624868992816 0.09169578304152391
0 0.0053971387833660995 0.708121492073192 0.010794277566732199 0.07481291929334169
0 0.007809501595397293 0.7898942168074057 0.015619003190794586 0.10128319732127868
0 0.0030649842660428884 0.8608076783458672 0.006129968532085777 0.07479893412552677
0 0.0011151580065697627 0.9533767330206664 0.0022303160131395255 0.07959264126540415
0 0.31562787926116087 0.36977435536816267 0.14342324944092397 0.19546673752353746
0 0.364906165448567 0.198116125469292 0.055304934888391645 0.10364508797168054
0 0.313105919825604 0.23388712183678098 0.04881630960128806 0.07957865609758936
0 0.2684331660152087 0.2709019967846374 0.05585975476488541 0.07721676544718771
0 0.21642252378659926 0.2237053379248971 0.0433362441018313 0.06993530114657517
0 0.4625327878419378 0.7794491187724889 0.14375943603680624 0.20027442983122976
0 0.6157906151452976 0.7887576310510974 0.10087693184612799 0.1711905281322244
0 0.7279221212449563 0.6811929089279641 0.07107275819499775 0.12295976820933856
0 0.7274090447097279 0.5681631916098431 0.058599787514613796 0.0820384429226948
0 0.780849039937277 0.7668720840009653 0.04400861729359589 0.07955068576195966
0 0.7988949194074931 0.8355145584798211 0.056364034658708886 0.0844283039087263
0 0.7476577303359888 0.846038177648018 0.059272160706378245 0.09165382753807941
0 0.6872841665515881 0.832460402022587 0.10383559787646791 0.1447761907755463
0 0.5447931069578656 0.789546991677484 0.06559269269554086 0.1133164132583241
0 0.5444992236696886 0.8797261853662519 0.07112329817766803 0.08931990722330706
0 0.8193418451993559 0.04444638893112195 0.053624001908980506 0.079606626433219