0 0.8626134060829156 0.29057387534429174 0.1478997750216187 0.15812714373739992
0 0.17098317806274016 0.4698624436493735 0.17031798420554983 0.17874432211715977
0 0.3242172028076031 0.09273532660362861 0.17080773033012206 0.18547065320725722
0 0.2783543090954361 0.3545262527898452 0.18841824720636074 0.2110726403441525
0 0.5435916023392205 0.2688405685038462 0.13038720737029463 0.14022190243348415
0 0.9197935254161436 0.6253103734701967 0.16041294916771284 0.16416719973308383
0 0.9935516046205662 0.6414763749893493 0.0128967907588676 0.1563108812221371
0 0.9470990240416159 0.47718188559502267 0.10580195191676804 0.1402219024334842
0 0.861199223982395 0.5220363106880178 0.10124720584939749 0.13116181843995825
0 0.8291962527044714 0.41683667964335197 0.14490823351828597 0.14355002135332398
0 0.9241747081593441 0.3818287073572399 0.10576105048234624 0.12425837090041766
0 0.6845492528222401 0.08561971598943616 0.18640619795217245 0.17123943197887231
0 0.5975393972502716 0.143672223940141 0.15505824872725796 0.21612754235170553
0 0.42422578139794676 0.04590782992588759 0.11287463971897041 0.09181565985177519
0 0.4831424544016851 0.05700831514609298 0.06891976437533852 0.10271691975466411
0 0.4963187237788239 0.013086934704829467 0.08398360140380162 0.026173869409658934
0 0.4030910839420846 0.25133289754947796 0.11581311646640394 0.19443204574495299
0 0.4883969998822313 0.3338357364908981 0.10625079660691866 0.13627760166964842
0 0.5107090795543634 0.46737280287928995 0.10414079812781579 0.143335094670188
0 0.5876852212333398 0.40459699497401674 0.153980807253199 0.18968523465939777
0 0.6944829188641722 0.4230593793054473 0.0939377181629446 0.12829583590311522
0 0.7104854538162069 0.2834518163103029 0.07745770751666416 0.07689079390635224
0 0.863733740508693 0.08193876643382357 0.16496748101738598 0.16387753286764714
0 0.13198092734687553 0.1337395363744779 0.11635592734687551 0.14891301428287504
0 0.14906289529026576 0.3459407618763662 0.0763272012867059 0.10798674844535323
0 0.23890310658057218 0.1256825902831013 0.09884335969555134 0.13100777297895927
0 0.0945865514463662 0.6651578809381831 0.10836079508602149 0.12922010866910882
0 0.1705219558334143 0.7542865171082144 0.119053621175465 0.15627859820541254
0 0.2568379865440973 0.772856364781213 0.13107285194469576 0.15704882551040728
0 0.3261985224315508 0.8780721373342413 0.13019130892046576 0.1354142101257919
0 0.3774975981264696 0.7470482228469196 0.12974644726490858 0.18333708774171598
0 0.4572816532892764 0.5165889254053428 0.1101238811344815 0.1724893394383396
0 0.34918408335660645 0.4957997176505656 0.11915157040037941 0.15868244435925868
0 0.26185793787538714 0.5411628612459884 0.1483895211461911 0.1701463745066308
0 0.19196885305508513 0.6299958631910721 0.12665695653666129 0.1663561192037939
0 0.13477038163079186 0.5866639087940481 0.07833925054089427 0.09852540929096762
0 0.054623160572422454 0.3941698880086321 0.08201643661862823 0.1299294547519665
0 0.06638734647518608 0.18012011697475636 0.08775873670644999 0.09433389882727113
0 0.035792368528195354 0.2869210838515489 0.05414977502161888 0.15211937075844068
0 0.12304300701900774 0.26927919375585624 0.11827002737614946 0.13704782897464318
0 0.21397492173099628 0.2236849819689349 0.14117798268465268 0.1696842381236338
0 0.7797806545174345 0.6236587707073269 0.13166054729418247 0.1714719024334842
0 0.5981657882991858 0.6618085334355552 0.12116361965456772 0.14922110520487308
0 0.9241869785896706 0.20468387866655074 0.12165336577913986 0.16124033597410373
0 0.11496208885471694 0.7807431239032283 0.08721592582597835 0.13985293028934911
0 0.38390110903688834 0.37186373677485207 0.13793747797559147 0.2078376856631744
0 0.46019978642834786 0.17416445333219632 0.1295505488150796 0.17852939543402366
0 0.7317813370570639 0.21460366939262104 0.11635592734687569 0.14891301428287507
0 0.796489284761081 0.20563674963795692 0.12626515963700358 0.1567407345884093
0 0.22435544094578233 0.862907431311582 0.08864027973068002 0.11596851421188657
0 0.16855070090479884 0.8833544227219806 0.07843719976580871 0.10092925544481364
0 0.49244144199897 0.7288367330266621 0.11096053968969653 0.13418184643780015
0 0.9651809349513615 0.36769942225345464 0.06963813009727705 0.15202620651957885
0 0.0685483110840428 0.49932293693386703 0.10105130739956857 0.12635412613226593