0 0.5101228790987876 0.13545870667791562 0.14652779589311996 0.13956808990387767
0 0.683421202135122 0.8353747829002434 0.16411021638693174 0.16179031439051747
0 0.9283119952493967 0.5453717661426427 0.1433760095012066 0.15698262208282543
0 0.7336310421489424 0.691872806213489 0.19818378332793812 0.17498476336379773
0 0.6832379956650159 0.4176092170756051 0.12911326371417212 0.12215355772493006
0 0.1851457850024908 0.21414455995766668 0.14951925114899065 0.15647895713823284
0 0.11049680845830144 0.1046970534672663 0.15264806030804123 0.10856992237617394
0 0.29451695546368034 0.11472455074159009 0.12729702666235065 0.138896536644421
0 0.30571584140324287 0.22915907552157863 0.12329824151729483 0.09313951556391203
0 0.4145032323012182 0.21615161160781549 0.1320207748126108 0.136660578805439
0 0.400202242075479 0.11601424751475571 0.11625459137062048 0.09769537539930802
0 0.8196199861758852 0.19788625113691494 0.2531364682366716 0.16730009436935098
0 0.7686126766664599 0.3185516893621308 0.20654000558184185 0.13926284768583372
0 0.9465907591061339 0.431776682936975 0.10681848178773215 0.10490691386084655
0 0.8994849381478954 0.3879465479385935 0.09816850593221624 0.06105007398959117
0 0.9569521182407807 0.34913779518029503 0.07488554181064334 0.08184524779988568
0 0.7654762593791882 0.5381258637306096 0.1859661298321592 0.10012975596483861
0 0.6522703625489965 0.4933570757946329 0.1281898779824193 0.09571125003262236
0 0.5225199095258625 0.5248398115222764 0.13772131844037183 0.09364318050850456
0 0.5420826258475495 0.4318872810178813 0.17777779589311982 0.1406593639504949
0 0.47411481794743227 0.34188040415183035 0.12304640904499865 0.08592797710237357
0 0.5893010106054992 0.27147443709677177 0.06974207287322269 0.07206197486963689
0 0.728590512214807 0.06625849223859061 0.22641179366038328 0.08953757587195321
0 0.870528084322036 0.04000316960579971 0.11124847633637977 0.02309220047264519
0 0.9645414054107637 0.7376107814987451 0.07091718917847263 0.10423536060138999
0 0.8036821867790196 0.8071620397736405 0.10322803071220467 0.06842950076599354
0 0.9473004803801961 0.6372215849333891 0.1053990392396079 0.09073566941006589
0 0.5466729005828401 0.9658654151850244 0.12072650704858458 0.0682691696299511
0 0.43169273877954295 0.9474149334746127 0.14784036800034897 0.10517013305077463
0 0.37396989667555086 0.8773886298974036 0.14577229847623105 0.11793347451926223
0 0.24718036449660324 0.856154638555296 0.12430557140647988 0.12198566941006589
0 0.3385646608826626 0.7573069712354019 0.17453450816495292 0.11653695825460111
0 0.5045215977837005 0.5938378246456423 0.16665141644395776 0.09705435655153576
0 0.574893251837664 0.6839286456691253 0.15016026999676305 0.10608213206489563
0 0.5770910671367405 0.7812424428211785 0.1584630825049185 0.13758396453719202
0 0.5313378755950419 0.8804831260553592 0.15770758508802984 0.11594934915257664
0 0.5973329957955051 0.9139996183060255 0.09129274410040612 0.07041362613267939
0 0.8088714573339668 0.921386704160049 0.12329824151729477 0.09313951556391203
0 0.9941735910854905 0.9164187826151134 0.011652817829018912 0.09277320452249918
0 0.9733059107847958 0.8159876139710414 0.053388178430408356 0.08209708027218181
0 0.9273829161588278 0.9231380937990911 0.14523416768234435 0.1251450129808007
0 0.8850352073013444 0.7991988334340239 0.12628969677316568 0.11005038279826734
0 0.8815515247679128 0.6994392180494085 0.15821125003262237 0.13037242607565355
0 0.2557005945771606 0.3438568704408952 0.16027931955674019 0.12084098561770093
0 0.308787462227135 0.5233783968954362 0.14071277369624255 0.11055404774285958
0 0.5566735401360909 0.059054561905273376 0.1518086187337204 0.0845314608377124
0 0.43204378261511345 0.9853594545551215 0.13363858913788393 0.029281090889756892
0 0.6681510245601032 0.6043537196587164 0.2011447041721248 0.12226803629404638
0 0.8070093677152189 0.4555442152584877 0.16981076001469284 0.11877291609358309
0 0.6416666938396798 0.22408433448514758 0.1405448853813784 0.10574635543516735
0 0.6167315514423392 0.16319071114338893 0.14568835431879906 0.11552962836541614
0 0.30905461285467306 0.9435478088739206 0.1108592899609037 0.0807005640075207
0 0.31661719515178205 0.9824786483295568 0.09526099483377756 0.03504270334088652
0 0.2986455373330944 0.6454708857969975 0.1260378643008694 0.1028388443367286
0 0.38616835152787815 0.05790221903528758 0.14716881474089213 0.08917126483054053
0 0.7063035422141868 0.9406136438520077 0.11857449336703442 0.09537547340289401