0 0.49382696830560335 0.08574700565067878 0.15128566259579396 0.14385811227532191
0 0.2964869672634979 0.7883757438453011 0.16924640782066752 0.16657104588693
0 0.06691275875915705 0.49980121482522627 0.1338255175183141 0.16385910881108595
0 0.2524890695141361 0.6450531058721632 0.20125228925263444 0.18299671380299343
0 0.31246090352525435 0.36928970365164465 0.13357687784824285 0.12595287097140614
0 0.816912758759157 0.16087364637816748 0.15469735065892928 0.16324292696709009
0 0.8945712738756325 0.054071538227275534 0.15458159203955246 0.10814307645455107
0 0.7094751200294787 0.06742967482323793 0.13218087360368605 0.13485934964647586
0 0.6950775971546123 0.1770664036970763 0.12738340291527805 0.09920247235710059
0 0.5867104390639015 0.1648447029417595 0.13673660543405602 0.14052999335548205
0 0.6050967826951628 0.06543976059857298 0.1180199787772155 0.10339398282079706
0 0.18374103607873365 0.15113790158162202 0.25856665622895864 0.17948226640542986
0 0.2300746790529689 0.27274890143964503 0.20897797028810167 0.14755520333929692
0 0.051784013499338546 0.38774471836045077 0.10356802699867709 0.11075956674333448
0 0.09705449065941708 0.3423654332566655 0.10158121803556006 0.06400817159326494
0 0.041503847024349054 0.30519713970525586 0.07867657864504896 0.08410233236789069
0 0.22582201579634212 0.4910367650566481 0.19013536339260012 0.10801534665076563
0 0.34081846884568984 0.4453350899281588 0.13231707546163124 0.10191440943294462
0 0.4686104773348036 0.4754781734957536 0.13940263368450856 0.09997269966209534
0 0.45195208137730386 0.38191265956782117 0.18266164283445527 0.1482645494221545
0 0.5237320721574673 0.29226284819831194 0.12460161604544814 0.0918368884345632
0 0.40997497825616275 0.22288799886418384 0.07108709946752693 0.07642865752335536
0 0.2779694029851678 0.03427187040349809 0.2277150401835105 0.06854374080699618
0 0.027589801865558847 0.6930636205099808 0.055179603731117695 0.10906506667234613
0 0.17812137303177697 0.7612222476644797 0.10436300490538966 0.07137375551580213
0 0.046810349477043905 0.5933505872447964 0.09362069895408781 0.09664458074225543
0 0.42936418258583675 0.9272006228384005 0.12219776989160198 0.0916828429735644
0 0.5446806970414795 0.898248848056335 0.14977389973186014 0.11501195842916828
0 0.6047615184587071 0.8261191643382441 0.15040380092516584 0.12703118919839904
0 0.7317193229675971 0.803608700712722 0.12889516577921148 0.12804862620325416
0 0.6433864732300267 0.7062510890762965 0.17659414814015134 0.12391799696169524
0 0.4841878196443993 0.5439573482693004 0.16837476776932356 0.104225091347929
0 0.4111429156679823 0.6348861054462323 0.15205176564704515 0.11276215773632085
0 0.4060407160022054 0.7322418746770014 0.16317891312636357 0.14222449342647045
0 0.44762454597843687 0.8301995266490602 0.16217107121707441 0.12299372419570122
0 0.3798810336450726 0.8656857768265314 0.09259573461348115 0.07541122051849997
0 0.16853154246460278 0.8756360081636705 0.12738340291527778 0.09920247235710059
0 0.018047628988788984 0.7704488338160547 0.03609525797757797 0.08410233236789057
0 0.06192804291576547 0.8796554892523495 0.12385608583153095 0.13168483604509235
0 0.09702050499431351 0.7544405625692133 0.13054313050109093 0.11377959474117652
0 0.10465253105259767 0.654526901723599 0.16280097241038016 0.13501295496493204
0 0.7406502478872384 0.2903409647471372 0.16482687784824288 0.1279554619643926
0 0.6820488640724667 0.47138351208223117 0.14256236127032168 0.11454982204617127
0 0.44984440298516787 0.027570892850043525 0.15319580941427965 0.05514178570008705
0 0.5388072835148094 0.9417491470170641 0.1343532025187781 0.0493378849703271
0 0.3206632910635303 0.5556343626941526 0.2032884163097813 0.13042018934037578
0 0.1869620933802518 0.40967496797001396 0.1719124360711202 0.12601375219354338
0 0.36087488084102415 0.1769211301218152 0.1424363810316605 0.11214597589232511
0 0.3869239153884222 0.1141596213192482 0.15015184044784363 0.12222349689070656
0 0.6672138607683027 0.8915944526223113 0.11233042479889505 0.08625896882187607
0 0.656595745053271 0.9342009194281152 0.0958916640572395 0.046873157594344135
0 0.6875801125506479 0.5944113617003133 0.12776134363126126 0.10641401081863905
0 0.6213414622691844 0.027395398734985234 0.14876605782257085 0.05479079746997047
0 0.2706371246933758 0.8930505148791769 0.12257571060758547 0.09889438143510258