0 0.2732449713673079 0.24858880025031038 0.23251456702841325 0.20794036901621743
0 0.2210486912234846 0.5259638577562593 0.2165240370292101 0.17327796307472454
0 0.6294655379488746 0.7253078784854637 0.1683351530182781 0.16751225096205585
0 0.46238479639822433 0.09591490116904196 0.18684149010533618 0.19182980233808392
0 0.24912437424096573 0.7145229575265765 0.25761334351261284 0.18094324144741591
0 0.5366869113030845 0.6232702069372381 0.16481169752434172 0.14330569612565305
0 0.9167546223817139 0.7355462162428223 0.16649075523657222 0.1909958926240236
0 0.9338481920842691 0.30419041825907867 0.13230361583146186 0.1328498450205628
0 0.4611963071796439 0.7370744093413428 0.1483206572494457 0.1493405815016036
0 0.35027355951865097 0.5820428057681961 0.1786223032377167 0.18260770107689722
0 0.25970136857746967 0.8898356334594045 0.19181380988669453 0.1571739531722362
0 0.0938293561073899 0.7977324998060756 0.11734724565712068 0.1016503850032333
0 0.11192081058293575 0.9013752943597073 0.1463646548316356 0.15878787281904694
0 0.6770749118746284 0.8413566303868787 0.1615121638984234 0.12390683359694285
0 0.7337661990155501 0.9193893470629428 0.1688883298336279 0.07650228371178422
0 0.8080318607195868 0.8828444081777973 0.09996051791015258 0.08845450114841433
0 0.7806609044306835 0.7870855252774689 0.1636920881842518 0.11926723458719178
0 0.7727446392405672 0.6947895883013036 0.1488211675251388 0.10864329018416022
0 0.10004963765063296 0.5947168164463814 0.12657408093082134 0.14542389566628727
0 0.06497971018493622 0.3077681176663131 0.09079297703080397 0.09739751257203452
0 0.661867930264536 0.38540755098817964 0.1938817732385136 0.150130508008639
0 0.6294916930697508 0.25985273111168594 0.12383435197494809 0.13804426390680768
0 0.6180519723856984 0.14368642589500025 0.12947843736036055 0.10489469764678495
0 0.7556606550221503 0.17265069302286484 0.13853401730570006 0.0935478400693187
0 0.7899533056555269 0.10634332382785422 0.16391601005226983 0.12407492689488385
0 0.6954459123872923 0.07074760810628009 0.09319682318464992 0.0975656058699757
0 0.6025586387348407 0.04002575807533884 0.12556643252474026 0.08005151615067768
0 0.7349381185973928 0.036844620410124936 0.17341943373364516 0.07368924082024987
0 0.9150553248074931 0.05994621379746263 0.1698893503850138 0.11989242759492526
0 0.9395877578414285 0.15825344605756297 0.120824484317143 0.12172162072370803
0 0.8318462222410781 0.436225066781271 0.1587197684028932 0.16683987777029124
0 0.7781845081730948 0.5267977674703197 0.07502636889961888 0.06754279893823395
0 0.956075573263453 0.47720856467836636 0.08784885347309385 0.11830921478221512
0 0.40984931952502635 0.30776923759919295 0.10946394159152817 0.08672302818633286
0 0.20771539829436947 0.08435380863166676 0.18208646433730089 0.15409773382662564
0 0.9085718887149178 0.84084467378453 0.12455878411865921 0.1021546648970565
0 0.971657848505839 0.8837947512742487 0.05668430298832196 0.10634052399565465
0 0.877074947504419 0.915397411220061 0.12265544824050614 0.06128928028167188
0 0.481138430993686 0.9322314510390695 0.1789515581850486 0.0867900415189333
0 0.5359494015989354 0.8922235662297605 0.12377505758059607 0.08532774182013342
0 0.5607946090179409 0.8301943394572837 0.1442373970854645 0.11311479589597002
0 0.06487769103296996 0.46091662832936736 0.09079297703080397 0.09739751257203448
0 0.5350666135383492 0.20013450720267964 0.11427163389922047 0.08705921478221512
0 0.4592631459553624 0.22955195427525735 0.07469048609759181 0.06033126047669549
0 0.5060854794157055 0.2769229974941157 0.11164386587735628 0.08208342917658164
0 0.4995490204855687 0.3437011399166494 0.06725502576803531 0.055019288275179705
0 0.465756880127885 0.3689750311983343 0.05741571928463279 0.049539222775722945
0 0.4390676312250784 0.44319158203798303 0.077318254119456 0.06530704608232892
0 0.5328769256194306 0.48968865210083545 0.08704559966884964 0.06838326542793965
0 0.24206089361635524 0.4075282930173685 0.08246182922917537 0.0728547711397496
0 0.8304631020537511 0.22530020177693857 0.15295709422877699 0.09455639985696553
0 0.7475337236734064 0.2829502061615411 0.10499213208586292 0.09359838005198906
0 0.9675827840857505 0.6094201031399048 0.06483443182849905 0.06323938652436499
0 0.4038201768742299 0.8773461894290906 0.15407670356886718 0.11859486139542678
0 0.31466353279804243 0.15404887374327506 0.11997501367898492 0.10662617060886657
0 0.34215307787565 0.3559131740087166 0.08531351911905762 0.08263824905307533