0 0.7331714165194513 0.31006023509218716 0.22604663222306315 0.19517263790696487
0 0.7740351407312106 0.587875721189779 0.2122636781125761 0.1609589870830736
0 0.3565728994903675 0.7828966310345638 0.1641867550356529 0.15871976840289348
0 0.5500653924436657 0.14851511006923998 0.18037355529998594 0.19304538016079367
0 0.7389053073809251 0.7754020544596075 0.2533810232052828 0.16767001526891898
0 0.4534621838376122 0.6813819157576754 0.16052310649519524 0.1345693459304229
0 0.07424944725754391 0.788076303047202 0.14849889451508783 0.17907014697375262
0 0.06734091257036588 0.35935198065751917 0.13468182514073176 0.12461807851301124
0 0.524590169782276 0.7955415887228868 0.14407412413425552 0.1409971578538985
0 0.6422798655339123 0.6419819650664507 0.17455802108300456 0.17359068906200628
0 0.7200933653432761 0.9388634147721936 0.1874693351421476 0.12227317045561283
0 0.8959316320514604 0.8598265139612883 0.1272574226766166 0.09465231532676746
0 0.8747635015503695 0.9446129223113959 0.15900112201197694 0.11077415537720807
0 0.30478978099222453 0.897355911749931 0.15951526458590592 0.11533857669965368
0 0.24262517482744575 0.9712724349425503 0.1669889851440509 0.05745513011489933
0 0.17138654107304716 0.9369271177695169 0.09790734787581819 0.0836933995032746
0 0.20406998138872418 0.8420608223567743 0.16166715026242975 0.1106428453259704
0 0.21492983596179413 0.7497926477687199 0.14674015238470817 0.10035569510653165
0 0.89202790505659 0.6584335945110803 0.12243950874963999 0.13998950944781713
0 0.939597456772852 0.37148352865866346 0.08879588421507816 0.09286094038262313
0 0.33827842083389836 0.44227490933212094 0.18949524058001022 0.13831672329237718
0 0.37614238336360906 0.31752847839731496 0.11965772187981062 0.1326660100522697
0 0.3918678095540598 0.2013897836718126 0.12738340291527778 0.09705616148061341
0 0.25308485544357284 0.2286618565871451 0.13636888633735658 0.08548477444741873
0 0.22163055265665482 0.16213457689016827 0.16191911073975207 0.11545053763366263
0 0.31739623647523335 0.12803951485498127 0.09119973036892431 0.09297290131663208
0 0.41290484900684743 0.07585962619894358 0.12370953275553595 0.11846685499721078
0 0.2807563006646395 0.06849985175152488 0.17140851511647553 0.11349453521585257
0 0.09001825053056961 0.08592930425610715 0.18003650106113922 0.16224322389682969
0 0.06602578627888686 0.21151544219598067 0.1282652645859059 0.11388308455753655
0 0.16704865445613037 0.49092802856687473 0.15457137042026828 0.15827192466685738
0 0.21647392408720603 0.5823894572743852 0.07298702466672857 0.06574686708626132
0 0.04047556187649145 0.530107371317429 0.0809511237529829 0.1130993580194734
0 0.5940156325026231 0.36743636539760105 0.10739675225254157 0.08173739708546453
0 0.8044270431064018 0.14590391168411376 0.17772797028810153 0.14256461093002445
0 0.0735796193876797 0.8950211236235274 0.12257571060758549 0.09683223961259557
0 0.01708405916327024 0.9424476434752035 0.03416811832654048 0.11510471304959297
0 0.09947034843493846 0.9708772577461711 0.12106394774365162 0.05824548450765777
0 0.4974958572544687 0.9758924804340959 0.17673034999809653 0.048215039131808184
0 0.4430211564576626 0.9495787033125352 0.12169384893695732 0.0800053165356725
0 0.4209302778088068 0.8883069596592866 0.1421844205543382 0.10493946554620592
0 0.9315977116178685 0.5241277594278942 0.09119973036892431 0.09297290131663215
0 0.4732308596881297 0.2581930317467434 0.11220444456023387 0.08196131895348244
0 0.5475032407896803 0.289364031937258 0.07260908395074508 0.058535328624722854
0 0.4980456458971265 0.33645963987792843 0.1095486379290654 0.0770416657117811
0 0.5017927277954832 0.40290129191072477 0.06501960477322313 0.05098790736115733
0 0.5354516847589714 0.42736126391539386 0.05515225968051619 0.045732371317428945
0 0.5591905281297064 0.5031680454257282 0.0751389103432524 0.06105113571257803
0 0.4628579332371527 0.5480804151532229 0.08488027519729804 0.06390282560246027
0 0.7573716339640686 0.4690236307782319 0.08032454336692806 0.06848659604213453
0 0.1769329923813891 0.2793335865614087 0.15079196326043356 0.08615654005147277
0 0.2557662161229517 0.3384287198561766 0.10296700066083275 0.0887250136789848
0 0.0273037909237502 0.6621509683779541 0.0546075818475004 0.05887121142674992
0 0.5762405368284902 0.9365057854522616 0.15205176564704515 0.11019500158993431
0 0.6947524249386752 0.215496861356948 0.1180199787772155 0.1014160100522697
0 0.6589297002757534 0.41624434847293035 0.08323231047541887 0.07821394159152817