0 0.7942519205771491 0.3822576804384266 0.24901060314535536 0.2344626370218935
0 0.7967363317890176 0.6621517119005046 0.22919240384488623 0.19957642718005558
0 0.3566105225973526 0.758807347076697 0.18335148975903814 0.1870341788056907
0 0.6359100393346849 0.18361982512707098 0.20321164835019973 0.22432423480137484
0 0.7349794324371339 0.8382809459919944 0.27018366633234964 0.2094067384785763
0 0.46692079357694966 0.6818358456285328 0.17572035839057148 0.16253358088423242
0 0.08542256305718936 0.6982080019450835 0.15011723651212033 0.208916003890167
0 0.12012601523290527 0.27902879751256526 0.16593713661241546 0.15230201442485208
0 0.5207643893553228 0.8089458999630874 0.1589773538950339 0.16626295496493199
0 0.6579006849356404 0.6868709213164113 0.1956644355631187 0.20463132918760873
0 0.6906639491693967 0.9571103556662983 0.20165915459456524 0.08577928866740336
0 0.8823212724713501 0.9491724084107118 0.14371509115810055 0.10165518317857629
0 0.84364385426417 0.9816556933015316 0.1745454982511722 0.0366886133969369
0 0.28872421328095227 0.8589073364000348 0.17057699175733645 0.14299472073146546
0 0.21670764360012235 0.9287281806087974 0.1747972539953291 0.10964896549961732
0 0.15201967719191775 0.8681555912769405 0.10500179695240501 0.10037395482295498
0 0.19734218343628301 0.7822171700741123 0.17289691932979695 0.13834107388477215
0 0.22223199737295596 0.6949693624527933 0.1558601997994097 0.12524352488854865
0 0.9028561332369602 0.757794997146267 0.1396626660828789 0.16022289896924818
0 0.9696189785201946 0.4874070445523494 0.060762042959610726 0.10527481136950921
0 0.38555003184043274 0.42209869856887394 0.20469239010880372 0.1715936648777584
0 0.4412073139341381 0.3092092511713105 0.13472909590310833 0.15270326958571176
0 0.47291005307076767 0.19958704147144968 0.13654551198725484 0.11920346889286457
0 0.3311670485752302 0.1953060515802036 0.143589213286022 0.11005022066047684
0 0.309475577546753 0.12188128054632785 0.1729808379111826 0.1431487661924643
0 0.4101224213280953 0.11032234375443783 0.10031998251679124 0.10727740236249564
0 0.5106014279466661 0.08914802234716321 0.1365874712779476 0.12160731504671075
0 0.37936103646324015 0.06753139087656627 0.18179899600340343 0.0980918711133832
0 0.18355247315151071 0.06098630118976678 0.21325879245686757 0.11211369287560041
0 0.14883747814598897 0.13559869619785936 0.1392430731759508 0.13618443743078662
0 0.2092449731489759 0.4324109725700661 0.17369414585296072 0.1840141508078488
0 0.24580009365280478 0.5320004009853202 0.080585701797708 0.0771988848283501
0 0.06769078546155621 0.43894729037112773 0.12237419080833489 0.13270227304994775
0 0.6482257149075797 0.40771667654825955 0.11457522227709688 0.09858629051310484
0 0.8877833110626934 0.23817911426300026 0.19271511863026583 0.1732272837266098
0 0.06926090533917417 0.8040238148337452 0.11242313186740761 0.11285532197518276
0 0.07680203483407787 0.8921493131016273 0.12414864760178858 0.09679862620325444
0 0.46624000811032384 0.9694090791521146 0.1841608828665568 0.06118184169577089
0 0.41983264360012235 0.9417450220632091 0.12904025849086656 0.10191440943294448
0 0.4066805119821852 0.8760709486043682 0.1535402722269492 0.12989717173524193
0 0.9552947165316724 0.6354442105943178 0.08941056693665508 0.10727740236249551
0 0.5450403340393213 0.27384292103245733 0.11942487387548194 0.10129822758894881
0 0.6130823139341381 0.3202235016327358 0.08045982392562961 0.06998734636681164
0 0.5584652010467619 0.35514199449129824 0.11934095529409643 0.09649053528125656
0 0.5536094661561993 0.42086265006957 0.07076052072885922 0.0645634722151236
0 0.5829801111360136 0.45275927252463444 0.06101925824139606 0.05673575190958925
0 0.5951610957758382 0.5315774770991297 0.08290562937016852 0.07254523798165681
0 0.4947030688026138 0.5539537215833275 0.09260493256693877 0.07796911213334486
0 0.7970631930535688 0.543315372746119 0.0878811588406321 0.08246871351903942
0 0.24888472527327682 0.227251098560355 0.15805424949979174 0.11337833958031673
0 0.3198340628102538 0.3026318784677863 0.11229725399532911 0.10564378351364431
0 0.04467424325289163 0.5647336591844849 0.07088639860093772 0.07177501067666206
0 0.5521910395790857 0.9448842689681125 0.16328153471441234 0.11023146206377496
0 0.7708759946287813 0.2811116559048207 0.12937593281640913 0.12114517866371385
0 0.7069460252218618 0.4703079983814653 0.09045284215724955 0.09223814359542291