0 0.14185924833840113 0.14684769966209538 0.16621266047351554 0.1543977696567003
0 0.04215751226347423 0.16441625183860076 0.07297680304744437 0.11248634983104767
0 0.14525049316296818 0.2572705772780195 0.18949524058001016 0.14151514734361292
0 0.1084113653750985 0.35433439709515313 0.1418064798383547 0.10012674512309434
0 0.07012346484262551 0.42375398614305604 0.10194893713225936 0.11673874151688132
0 0.18315700257344114 0.477715077349008 0.16710474376342782 0.12570566127154537
0 0.21545228055385052 0.6139479393048817 0.19821854190548246 0.17082343757276364
0 0.166704569806485 0.7809239251639837 0.1576153393867044 0.1274933255813955
0 0.16356017464959813 0.6980682555867908 0.18177978116382706 0.13143762634523143
0 0.33536707372062546 0.730640098702332 0.13674682705334007 0.09501096189340402
0 0.3840636763715702 0.79125927015362 0.1447142469468455 0.10989617519947796
0 0.36063978359748816 0.8700165935059782 0.12067578540838397 0.10835572058948847
0 0.269278297322408 0.9324414131811347 0.16254901193305782 0.13020526265723967
0 0.42172844692400496 0.9464346367379395 0.19405097241038008 0.107130726524121
0 0.056046003374054 0.29228223437544376 0.08714791949319899 0.10860293028934911