0 0.91423031240463 0.17036647052382559 0.12998640020313373 0.14628347357218555
0 0.9380867959108976 0.04925962391387773 0.08536486971666636 0.09851924782775547
0 0.8096777153626784 0.1489525999767445 0.11066518697905946 0.17146570841057535
0 0.7286072952945872 0.09149289139241613 0.07626054766923027 0.13358791086944602
0 0.6774345755092595 0.041475077227144726 0.09705392590455812 0.08295015445428945
0 0.5928204989485758 0.14005872122618795 0.09936732806509951 0.15167490680028703
0 0.4563270413976499 0.14202956724971935 0.13972165011253532 0.17554965170297868
0 0.31199002747763543 0.06356896369249626 0.10333378322350402 0.12713792738499252
0 0.3907312446892452 0.0773797855942818 0.10062918378903109 0.1547595711885636
0 0.3177462916694449 0.23619846995912824 0.07562961980726472 0.1263763724079076
0 0.24780973327022845 0.27016677353883867 0.08806946915113936 0.1318841051899987
0 0.17827799274971554 0.23116778966344081 0.09056375929829041 0.10572181368745057
0 0.14327075683304868 0.1255848624956396 0.10594793866467209 0.14488339262338787
0 0.0655584750597224 0.2670843523010229 0.1311169501194448 0.16917816181071882
0 0.01736849699116821 0.18016030771402683 0.03473699398233642 0.11564092303348482
0 0.8056649481620373 0.04483639307948958 0.09161530573490004 0.08967278615897915