0 0.9354777647403016 0.7576492534165072 0.1057990234755687 0.14182893295502141
0 0.9555869493068059 0.9144307797491462 0.06062945804080591 0.1696120341358976
0 0.8386735495807165 0.7926708631900113 0.10389868881003668 0.1706191366608976
0 0.7557049812745087 0.8616820199590284 0.06953153471441234 0.12897045008162394
0 0.7062014423140293 0.9381774313176284 0.09120810938972077 0.12364513736474309
0 0.6216140877927845 0.8285007351803959 0.09154378371526306 0.15110861672873946
0 0.48548208542028054 0.8433683984085475 0.13038295579303713 0.17363843435779922
0 0.33824514361279656 0.9386769628239318 0.09601580169741279 0.12264607435213648
0 0.4191726030282246 0.9198103719744927 0.09179553945942012 0.1603792560510147
0 0.34856166958560447 0.7656320345733444 0.06944761613302657 0.12416275777393164
0 0.27929070367634073 0.7387690958899041 0.08155076548364312 0.12925020078301286
0 0.20989994318717586 0.7876552861227566 0.08593886488440707 0.10532363952510693
0 0.17309306693919005 0.898622855242575 0.09862944430472319 0.14406492868803428
0 0.08641656094429521 0.7667450077446047 0.14708400099788174 0.16681854687820527
0 0.03085337537737419 0.8604380526652778 0.06170675075474838 0.11437952273771373
0 0.8329698158153058 0.9127792456719024 0.08374481518402523 0.11728692015406003