0 0.9749072669109682 0.5032059084600894 0.05018546617806353 0.06118709540416749
0 0.9260800957008544 0.1601752996940449 0.1305879067643873 0.09348607767148824
0 0.5693181610964383 0.25235517981642697 0.15609853331410242 0.1107325936553396
0 0.43828021445669496 0.09885686688017054 0.11249912796353265 0.0787692857135615
0 0.14319066330776295 0.30612156406014074 0.1253595958820511 0.08859446678241022
0 0.10549680874373187 0.17705424263175035 0.14930761342720775 0.11541440809095344
0 0.09911288682670928 0.06293448926009731 0.10883342608575486 0.06430424949979172
0 0.8561141160009259 0.07374781967449286 0.1785743858480056 0.12072561188695968
0 0.9199053930255695 0.3244821072616174 0.16018921394886093 0.10600881992903298
0 0.8882936170523501 0.24952230394011188 0.14062390995441595 0.09846160714195183
0 0.5437263509758533 0.7691462268948346 0.22592993706965786 0.14075360764089268
0 0.5579075172197275 0.9038035708009121 0.19020241934330456 0.17133225898980753
0 0.3719259942732179 0.8081505063665657 0.165503608642165 0.10849658466426468
0 0.34572559726011265 0.6732833660070241 0.1816091598638174 0.12797910963919096
0 0.30221663590284786 0.614919709663631 0.10069020648162376 0.08096333541394347
0 0.3741070005805544 0.5861723707520319 0.07235511520341859 0.05886716783170698
0 0.3395972066270645 0.5483672845884097 0.06346110244330479 0.039510520728859216
0 0.1651227618362525 0.5705236613378712 0.17418731211495705 0.1254493856132663
0 0.18414213173411553 0.6644624781459889 0.10748112636851839 0.0762815209783297
0 0.18482155172948647 0.3704528764974563 0.09723481389116792 0.06890214535401995
0 0.3276716899878913 0.23373617382406695 0.13560590835940148 0.09597384240672004
0 0.20184625353454388 0.15353418893477183 0.09651344203589723 0.08809095529409629
0 0.3154884619735753 0.12191536837952797 0.13957236351780614 0.08644237637272106
0 0.49313225672457234 0.16341895541629664 0.12641114231866077 0.10061369755164104
0 0.9585015074314812 0.43469629307547397 0.08299698513703756 0.09812593281640912
0 0.8749008356420211 0.8097294393051752 0.12076221286168093 0.09091439435487067
0 0.7640988926274203 0.777793194300921 0.11270943725085439 0.08117313186740752
0 0.7833737938092575 0.8609356830620774 0.10811205423048438 0.08349305943986816
0 0.6986976045103971 0.9218622096610962 0.12902529775982868 0.10305950299617997
0 0.8952125726101123 0.8772888873570245 0.11123727223960109 0.06434620879048444
0 0.6367865805124632 0.6531620148561649 0.0970245046038459 0.06649829920017353
0 0.82409425201225 0.39361229894563365 0.09420003987535598 0.06164864760178846
0 0.8935796804905263 0.4608299893797629 0.0970245046038459 0.06649829920017379
0 0.8549067426960816 0.5537617832112527 0.1033043619227918 0.08340914085848238
0 0.6993781145513522 0.5318456193761423 0.09681419531652416 0.06409445304632765
0 0.6450665561521358 0.5008954177031695 0.11207850938888861 0.07396159340586919
0 0.6393429833977913 0.44919174575013077 0.07560019850655254 0.06852451173778434
0 0.6059299578775633 0.4102057161549319 0.06430233959259245 0.04912590534424383
0 0.7434929426522076 0.15818831667831285 0.12472866802008517 0.08138292832087181
0 0.9835599140146717 0.7378116845588999 0.032880171970656576 0.10736368381555841
0 0.9856551065399208 0.8506246166268979 0.028689786920158264 0.10002626748194142
0 0.9990334473287741 0.941041582785632 0.0019331053424517326 0.0807115796697864
0 0.8429430843915224 0.951982038581204 0.08846066642507111 0.07834969280663327
0 0.8893250026106825 0.713974206412911 0.17899500442264937 0.12553330419465206
0 0.2564803561960097 0.8877413517720005 0.1100952818096865 0.0787273264228686
0 0.20544439244622348 0.8256460483257597 0.11051590038433033 0.08353501873056092
0 0.14746713216922927 0.7802308104390172 0.125780214456695 0.09340215909010233
0 0.2155719296751411 0.7082142407581873 0.10663988921923065 0.06666613636294508
0 0.40717841100583996 0.2783271222501219 0.08260142768076911 0.06624654345601673
0 0.730421075400783 0.2419662780920392 0.10591851736395998 0.08585494630302143
0 0.7417935776121077 0.30336925324184816 0.0896026568549857 0.06396857517424911
0 0.7658952419343306 0.03016997751724325 0.0846750992532764 0.0350804620374024
0 0.2883520236355406 0.3878611463519016 0.13016728818974338 0.0886783853637958
0 0.06957260233482844 0.3288383079417781 0.08825035713774915 0.07594584665278699
0 0.09568364540021293 0.39409880806651326 0.11971066642507108 0.07889516358563989
0 0.055000238817022325 0.24457781468508427 0.07382728021467222 0.07569409090863005
0 0.5971737911985752 0.1592345691768194 0.1253595958820511 0.08859446678241022
0 0.7760761715367512 0.5031821990459288 0.09263743087079764 0.07122207292648032
0 0.703541258392307 0.40110873938103025 0.08395372739800586 0.05426927197747871
0 0.11124762270762016 0.47597643481470747 0.1305879067643873 0.09348607767148824
0 0.5342951244838312 0.4281567270195698 0.10570820807663796 0.08345110014917527
0 0.5554786099475062 0.46452911400745833 0.05751141970569789 0.053807719779857606
0 0.522379958312677 0.52515584227945 0.08740911998846143 0.06633046203740237
0 0.7596382656425914 0.6445056106345379 0.06911003190028489 0.04920982392562934
0 0.36103840346588245 0.3819293662564945 0.06430233959259245 0.04912590534424383
0 0.27526435568817564 0.5400438249235113 0.0789357258029914 0.05178150724224705
0 0.5016339821651703 0.3291794418049492 0.058653410135612476 0.03942660214747357
0 0.5481030742408826 0.3527922271443051 0.07193449662877481 0.054059475524014675
0 0.585636201696581 0.08222757367235681 0.12088207815569792 0.11971858891033176
0 0.5119887194229343 0.04973977459691832 0.1345543619227918 0.08395461163748925
0 0.689227696295228 0.01803095216811139 0.061147700282763666 0.013068213036551538
0 0.17960141122400097 0.9678627716032732 0.12346681229615374 0.06427445679345375
0 0.25673479743439986 0.9729520123614606 0.07349710563333324 0.044486050199323085
0 0.48488987276246254 0.9704852272715752 0.13308219691153836 0.05902954545684972
0 0.027371808743731855 0.1756905656842334 0.030347740158119516 0.07253497752231296