0 0.6508504611074373 0.8982792886674035 0.07299819534061779 0.07402481136950921
0 0.960911632998626 0.8010687930118953 0.07817673400274791 0.1365856925916463
0 0.8038149944248553 0.4631868196325618 0.13795080000596835 0.1666642101257919
0 0.9259455620187235 0.31641614270096596 0.09816484709049707 0.11868045128773061
0 0.6481796333368147 0.05861495812391666 0.11116519907230114 0.11722991624783333
0 0.7683229841515353 0.04008638542465197 0.13760750676460903 0.08017277084930394
0 0.8810339946403676 0.017590220901836096 0.08418337389611981 0.03518044180367219
0 0.9861889832298047 0.7222667299457625 0.027622033540390535 0.1880838988272712
0 0.8144348876781511 0.8153036990515925 0.13574317809463674 0.16891401081863905
0 0.8812030625019696 0.7747786883749305 0.12455799953913473 0.14906705974387408
0 0.2798746450076512 0.49797065320725725 0.1819066172579174 0.23643662980946745
0 0.14942912472874478 0.5280777689468152 0.20339416364368826 0.20672708441945695
0 0.20013129092211243 0.3351395956924208 0.13853947273351225 0.17387574858733032
0 0.3295956899884456 0.2930132491836321 0.15914381166188413 0.191935035352245
0 0.3775501216883591 0.24402819484907765 0.09978379627428466 0.10921911213334493
0 0.422904086259746 0.3111979832041333 0.07079057342928617 0.07627461206235639
0 0.45231453357769175 0.27185875409603205 0.05097113147097305 0.06783070991282628
0 0.38910376620530407 0.10434360912343374 0.15615129278049403 0.18456945142970763
0 0.2996217426630396 0.1330338751029325 0.0953685524516217 0.11371871351903932
0 0.5942155862522858 0.10086512955390713 0.08496827086617838 0.10348714705965886
0 0.7637598778656962 0.2241115906664376 0.11935785874641333 0.14395127651418377
0 0.8145599578142382 0.09157766218019499 0.10419904009694775 0.10471951074765053
0 0.8728651191237591 0.1989966533066395 0.11234254452738941 0.14589298628503305
0 0.8729626361467678 0.3778055414572486 0.1209768079302005 0.13448993735979814
0 0.7185751795219939 0.8842736084135486 0.118180513291325 0.12952819959110684
0 0.31887470912264904 0.8277292720561087 0.10836890443342581 0.12650817159326494
0 0.3241733587687939 0.7150261531362687 0.10056869324434335 0.11883449674872947
0 0.2456067550400944 0.7442251376181953 0.100176244759314 0.11402680444103716
0 0.16451401214662217 0.6684717007553167 0.12598072448040756 0.1372018744356423
0 0.25593310539394964 0.8559269610415421 0.08354554592490561 0.11535233236789057
0 0.4190521440784604 0.5748346913138531 0.08236820046981755 0.10092925544481378
0 0.7228437510779783 0.729349136340402 0.07736428391961042 0.09821731836896976
0 0.6722400937380336 0.805084589289262 0.08236820046981755 0.10092925544481364
0 0.569733338958213 0.7778236297668726 0.10218764242813067 0.10937315759434386
0 0.5546730291621705 0.6229295983047947 0.08236820046981755 0.10092925544481364
0 0.5729964100458717 0.566177704886843 0.0933571547828049 0.11837236036573273
0 0.6227903944278395 0.5545292886674035 0.08079840652970034 0.08169848621404455
0 0.654800912142146 0.5174398602521494 0.060586516086357387 0.06844689175682216
0 0.9388468100488557 0.6224748315444223 0.10395366061076289 0.13100777297895924
0 0.4237359564465629 0.9430387071158807 0.12347896457138702 0.0772597660504872
0 0.3098476005026427 0.9539616357441003 0.11087106107461212 0.06927800028395399
0 0.2258846317387069 0.9762571726864864 0.09610469091017605 0.03485392682511336
0 0.16897781611470658 0.8119626832921598 0.08899106620381204 0.09417985336627219
0 0.41821729840040006 0.8310287927705361 0.1539436708691624 0.18681925212255487
0 0.09374920653566841 0.23080151378595545 0.0979686228479825 0.11627660513388445
0 0.1447207347388072 0.17437385279836407 0.1027763151556748 0.11658469605588234
0 0.1746708979067097 0.11204403976772538 0.11356904522614744 0.13162395482295514
0 0.26390734359670653 0.16915244863276196 0.0855569435937224 0.11069868552119733
0 0.7391815021111949 0.30784495089019326 0.07898323310339815 0.0887559792145841
0 0.8516215636615929 0.619607006601923 0.10478771282449163 0.11193104920918902
0 0.7939046783474502 0.6378041973194745 0.0793756815884275 0.09356367152227645
0 0.6001512704053131 0.2031826365533676 0.1115576475573307 0.13627760166964845
0 0.6060144118893327 0.014505626870544751 0.09183651608635766 0.029011253741089503
0 0.5489843114239913 0.039267733594570156 0.09796862284798252 0.07853546718914031
0 0.9029367818382568 0.4785825938467196 0.11116519907230107 0.13146990936195627
0 0.6016213652955099 0.6948300562370432 0.08697966853499531 0.0988335002129655
0 0.685388308183014 0.6109283514495824 0.06676777809165256 0.08558190575574323
0 0.47083473380215624 0.05409829402703186 0.11636533986502301 0.10819658805406372
0 0.6190623321861437 0.44965389005309786 0.10238386667064549 0.11177700374819001
0 0.5883764272918527 0.4733681191611992 0.062401689512659786 0.061389398756282694
0 0.5199159671509074 0.4487582154925166 0.08177952774227351 0.09371771698327531
0 0.45670381121593945 0.695659322358519 0.06097896457138701 0.07325458406451446
0 0.6241649559558566 0.2753446032881831 0.060586516086357664 0.06844689175682209
0 0.4459126680741299 0.20823385374960848 0.06657155384913803 0.08317805960189695
0 0.709672744305909 0.4051845786126001 0.050578682985943695 0.0630230176051341
0 0.6979722291562023 0.4542627971860164 0.06598288112159387 0.07596652114035848
0 0.9537865129456762 0.45930708490217553 0.09242697410864764 0.13091460874009747
0 0.9684304909161442 0.3812286670216064 0.0631390181677116 0.14062315759434385
0 0.0267358505917481 0.23872055592469543 0.020506028441031682 0.07544350353522453
0 0.06931750304784592 0.4643435628531674 0.0734885575808215 0.1386205666013575