0 0.45811863163141103 0.9552777843219723 0.06155085749337616 0.06494873062286124
0 0.8010303844662935 0.9680622567994533 0.09352820931698712 0.06387548640109322
0 0.7589840172707805 0.622912336646556 0.11158603548002169 0.15104233050576546
0 0.9263570408565175 0.5396735262337938 0.07938488309529937 0.10890360596649315
0 0.7632521437334403 0.1872019550729657 0.08928001841207261 0.12131463363538164
0 0.894177833907639 0.18893441860003393 0.11622587736688071 0.144026690494056
0 0.9870036516540066 0.21443802836877005 0.025992696691986887 0.10454077531435803
0 0.9036124671177893 0.9360245728566957 0.14317173632168825 0.1279508542866086
0 0.6416212114186973 0.934058457384595 0.10689024345288473 0.13188308523080997
0 0.7182645376403853 0.9344971838249889 0.09923110386912407 0.1310056323500221
0 0.25643728094909224 0.4415301801691156 0.1419987932539532 0.21952541351243132
0 0.12375016629519266 0.41571028049112857 0.1723535910095087 0.18233721497478056
0 0.24145168780608994 0.2620028701954621 0.10940598988728649 0.16055976589623572
0 0.37746482098936984 0.27595046294159 0.12897245995972229 0.1757664366186282
0 0.4405233174530985 0.2509018866325921 0.08150897854775649 0.0969823244221768
0 0.45799467208226524 0.3308654796714591 0.05925891162008549 0.06965847370563909
0 0.4994745033016562 0.30733920649207735 0.039860291968482967 0.06166334144478496
0 0.5013438083057159 0.12969946416974804 0.12640076338504286 0.1684569489321753
0 0.4074539329550214 0.11986982901346918 0.07686913666089759 0.10399796443388637
0 0.6953300048217416 0.20965078677828858 0.0694337976382479 0.09408873214375837
0 0.8087893650620195 0.38958824574266515 0.0967153574347223 0.13122386592550966
0 0.9037392782608442 0.2901898047363157 0.08860861672873946 0.09246847978922784
0 0.9197579391208871 0.41092083316565287 0.0872118730998933 0.13563976133354425
0 0.8551088834154386 0.5739946648709757 0.10129924918130338 0.1218043797599539
0 0.5244202263531524 0.9551696632928769 0.09867160246634626 0.08966067341424623
0 0.17370644376666727 0.7563666996194391 0.0891681181315172 0.11650694132768945
0 0.2194054858817847 0.6561622225792666 0.08178872924914539 0.10900155519140743
0 0.13521492035689156 0.6503301535534148 0.08162087882831202 0.10179001672986918
0 0.08721991261228679 0.5487095028954249 0.10375904547542744 0.12430617513871448
0 0.10405085544540661 0.7559300182507662 0.0649618061722223 0.10831591061700643
0 0.3590503534878744 0.5681912268492191 0.06702995148440175 0.09399078291884394
0 0.5873088625179494 0.8308572993845748 0.06216630903643164 0.09139103831516894
0 0.5115887136108447 0.8794056164950047 0.06702995148440175 0.09399078291884394
0 0.4259714195088682 0.8122754705460759 0.08396877484188045 0.09948411980093724
0 0.46820356280486164 0.666299967357912 0.0646261053305556 0.09389283369392952
0 0.5068039716780454 0.6222430526459235 0.07457719078760693 0.10870770751666416
0 0.5562506682527248 0.6314625502182081 0.0689302463757479 0.07245411675914298
0 0.6002182708363788 0.6116399954945101 0.04947567658386758 0.06205513834444268
0 0.8272458767803427 0.8214214526452503 0.08206847995053415 0.12102078596063848
0 0.22097610956575936 0.9300047856678991 0.10845483750256417 0.1196943812808513
0 0.1142277513416674 0.8836277120793559 0.10051594721741458 0.08815053360610775
0 0.038954198617735795 0.8997730807253199 0.03885519932158129 0.12166154606602439
0 0.0458819666216886 0.6815128268498921 0.06199845861559835 0.08417949985363048
0 0.2647738518504814 0.7997032570921925 0.12410881751175232 0.17316669201495324
0 0.1805981971880877 0.12383478110520764 0.07692508680117528 0.10640181058773253
0 0.2471225875318911 0.09292351324896606 0.08413662526271373 0.10669565826247587
0 0.2991959258824787 0.06022262696631468 0.09358415945726506 0.09987591670059517
0 0.3610545091473826 0.13839251143532974 0.06725375204551284 0.10360616753422856
0 0.7550954825214747 0.4558450289542483 0.06669425064273518 0.07956770599576703
0 0.7471076766693916 0.7833333589923043 0.08642857113600454 0.1019859151796981
0 0.685725674535898 0.7772298845262167 0.06445825490972232 0.08668129523239106
0 0.9620021416854707 0.8845499423203099 0.06440230476944464 0.0842774490785449
0 0.6639421393491455 0.3056352668602555 0.0893919186926285 0.126122325943074
0 0.7515945789979168 0.09906977355792329 0.07686913666089733 0.10399796443388637
0 0.6835045896653846 0.11430706680170767 0.07955273351613265 0.1161151444280316
0 0.833605098930075 0.11441927797424531 0.07630963525811953 0.07995950289542483
0 0.8466974317550753 0.6769192779742453 0.08928001841207261 0.12131463363538177
0 0.4857588426444451 0.7498693296275483 0.07172574351153858 0.08937898906098077
0 0.5952727130560903 0.7087019170505359 0.05473097001378208 0.08148180602504104
0 0.6016339450839211 0.10496717777000104 0.09419961100032054 0.12631822439290288
0 0.5912443029560902 0.5356249939736129 0.08402472498215825 0.10188796595478354
0 0.5530345401258017 0.5448751140672894 0.054115518470726605 0.05503949833273335
0 0.4990309219356307 0.49464330804224843 0.0668061509232908 0.08437539830345933
0 0.35114245309001124 0.692750455337104 0.0495875768644232 0.06686283065213526
0 0.6596669783131414 0.3799096245672002 0.04947567658386758 0.06205513834444281
0 0.5172785439553421 0.24682472336831596 0.05221522357938031 0.07657616449243417
0 0.6920379909967953 0.5325273229584813 0.039748391687927355 0.05685564913709266
0 0.6629130913883017 0.5709664191855122 0.054451219312393176 0.06946257525581026
0 0.9226423861623403 0.689620063174435 0.12036216799123932 0.11537643509773113
0 0.9610264499056627 0.6265772522939634 0.0779471001886747 0.1309300182507664
0 0.9819582528617528 0.8133161007291553 0.03505259966079066 0.061467442994956385
0 0.09103943301367524 0.042134634395830275 0.10515578910427358 0.08113489359439821
0 0.09596003054097231 0.09877194284858656 0.04489178483728638 0.07147462450999854
0 0.05672021481079086 0.32171949757228463 0.08229228051164542 0.13063617057602295
0 0.9076487535069445 0.09702301163890091 0.07345818798205145 0.06063078443974114