0 0.2244340016291623 0.8365994794124305 0.1932605894092726 0.19893928074482703
0 0.9199062668608001 0.35586068115608477 0.150201155093506 0.20944751668028025
0 0.8843073969819149 0.5372823888198794 0.1487325799192569 0.12531290129566486
0 0.4259693843659142 0.034443656571830045 0.11921507742201776 0.06888731314366009
0 0.7197433741325567 0.9502326542086041 0.16189687812154901 0.053701181624872765
0 0.20923132430490482 0.6065018019026565 0.28346167582236526 0.274160599185199
0 0.8019770310970912 0.43685504971461786 0.17335847152741807 0.15980618902383187
0 0.8815733360401544 0.14338739621883853 0.16138120004888007 0.16179031439051766
0 0.9697542932078137 0.11508304985718279 0.057470344654488824 0.126930715620938
0 0.15551571241287546 0.04064025701596223 0.15050703671271062 0.08128051403192446
0 0.15067214410666774 0.10765031523383178 0.18301581543349552 0.16254581180740646
0 0.15180231518655993 0.24935132207460672 0.16618889235657247 0.16195820270538178
0 0.8886298276778254 0.7713635842688672 0.10006822677263418 0.08998017199317697
0 0.5544073164339121 0.04208635348756064 0.15080075174756047 0.08417270697512128
0 0.8670642345214266 0.836980955760886 0.10466612262686244 0.07812882953881065
0 0.7635161163901016 0.9198755055286727 0.15809620879048444 0.11122560100231628
0 0.7852915059999646 0.8422389032674231 0.09028500499447827 0.080029010748064
0 0.5605975593202026 0.6398770597619328 0.08779724025924647 0.07513737428293975
0 0.14719560627134018 0.3756371893089619 0.07805597777178339 0.06759005919167294
0 0.3241835564436881 0.014907645123016807 0.15451750249723914 0.029815290246033615
0 0.8917883173095935 0.24633306004706274 0.14363117257671476 0.10831808990387767
0 0.7973764054740488 0.6316085602548723 0.12697208666256296 0.11734586541723775