0 0.09345021410089192 0.31862352554326934 0.17085096010613324 0.16245845569273515
0 0.6604119036755621 0.9248438747213945 0.1806902665895359 0.15031225055721092
0 0.47369563021362526 0.9122416897049684 0.10219973659033271 0.13204569791880352
0 0.9329786597330731 0.3513992534165072 0.09845235922837858 0.10314359393237187
0 0.02898924079206043 0.8412352585046474 0.05797848158412086 0.1464128247016025
0 0.31888490901690897 0.25769314428819473 0.22983413246689216 0.24307223199604713
0 0.5614986231507095 0.8096046618522441 0.1319415779085587 0.1519478688329059
0 0.8613636072444292 0.8298195832331204 0.13848135076604307 0.13769264233066253
0 0.9060224079067297 0.9455588300780987 0.10689546796401626 0.10888233984380263
0 0.8972174393971414 0.08585717368787468 0.11662281351340963 0.1323813987604702
0 0.8027956737930872 0.09809819514011821 0.1323894216445948 0.16156325344829067
0 0.6630070668708072 0.12853490822799202 0.13630142648021495 0.14244438449807703
0 0.24269916364902885 0.9596681515953527 0.07374213208586286 0.08066369680929461
0 0.9340883272911206 0.48257671922195594 0.09280827384296614 0.13662958966538474
0 0.17567137367635907 0.9541610825341882 0.05965493796481299 0.09167783493162372
0 0.07616864128428535 0.8705020433419339 0.09554800279883936 0.143897078267201
0 0.16013531526788724 0.8760660674824254 0.06608274988828836 0.07837778057029911
0 0.33007088248681504 0.6117019555167738 0.06127505758059607 0.07826588028974363
0 0.5380893806076402 0.14969193754214788 0.056019521536867685 0.06853859539380346
0 0.9535859212964741 0.24479177548215889 0.07872107972191628 0.14350542728525648
0 0.9761261659352045 0.07084863016997946 0.04774766812959104 0.09716094867884618
0 0.7612944423276152 0.8599775505586545 0.08526085257940061 0.12925020078301286
0 0.36854549850879165 0.8448200872386221 0.09638439587655935 0.11029918225363253