0 0.8292840201703566 0.16951075388926634 0.20366841318225953 0.2070620504356999
0 0.3522717522472184 0.8967185946279732 0.21115654005147277 0.16211758379054933
0 0.532925743784883 0.8494943820477497 0.12953773175471256 0.15832824258202186
0 0.032132431762681726 0.43199956016496704 0.06426486352536345 0.12638549505468133
0 0.9443852411436496 0.6554312119133066 0.05077061334783459 0.16433643855836058
0 0.5991865550051799 0.17257432363642064 0.27992635235597735 0.3014689352124549
0 0.43222108831588624 0.7744853265125058 0.16431118724864893 0.18491684009322557
0 0.13880693548812284 0.8769635572888819 0.1661552287324499 0.1730797618934764
0 0.11445561049011511 0.9626464695140906 0.12975502576803538 0.06013485541329271
0 0.03759218425929483 0.16165794414201556 0.07518436851858966 0.15745334248519965
0 0.09958173220155908 0.15054805681191605 0.167162877138531 0.19471437727809165
0 0.24129669434447318 0.14220490136634928 0.16637915060046787 0.1778874542011686
0 0.7683347254607925 0.8352491994693244 0.09124082076683984 0.10751903096287499
0 0.04031865750577765 0.5597856428330692 0.0806373150115553 0.15927486818001546
0 0.8329883164767923 0.8099894640703705 0.07933355093161837 0.10901211426931348
0 0.912377847875415 0.6997754267241338 0.11075480625997941 0.16648640664155379
0 0.8379969113100217 0.7281676185548603 0.08346947763525656 0.09495334248519946
0 0.634578931414561 0.5184176587771822 0.07866178532756418 0.09458903734623657
0 0.36772253928941423 0.12783419916087427 0.07089044219598069 0.08202334886856104
0 0.012038936184364045 0.33276847111350355 0.02407787236872809 0.15657844238837748
0 0.2417244763674714 0.8787463814165586 0.11237492587576242 0.14984163613411228
0 0.6283024912553613 0.7560341228689882 0.11880273779923775 0.13356117076563395