0 0.5331253733418302 0.8760525429946718 0.14572344119266653 0.11792248820366233
0 0.5694856688049417 0.7861269455060526 0.16014651811574346 0.11893104799130928
0 0.6365359318885341 0.7036315197595832 0.15718263958237808 0.10914757007798342
0 0.6623707901195425 0.6300032954627283 0.13979568412593607 0.09835553237701114
0 0.6983110612980147 0.5472892364356474 0.1974642832773537 0.14308706284504163
0 0.7674733000752488 0.4490847640402075 0.17356582983377186 0.14380997601947654
0 0.6198930692625797 0.4139175182384512 0.16523422661319523 0.12407492689488382
0 0.6570352635179751 0.3311194125623998 0.1508111496901183 0.1230663671072371
0 0.49547568860775854 0.33044647940419536 0.13795187035160886 0.10780282369445451
0 0.5493047978451971 0.2488755667964022 0.12310876914389272 0.09958272544526924
0 0.3141371663576987 0.3610823229036263 0.13753184606696964 0.10059128523291605
0 0.3513493646605338 0.27708229415065183 0.1854450525081228 0.142246596355336
0 0.5759097005980442 0.1620261886533935 0.1752696355132192 0.13195883854818685
0 0.6469038988791602 0.07316268933969403 0.24070980550569432 0.14632537867938805
0 0.7532224293326955 0.1388540235624127 0.14558343309778665 0.11551864204981635
0 0.8782235509079259 0.25340696909872745 0.14896733591579137 0.1325136584246805
0 0.9236995915343587 0.3974614083565905 0.10471804848240204 0.11266105598481711
0 0.23924532838560883 0.4548993362362268 0.1074256193668979 0.07693955027300703
0 0.2027331705571725 0.5268801342199705 0.09582641288230641 0.08331062224483979
0 0.07238578968515993 0.5048499956153976 0.14477157937031987 0.14414616261535876
0 0.04618905694650705 0.6302449588689153 0.0923781138930141 0.15777931303140028
0 0.016002093503780783 0.8566014605839712 0.032004187007561566 0.09929707883205743
0 0.07626532871139577 0.807448964386801 0.14275956265930126 0.10813901029033673
0 0.30681381464309226 0.8978629283857534 0.19109279338509375 0.15700585987429522
0 0.3834794623420693 0.8146951294475197 0.11279334405410929 0.08689112148427387
0 0.45213981851677904 0.7045554729318193 0.1468435059517047 0.13715325743443182
0 0.32103649054383376 0.6742211894290906 0.1233887853336523 0.1043904177529614
0 0.3409435917081117 0.6201599209588873 0.10544179749769106 0.08398299543660445
0 0.3829053325416444 0.5573742743456753 0.10007407281047957 0.07403142422533754
0 0.41467980210982824 0.48452773988089076 0.1201448906105275 0.0897992475319435
0 0.5439630248493367 0.5461120233836195 0.12310876914389272 0.09958272544526937
0 0.5668340045469799 0.48226727700009053 0.11690099588740265 0.07520807731092533
0 0.9471865102380549 0.05586311456352492 0.09722649383110411 0.10734908378330142
0 0.8363758664779221 0.03479399416853112 0.1366917974976911 0.06958798833706224
0 0.8235944422134656 0.9036220837227769 0.09059869628997483 0.0757628971874191
0 0.6693864138596672 0.9000410245169029 0.14756725496699347 0.10847519688621897
0 0.7622952437151582 0.7846146657910222 0.11391340881314758 0.1061218907150431
0 0.7894720331179694 0.7084985486913508 0.06996784611040797 0.05037968926542865
0 0.8312237618091824 0.6493186713089081 0.06784401614632128 0.055019288275179705
0 0.14667802922256346 0.913848825006531 0.15323870438485457 0.08253716908773476
0 0.5092890729190753 0.030822090046622008 0.1112295464695417 0.061644180093244016
0 0.45184234018042246 0.07254553443452227 0.09795024284639303 0.07867102323508873
0 0.42713940097889724 0.14729163515932958 0.12282875295413312 0.09477503313757696
0 0.18220788723638062 0.6121073560412033 0.08268711735403748 0.06323938652436499
0 0.1415180735272109 0.6736070329285215 0.06826404043096056 0.06223082673671817
0 0.42943367703013624 0.9299874615081992 0.13400793515408532 0.08119242270420557