0 0.5763162691776004 0.9491569342323535 0.1406288295388105 0.10168613153529303
0 0.6059064827736113 0.8664920152718432 0.15264806030804115 0.11378716908773476
0 0.6676128428168169 0.7900814549175548 0.1523122836783128 0.10417178447235013
0 0.6870000626954186 0.717940800310835 0.13514958397166138 0.09337974677137759
0 0.7175403668960563 0.6369411809294656 0.18937730587519042 0.1355393377876208
0 0.7797923639625706 0.5449056205751771 0.16782663464800698 0.1364303442599968
0 0.6284912397122532 0.49577015769437693 0.15753969677316568 0.11652720183746314
0 0.660191494911098 0.4160565080389012 0.14552046600393484 0.11568673534775743
0 0.4980577957626306 0.40110444119710564 0.13308151444754357 0.10282703808882096
0 0.5440971837271202 0.324803197483123 0.11840660505217052 0.0946069398396358
0 0.316762004334984 0.41734359769767476 0.13282968197524742 0.0956154996272825
0 0.34854620369126094 0.33522610188835295 0.17735807510595952 0.13469887129791525
0 0.5651480195485216 0.2395254356792199 0.16981076001469256 0.12457920678870729
0 0.6278197374021961 0.13547064455570068 0.23158579700948836 0.17685846231415864
0 0.7413423141174634 0.2313635541212301 0.13814103922753226 0.11037476314624178
0 0.8766940994050842 0.3576995038633542 0.1411324944834029 0.12736977952110598
0 0.934157449959159 0.5063006988405928 0.10448719307368584 0.10802145697506606
0 0.2486263081200026 0.5053531555763411 0.10563187686605097 0.07213185796531472
0 0.21734577370831826 0.573047574462586 0.0914606324152703 0.0783348366392065
0 0.077068038954478 0.5408230813076794 0.154136077908956 0.13453077799997415
0 0.054662658947131675 0.6619904421213335 0.10932531789426335 0.1509039611657441
0 0.03342866760502409 0.886775327497284 0.06685733521004818 0.09566603960995278
0 0.11145440529235015 0.8451699963910945 0.13788920675523597 0.10316322468470346
0 0.34972514953532124 0.941143114251332 0.1826694323582442 0.11771377149733607
0 0.4211308383513436 0.8788732625947312 0.10837149964962532 0.08191533587864058
0 0.4813987100511721 0.774650378173271 0.14130038279826707 0.13217747182879855
0 0.34791657156112055 0.7327852304116446 0.11857449336703468 0.09941463214732812
0 0.36302646894949636 0.6796232050887823 0.10107601703065491 0.07900720983097095
0 0.4012247372717069 0.6208465276348224 0.09601649225066634 0.07145948477355027
0 0.42657960045620796 0.5503280293498785 0.11566698226859601 0.08482346192631009
0 0.5626182062091275 0.6224933939814934 0.11840660505217052 0.0946069398396358
0 0.5804257543023618 0.5610860004181107 0.11275947117015733 0.07023229170529205
0 0.9412698280068229 0.1646183583985567 0.11393468937420656 0.1038861378591382
0 0.81736110205344 0.12462750690561791 0.13472986318450106 0.08136051600214682
0 0.9826464856950212 0.32534810078533183 0.019597080272181808 0.08050357616251101
0 0.8708141278966282 0.9862605313482553 0.08648505179271382 0.027478937303489312
0 0.7158080230522672 0.9690556783341848 0.1432005640075207 0.061888643331630425
0 0.7993321540007946 0.8824273719099504 0.10663920675523614 0.10097801181146857
0 0.8212071641906744 0.8080509644473255 0.06873474298403764 0.045571996957736345
0 0.8592795162767369 0.7528800562241347 0.06417888314864174 0.052447348823392304
0 0.1906096105155986 0.9591422920931405 0.14890110763528167 0.07515753732825531
0 0.4851839071626365 0.07971196975615591 0.10655526259780392 0.09857416565762248
0 0.4337225129155561 0.1387660571483627 0.09378053441168423 0.07609908378330142
0 0.41433529303695443 0.2109067117550825 0.11583487058346019 0.08963115423400239
0 0.2035484484271715 0.6576276930833894 0.07885379254401492 0.06066744707257772
0 0.16655210318188413 0.7164884171863198 0.06683456177478415 0.059826980582872016
0 0.47711372848332523 0.9807769074777558 0.12983822671937667 0.03844618504448833