0 0.09457974899831602 0.3984754918630006 0.10575706418487597 0.14485179125693853
0 0.18426242756992564 0.37886390552625193 0.10596686063834013 0.1568710220261693
0 0.2637632711017975 0.32607178583465396 0.0963514760229555 0.15614241174824295
0 0.3367868637592553 0.31480051612691895 0.08644237637272106 0.13858687839339354
0 0.4192370242239801 0.29344054900480254 0.12582701922950187 0.19438593488971415
0 0.5143628677558519 0.24183242101483476 0.12785323176711244 0.17293347207458035
0 0.5554888211763851 0.3973910928957707 0.10845462537357192 0.16186086690334306
0 0.6367160789188403 0.3747381264119905 0.10824482892010781 0.14984163613411233
0 0.6431541002713757 0.5372709706508282 0.09601580169741279 0.13691164251747373
0 0.7217257561158278 0.5000127746744893 0.08855250749171753 0.12194210788595218
0 0.617454893227184 0.7153736013555109 0.08880426323587433 0.13636518480902884
0 0.7010859971234856 0.6929027874412121 0.12561722277603757 0.1823667041204834
0 0.8079495229740931 0.48854142102198 0.11587596028857441 0.1744265553810186
0 0.9150945972751957 0.4378440558794201 0.16500186563281824 0.238165760616804
0 0.8253191870612088 0.3146089486318041 0.10331125874033703 0.1422657925336108
0 0.706299009739486 0.1663514720888708 0.12018014110795314 0.14594470667382797
0 0.5585524731515107 0.09153824227357163 0.1026818693799445 0.10620810022591848
0 0.5260397171528136 0.7732645735843163 0.06670809565363783 0.10828350399138714
0 0.45683169017958913 0.7968283029155044 0.07366787837101924 0.09440688477675471
0 0.4811097408778529 0.9299642773749139 0.1255752634853448 0.14007144525017223
0 0.356466394848742 0.9452966977371221 0.1440927247743359 0.10940660452575585
0 0.25889474587233113 0.999510175233987 0.06519756118869598 0.0009796495320259714
0 0.133181437930553 0.9534534423883775 0.09066263861071373 0.09309311522324502
0 0.17966390796114856 0.8718524510094879 0.09609972027879855 0.14171933482516616
0 0.08049507616959596 0.6230708860534272 0.14012421828050023 0.1882673118450652
0 0.1622319286925426 0.5608455343159261 0.07636543955971534 0.11141596042315964
0 0.26941896228433804 0.5125520153272125 0.12498783341564518 0.14630901181279107
0 0.3042206056400596 0.6496264596305983 0.09336019979940971 0.12230641302491535
0 0.35807636800278747 0.6405037385977799 0.07383571553379079 0.1040222693921396
0 0.418745055565472 0.6090909368118679 0.06654025849086655 0.09866811937600253
0 0.4904618269192746 0.5917189754347766 0.07889516358563989 0.11880965145417968
0 0.4255491677044369 0.4487618547821018 0.0885525074917174 0.12194210788595218
0 0.4877764323149335 0.4378728215886228 0.06443012737187022 0.11531288988344403
0 0.8999825455790502 0.12221159944764762 0.09804201423502362 0.11545917970233993
0 0.93583925449427 0.2509636584973128 0.07442314560349016 0.13767611554598574
0 0.741712416333617 0.06340560614660445 0.07957867882108015 0.020434111715968897
0 0.0557649100892517 0.1002522789671816 0.06877626748194138 0.0892348873300995
0 0.05967320741586235 0.2553914321749993 0.1106067157832611 0.14761994254974778
0 0.17848085851530665 0.185172137572155 0.0955542494997917 0.11046933482516604
0 0.25386633803591785 0.1716791742800554 0.0420402447547839 0.0704042859888791
0 0.31092925636783303 0.13999314363992088 0.049167864634936616 0.0661430513896315
0 0.07004323550916894 0.7807228930751247 0.06746336288610884 0.15155273476061792
0 0.9583340353380885 0.5831318777764931 0.08333192932382315 0.11028718225568458
0 0.9016453970990455 0.6300786032776645 0.07130599150786611 0.09662857836111954
0 0.8286218044415876 0.6413498729853995 0.0837028558933322 0.11917395659314287
0 0.3716839685261685 0.8011791943912162 0.05663115884063211 0.08111258602115311
0 0.31099430131813754 0.8313900731002053 0.05642136238716793 0.06909335525192234
0 0.04339448488676028 0.49182390456517516 0.0719353808682585 0.13268627066881186