0 0.14082709941715993 0.9629364104918163 0.10630343012550766 0.07412717901636731
0 0.4090239357846696 0.2298602554934994 0.1119505640075207 0.11700316783623708
0 0.4350922733579437 0.5188613114389118 0.09221612983215909 0.10101029697304274
0 0.3351418943244007 0.37811401842798514 0.09436814351370898 0.09399498275401896
0 0.5856607755254358 0.7288293839390073 0.10697498338496422 0.11180302704351529
0 0.7091460530516471 0.12659199116895764 0.12670941756032597 0.1277958979067097
0 0.8179753650789389 0.530830196767975 0.10714287169982839 0.11661071935120773
0 0.23601568965933642 0.2482821452306236 0.08226496858704611 0.0906100153875995
0 0.03321502862203309 0.3565049724956193 0.06643005724406618 0.11204840652970018
0 0.6181432839634429 0.2818856459443022 0.11485807510595937 0.13162246900182867
0 0.8830280028029965 0.669934161339362 0.07720544380705754 0.08300602844103175
0 0.3241490901890076 0.2096731410380748 0.0920482415172949 0.09620260466535044
0 0.5465773659101772 0.15671419768970551 0.09934372413626545 0.09919512354674062
0 0.5478059429105746 0.5702492706506662 0.09221612983215895 0.10101029697304288
0 0.17530522183828412 0.22645150396957645 0.08698871673730632 0.08859861771878262
0 0.8848823823947237 0.7894151065610332 0.07222986318450107 0.07780588764831009
0 0.34002975220011433 0.10007733917372506 0.07463370933834722 0.0780021118908247
0 0.7553456193039803 0.6329938566725194 0.08715660505217052 0.09340631002647506
0 0.09698940723995686 0.4671552317058818 0.07986112243319993 0.09041379114508476
0 0.17636968911322803 0.9208195508236727 0.0822649685870461 0.09061001538759957
0 0.46014567291381153 0.6643429606241913 0.08707266089473843 0.09100246387262892
0 0.048656822151927064 0.5741020062962835 0.0648504364080984 0.07240952261307362
0 0.7596038959989533 0.3729860235721055 0.10448719307368612 0.1092029566471546
0 0.9146061203551039 0.8701891338349814 0.10099207287322269 0.07775673240464005
0 0.701022464626588 0.9733602778686803 0.06468254809323426 0.05327944426263952
0 0.6287124868234654 0.9456904776472 0.0766178347050328 0.0661791053641084
0 0.41871172499165527 0.9189054718117817 0.06004274410040612 0.07201707412804453
0 0.4428035962758645 0.9715333115466679 0.08226496858704611 0.05693337690666421
0 0.41387354922167824 0.6087357834662056 0.06949024040092656 0.06799427879041066
0 0.16975341883133505 0.6960845130608924 0.08209708027218193 0.08580232307990726
0 0.011374382382647957 0.1405023102569076 0.022748764765295915 0.06946615897535367
0 0.5229318183872029 0.8683507713494243 0.07994506659063205 0.09281763729893118
0 0.280223471467363 0.9497879976807533 0.0769536113347613 0.07579448997949328
0 0.23063938309547277 0.8854730226205341 0.0845009264260281 0.08599854732242179
0 0.09977483164105788 0.3528744272769321 0.06949024040092654 0.06799427879041066
0 0.8631447261080236 0.9286665368634306 0.07463370933834722 0.07800211189082464
0 0.756230811546428 0.8837787536425782 0.0743818768660511 0.07079057342928617
0 0.30102247481646793 0.8719327564226902 0.08707266089473843 0.09100246387262892