0 0.5741204031762095 0.7592775181201825 0.14912672544059793 0.17527860930008807
0 0.22694552193205 0.6824396077789561 0.15979365649259222 0.1879702132610833
0 0.9600845473431973 0.8449320899283533 0.0798309053136055 0.12530211996314206
0 0.9207172088741451 0.30101575595869323 0.15856558225170977 0.15465255370311937
0 0.780316138766239 0.26242019083195384 0.165953648517521 0.17645526238567585
0 0.3355675486848987 0.8453292930476307 0.16772656680940137 0.16941181722207851
0 0.4522080295077634 0.07582055391217474 0.15681990516937297 0.09936409216465779
0 0.9530675174730405 0.9611294633731765 0.09386496505391898 0.077741073253647
0 0.4795280759813375 0.8386720144961461 0.15558747074615362 0.13989329018416022
0 0.10038182288190735 0.778711567214513 0.08130797056495688 0.19203851904441047
0 0.10292896534480045 0.07050970164353888 0.16739639222806244 0.13832991052001967
0 0.4809468486190879 0.2677667896326496 0.29518925556467196 0.28822531189811695
0 0.5953976027699421 0.48362513693491027 0.1624982559270653 0.16426793831850398
0 0.7645974246361813 0.5742983576228597 0.1664647110854698 0.1549887402990016
0 0.2605732169219367 0.343144080174396 0.18560503632293412 0.18260770107689722
0 0.3805214338438734 0.6764547024192359 0.1808877880085467 0.15599730008664847
0 0.19606873841887296 0.8893302336327014 0.14777442572336147 0.1871297467713776
0 0.6810000229834741 0.8885974038839817 0.1725342591170937 0.16974800381796074
0 0.9081174474736107 0.6902960095751642 0.18376510505277877 0.198493077698774
0 0.9477593880593301 0.49542461449064973 0.10448122388133968 0.15364399391547254
0 0.8891065229465097 0.15415427061850137 0.15600808932079738 0.14470098249185245