0 0.4316480297004933 0.6882370985970241 0.22130297478929523 0.2031419928325518
0 0.5817364468638756 0.34653510767708073 0.19467851452750595 0.1993523640534329
0 0.7881732170485765 0.21130170389129996 0.4208609071256649 0.34049827784062925
0 0.7138847762739023 0.8719704684612946 0.31181293010576583 0.25605906307741083
0 0.9088430957647108 0.9188803491275939 0.1823138084705785 0.16223930174481238
0 0.6093117909484882 0.568255864904902 0.28325935589740364 0.3572298855367438
0 0.17301087520885813 0.3873665066273617 0.23273988509949564 0.227684375325658
0 0.30910850879677115 0.7931500217438372 0.28081680817641874 0.230203980098881
0 0.8802859730356573 0.7033768308785568 0.23942805392868557 0.259176114183696
0 0.3163115308086501 0.3194561275781996 0.21041252218753956 0.1858111488009841
0 0.11395668147026844 0.6033500521864583 0.15177358889723835 0.20189241206522437
0 0.08250943634204723 0.772894417771227 0.05791316182892814 0.13232729708091556
0 0.7932239530930119 0.5623313432818111 0.2543386377335253 0.25994221723494715