0 0.46031796477526454 0.611271994809793 0.16952789587256248 0.2183041436125864
0 0.4917901247500024 0.23588039685650658 0.188730694767702 0.21372022156391493
0 0.5654796420997011 0.7122187055648286 0.17163805350229785 0.16785134566419493
0 0.2556406111478221 0.3468086450937778 0.2347114453827045 0.2671362913137048
0 0.11026305815623957 0.15137153742104964 0.22005062060677608 0.22610307900405457
0 0.6362298701428443 0.06764082150028147 0.14745974028568837 0.13528164300056295
0 0.15100498032673929 0.749495674851889 0.14984960127171976 0.14115729643048852
0 0.17381274709749872 0.5376775004896515 0.17176392001263105 0.1894859610488102
0 0.8667901247500024 0.2315168768055998 0.22742998108209195 0.25503314669734134
0 0.32514157073698924 0.10319503072517684 0.2054457365021068 0.19468525130978892
0 0.9361598279552278 0.8485081567962995 0.12768034408954448 0.1625961128384607
0 0.06363359994814793 0.40072903999167875 0.12391075962074471 0.2273880738627964
0 0.2575224175740617 0.8768707076580434 0.24659082447378733 0.24323768618713124
0 0.9434474834845983 0.4950448726925933 0.11310503303080346 0.22970800616950982
0 0.6791223027362249 0.20485248298489933 0.2248722980822833 0.228562867722656
0 0.7998188778250146 0.49673713527643854 0.15978664474684479 0.19655764309846055
0 0.6418564961228514 0.4108288696567872 0.16452441121546302 0.184594354893985
0 0.7308773249484394 0.8365045957988857 0.2536625112571778 0.21928313849580242
0 0.7611833261209408 0.6738813537433614 0.15736881342518372 0.1941258256622367
0 0.33884681558305235 0.5994633907237084 0.24463450369001466 0.32013279182783067
0 0.48084236202890246 0.8334039937815414 0.22698245571201867 0.17811006977426438
0 0.7984964781113669 0.06819940508251958 0.2508391100688877 0.13639881016503916