0 0.9367428850242098 0.6076468684741753 0.1265142299515805 0.1392796259207342
0 0.614731477740054 0.8841679987090374 0.11567028277247442 0.1333790181961524
0 0.4228584752837378 0.6431128253972039 0.1621269534948669 0.15607068624707174
0 0.10376326317578127 0.26822751069034395 0.12038002585525223 0.13133947718126945
0 0.497375714535672 0.3119450258418957 0.12970156279589362 0.12485654899765732
0 0.07720465416749377 0.1786118062542651 0.11719258590209052 0.11192655538101864
0 0.5943560474405521 0.06423444716875328 0.13509695045307252 0.12846889433750655
0 0.7598377083343144 0.628428773362091 0.11998822895559431 0.12172409256588484
0 0.8378097028362039 0.35245835906050355 0.13009335969555133 0.13447193361304188
0 0.8779751809295642 0.18424292241715132 0.1126787412691417 0.118773788703594
0 0.8238927326114679 0.1292649718917744 0.13970874431093597 0.1352005438909682
0 0.8206216053810149 0.256104428961883 0.12229412588452632 0.11950239898152028
0 0.5431875350092362 0.4302426629299397 0.10507540590794526 0.10861194637976464
0 0.8931675897043335 0.06150002951411475 0.11105848891461097 0.1230000590282295
0 0.708650950920782 0.2006904477963716 0.11768233202666287 0.12394578615024941
0 0.9398935672408163 0.4315285652502205 0.10016976437533852 0.10584379508695531
0 0.9581040498968681 0.7073512703246354 0.08379190020626372 0.13356117076563395
0 0.581547034102418 0.48400075900310063 0.09516617361781735 0.10067179764029983
0 0.1443531522074879 0.3471349150941488 0.12729771664204736 0.1246743964281757
0 0.4010973867789617 0.3457645125982071 0.1026715597540991 0.10842979381028305
0 0.8662537808696702 0.8434073635288566 0.11930258438119332 0.1048971694889617
0 0.3732960603681782 0.1368851946925213 0.12229412588452618 0.11950239898152028
0 0.5311601239531212 0.5493061924547722 0.09796181667132121 0.11046933482516604
0 0.6422104325808478 0.7892519383826998 0.1203800258552523 0.1313394771812694
0 0.6752052736470913 0.040759665009891005 0.10478155823320197 0.08151933001978201
0 0.5948355146520945 0.573416379494405 0.0899666844104672 0.09069210788595218
0 0.714407512956227 0.31237821766547696 0.10767515051162026 0.11360179125693853
0 0.9066335095039246 0.7692151557397265 0.1324972058493975 0.13465408618252347
0 0.577384192043554 0.38183729746463907 0.10056156127499637 0.11545917970233993
0 0.8224764518848017 0.745451342463764 0.12837515811610645 0.1511167041204834
0 0.6499852326400687 0.44746833448813494 0.09026053208521062 0.09790364634749064
0 0.7140565103821419 0.4221175228044401 0.1173884843519193 0.1167342476887109
0 0.4889031065805722 0.10401233353420336 0.13799054273149094 0.15184531439840973
0 0.16600003802242977 0.1682663919526776 0.0927623274639712 0.10048964507081827
0 0.7205966662169025 0.5530360619043146 0.10767515051162026 0.1136017912569384
0 0.5569718433442238 0.798122200753142 0.1130705381687994 0.12838917331897848
0 0.9407159638484082 0.24459295433395806 0.10306335665375708 0.11804517842566767
0 0.461105763204382 0.5461751554312764 0.09016258286029619 0.09549980019364449
0 0.24037234495428889 0.15901389306797947 0.09536207206764621 0.10547948994799215
0 0.37210021895199397 0.4034209575399292 0.11258079204422713 0.11636994254974772
0 0.7658433406843363 0.008899028079644745 0.1614943736763651 0.01779805615928949
0 0.978804057501354 0.7635863574610906 0.04239188499729188 0.10180057580777503
0 0.3503268600168913 0.2833017947570694 0.10777309973653483 0.11600563741078461
0 0.5871607624439334 0.5330063763027244 0.12346951658349944 0.14834855282767406
0 0.9619179880077927 0.3615796606850453 0.07616402398441452 0.12951795148645368
0 0.7604438628837152 0.040203531909661555 0.11979233050576546 0.08040706381932311
0 0.04663211845501058 0.3159594794118733 0.07171540742884248 0.11327334886856104
0 0.4469827227256361 0.11080577273090014 0.1905813104413629 0.1486411324654659
0 0.49500857256395653 0.4905582515044374 0.09506822439290293 0.09826795148645368
0 0.6968214298317925 0.6500827395302758 0.10998104744055198 0.1113800976725739
0 0.6973070858129226 0.721178353638219 0.12729771664204748 0.1246743964281757
0 0.5113906339853224 0.537542259164471 0.12430617513871448 0.11006916693561718
0 0.8586892483167501 0.628172056474885 0.12047797508016672 0.13374332333511563
0 0.02063876256170223 0.2106276986910537 0.027956430535039472 0.09797537184866187
0 0.6291669322023061 0.021593075000923303 0.1141030951738431 0.043186150001846606
0 0.5863935292183865 0.2774700737171058 0.10958925054089427 0.10176471305718934