0 0.1288574998042661 0.739157982282797 0.17878512578230493 0.17556425591329974
0 0.312206144499588 0.36424258889820754 0.1729701035854276 0.1463819154712638
0 0.6563567175926962 0.8437522398657596 0.1418040477428596 0.1466005487518752
0 0.8234622697237087 0.1786185650662149 0.13534800669821004 0.16773088424266724
0 0.556391071353311 0.753624482446459 0.10680709507010018 0.10578570411916115
0 0.7715047677108574 0.8081235774443253 0.11684220047264524 0.11847730808015637
0 0.906475025700623 0.6512100008939657 0.10915753147819848 0.17309339642685317
0 0.07154677035921328 0.6292616690726036 0.14180404774285965 0.1466005487518752
0 0.7803036370353843 0.5904914538722777 0.1749008192063655 0.2016703770097252
0 0.5649152838208779 0.05186837888844343 0.18747712466593652 0.10373675777688686
0 0.32001678067958245 0.051103162406303346 0.13400490017929662 0.10220632481260669
0 0.12496946558831566 0.06794655883315659 0.15871491497721482 0.13589311766631318
0 0.0583981739528595 0.4810384040325125 0.116796347905719 0.23503857655035956
0 0.30579963271247596 0.8910463531777327 0.18093713946385476 0.16852081074970252
0 0.32635829220571605 0.5083305348223708 0.09925977997883337 0.09566603960995292
0 0.48084163536083185 0.6509984843554395 0.16592645343875334 0.15068532788513256
0 0.29089969761647977 0.18468527720914596 0.15930252407923942 0.16700797106823237
0 0.9365612961130052 0.3733389001691583 0.10018316571058633 0.12210834730226061
0 0.12983046574295634 0.8829685182687134 0.20198414574644558 0.15320672735424962
0 0.9306432839634428 0.1651287979232192 0.09993133323828993 0.11489680884072215
0 0.5506905786749497 0.3331782754789587 0.09445208767114092 0.0953298530140707
0 0.4775488183751272 0.127270939421525 0.10541057880543907 0.13446376466737364
0 0.5003280666027077 0.539328954841899 0.0942002551988448 0.08811831455253209
0 0.24260520411895584 0.7779645039816228 0.07488554181064348 0.08436972201515704
0 0.28273418806210426 0.6588565660509674 0.13906442495928523 0.13681707083854955
0 0.6946428105605489 0.2967344165591537 0.10815020158901344 0.14424724258069935
0 0.5933760298809664 0.2438662745244685 0.11949787909878751 0.1258569398396358
0 0.8147206396837402 0.36027704297954066 0.1728022152705632 0.1415742231635715
0 0.39091114547339134 0.17049786688305052 0.10406747228652555 0.09600222620583516
0 0.2391368397407661 0.4652711406923465 0.09048383693776955 0.11903212795664987
0 0.6972489089797539 0.12094133080773758 0.21959710065194182 0.24188266161547517
0 0.10293800475060325 0.21101770829470798 0.18244813429763235 0.21179004151893335
0 0.49608122757476647 0.8669496749480756 0.21585014797918234 0.20693180922857068
0 0.6769420819588101 0.4946062210152734 0.126625473402894 0.12395737357961313
0 0.6174564125487443 0.6186646745602271 0.15183915314540478 0.15929215271287042
0 0.9761942741891821 0.06242754982463402 0.04190324891625389 0.1012471850747504