0 0.2636494027398873 0.6438607864586997 0.3063672491846149 0.2811093878142106
0 0.5181291005574091 0.8466530858454924 0.254504758935897 0.23419710565534813
0 0.615617265641383 0.5921172029837459 0.2755084464585468 0.22862494031914393
0 0.6355209145940178 0.31002958504578587 0.3010190730082616 0.2472733890908828
0 0.8634635005435901 0.11554173953742111 0.2629781531213672 0.23108347907484222
0 0.8435462309861834 0.511566167229777 0.2308869159720791 0.23718327226822483
0 0.7563632209809843 0.6483135885530621 0.16928917581395972 0.16087837855476403
0 0.7807939698389617 0.792124839110713 0.18821919176410246 0.1861919080795964
0 0.7400348299128223 0.8895358218756374 0.1838931407236467 0.10945098372600107
0 0.9282485714490034 0.22576235299273767 0.11616264975014172 0.29057564379414597
0 0.4608835626037048 0.5047439623238776 0.2012899689699426 0.1991219016962351
0 0.18785033545961619 0.40484373475347274 0.25732922366438704 0.23918695053252204
0 0.23209428927692358 0.2403072122503376 0.2871364799538456 0.2796521672583579
0 0.14840862372207997 0.09854801691590759 0.20474536156039846 0.19709603383181518
0 0.2633568198361112 0.03319704532186561 0.19924789878931606 0.06639409064373122
0 0.08839773863522143 0.770576143310035 0.17679547727044287 0.2331041902384586
0 0.01229383288589814 0.8091301774645909 0.02458766577179628 0.16058579891697194
0 0.219300294278919 0.8095992320387578 0.2012899689699426 0.1991219016962351
0 0.34246744334003015 0.8074299131719951 0.19302688407179452 0.18655621321855984
0 0.39273899332906165 0.9015248675273888 0.22487839063304818 0.14121157868386
0 0.5357656593917393 0.6996541653219138 0.22094135677535576 0.20538681455978008
0 0.1003480463638893 0.5298451541617494 0.2006960927277786 0.21613097734263975
0 0.6901604674834048 0.07794684518919673 0.2637899689699428 0.15589369037839346
0 0.4671013071844736 0.3108521104250062 0.16240781193376025 0.19139976827683766
0 0.6480114361624659 0.795022768255402 0.16730594823475753 0.16550391829297476
0 0.6931363988977923 0.15641937789499216 0.24068318857407378 0.18539157230049882
0 0.6469555295435193 0.42497675038199023 0.32328461625484284 0.25612430067775543
0 0.8397018212129643 0.6646837107980047 0.09882684419643849 0.1197204143015874
0 0.5596924260130346 0.12593668974005734 0.15811118219401676 0.16958300032274065
0 0.35832890379131144 0.46236898243503843 0.22199290321196544 0.21740604532901087
0 0.05870081222343337 0.4079058850923504 0.11740162444686673 0.16976515289222233
0 0.07591893257428817 0.2103530504285547 0.11974008772578323 0.14040840408820937
0 0.3615718070032769 0.261538820928851 0.14023271268048398 0.15628870156713887