0 0.28139142998223277 0.41859886665820795 0.0805058268113653 0.07916130986450134
0 0.38864893586915206 0.751492973485526 0.10817970477777222 0.10637301013042369
0 0.35571638608062156 0.39909756704588756 0.08531351911905762 0.0793011994233402
0 0.6119399815512122 0.5569969050077084 0.20025691862233208 0.1762686592766377
0 0.39641365114604044 0.8431888512287775 0.13059804670045047 0.12382943622212231
0 0.15278897467881114 0.3631041838721523 0.12087070115105697 0.12114581095059804
0 0.28043662626476085 0.05148774235102312 0.10739597823970908 0.08954608705350045
0 0.5029043564295391 0.0555537882934816 0.09515282560246027 0.08438867084871059
0 0.7060917866022864 0.39605337860527234 0.181138110325572 0.17811294719512774
0 0.2634285060774339 0.26161444647430304 0.09297290131663215 0.08912641837698337
0 0.24031188713192064 0.706256040156422 0.1096878634595462 0.08721218567907403
0 0.395307475664293 0.2209203107168027 0.11298739708546453 0.10651289968926256
0 0.8348620051577693 0.8872387458625476 0.12567839345874943 0.12128570050943702
0 0.3993509687001032 0.8059642082338717 0.1387052726340611 0.14327003979114997
0 0.15717497837134362 0.8374312687534592 0.10326005153607078 0.10382927441773841
0 0.5062530645188144 0.5779927686414214 0.09560066933849634 0.0940040554640951
0 0.6610112973248261 0.7437717335599305 0.090569055162786 0.08905647359756394
0 0.6611726108711444 0.8436712385033849 0.0938685887887041 0.10835718760775273
0 0.16428798975721565 0.19373794719512774 0.10566389768991692 0.10389921919715785
0 0.6655225176607579 0.9974233144524031 0.1261196093400902 0.005153371095193922
0 0.8045736148788888 0.7106388601610661 0.10074424444821571 0.1013554834844727
0 0.877993119872115 0.4263297873388616 0.21736705796162534 0.2343806356454625
0 0.41039237640938114 0.3621748137315783 0.09274897944861411 0.08431872606929106
0 0.3180089269599702 0.4076288075802698 0.1220429770308039 0.09477344803770976
0 0.6889225310175935 0.06698412408310896 0.08693363873484063 0.06254422112583667
0 0.3259117582917437 0.9567382114215639 0.1653122078000348 0.08652357715687213
0 0.6375724075845806 0.11002140995116287 0.09286094038262313 0.08672257222313721
0 0.3696422666553531 0.3068292692404887 0.08553744098707565 0.0841088917310325
0 0.057148894510048315 0.19423117374172882 0.08750007125958091 0.177788946951613
0 0.015262605779192239 0.892841122378506 0.030525211558384478 0.10298993706470419
0 0.01685970605249445 0.7834311499887961 0.0337194121049889 0.12455460766990001
0 0.14414514156658867 0.03187588992411109 0.1251712553283611 0.05885564528885652
0 0.8445267423854633 0.9761476717010121 0.1043203664818088 0.047704656597975785
0 0.19980889673734378 0.2838343437478574 0.07273448367978173 0.06693224475701189
0 0.11926034516836435 0.15271056245798578 0.08531351911905762 0.07930119942334023
0 0.28835602723327236 0.34658839921195256 0.11276347521744642 0.10170520738157024
0 0.9300247725422724 0.6529079669883843 0.08442445950168075 0.16329592524911665
0 0.4623846182492721 0.3311917310224649 0.06311909906439712 0.0666524656393339
0 0.07100204683208514 0.801224438150801 0.1252305497227132 0.11167031589405241
0 0.48361725043386083 0.9347890605390264 0.10292416873404384 0.09661773595619995
0 0.5557755379558119 0.7033995754911471 0.1033720124700799 0.10623312057158457
0 0.25245947032294613 0.8847351861661032 0.12293866450287606 0.114004217268479
0 0.7818228822304831 0.2429987278956514 0.1985248380725399 0.19062179142029506
0 0.7414149268352729 0.9430091626566852 0.15771211999681228 0.11398167468662954
0 0.3274169593440747 0.15395309357008102 0.12349846917292116 0.1260234480377098
0 0.4463742046859834 0.6749417310224649 0.15681643252474026 0.1197911364880446
0 0.5521566911646045 0.47100875296847605 0.10566389768991691 0.10389921919715785
0 0.5061609871488909 0.2698807922725966 0.10326005153607075 0.10382927441773834