0 0.6661878632942232 0.45677940665584427 0.17581132108764314 0.197846833709864
0 0.28965129821698377 0.554838757747864 0.1747338796135844 0.17140452601755646
0 0.1247000706645178 0.7374550817141705 0.2494001413290356 0.3835640095821873
0 0.8033254940055792 0.7601401736560096 0.2533669778292219 0.27801279413302366
0 0.8389322429969754 0.9438623764855303 0.24964490728247313 0.11227524702893933
0 0.5054852637040579 0.6133908729782542 0.3261231225499927 0.24039029301772175
0 0.4249502287806241 0.16361492532181737 0.20014363030084817 0.20687989786621833
0 0.8005991691728944 0.3536348761770801 0.19248723018375266 0.25422821066521506
0 0.572617508279132 0.8951913284453773 0.22373723018375266 0.20961734310924549
0 0.3244151998835774 0.2934391295965259 0.15869055033597695 0.18936022726195464
0 0.659321138637182 0.12229841750755861 0.18135772272563605 0.15752790680292422
0 0.8372281962563048 0.1056385544413775 0.12362053056431349 0.09324224385869417
0 0.4560227895307093 0.7916935876277115 0.2295774794964887 0.223488805623074