0 0.6299455383888181 0.2357541417400563 0.13812961980726476 0.12333736774033806
0 0.5245517041975787 0.21710295561845167 0.13332192749957245 0.12330939740470849
0 0.48555077191296364 0.3467498184962739 0.10760099166253544 0.10393877649579125
0 0.5695802326539181 0.3484412224467148 0.13070777205840428 0.12089156608304755
0 0.7808190309573368 0.42182226474933854 0.13196962778233584 0.13531464300612447
0 0.29224220539323525 0.8518923534763718 0.10384484579145283 0.11593003692939245
0 0.14811550076054275 0.7536485260893631 0.12067176886837583 0.11602793310409609
0 0.009589233451425162 0.7370096014227904 0.019178466902850324 0.09901920284558066
0 0.022193080040385053 0.5110620481290666 0.04438616008077011 0.11347025010428716
0 0.6400322138034202 0.7252445077396741 0.13897085695655248 0.13295275235572254
0 0.7959836406139618 0.8945066854237554 0.11565376727336157 0.11359611661462037
0 0.6992293779444462 0.9420451795398089 0.1274626887552706 0.111262196299848
0 0.8993119736095447 0.27700491982549724 0.12025115029373214 0.11122024079640372
0 0.9424907603854705 0.2508003599860411 0.0843133232800568 0.13984263195752078
0 0.789215601754274 0.25712384029133994 0.12851423519187988 0.12328142706907891
0 0.6871741856009981 0.42007492012763836 0.13248069035028465 0.11369401278932387
0 0.3710493455375357 0.06108290953224642 0.11367053969415931 0.11838982375449779
0 0.26099819567891747 0.054429976428150395 0.11742668556524194 0.10639856332089662
0 0.37754169223497197 0.23428569911950264 0.12088207815569778 0.11843177925794218
0 0.8477932785469376 0.1648694518923738 0.11649500442264937 0.12321150123000492
0 0.7098728779814107 0.18811775144929932 0.11847823200185176 0.1184177940901274
0 0.5233939130717239 0.1341213152234076 0.09558176089330467 0.10386885065671729
0 0.11329841325292059 0.18945712213892207 0.12463822402678043 0.10644051882434104
0 0.2910631633435189 0.2193521635711857 0.1154434579860397 0.11119227046077408
0 0.08084976031275021 0.4778767050970162 0.11763699485256389 0.1088024094747427
0 0.011286418400356695 0.6468513854857446 0.02257283680071339 0.10620277097148935
0 0.37296665018404723 0.8776152263813669 0.11261899325754963 0.10637059298526698
0 0.6239729746240044 0.8538223066348137 0.1001791439136749 0.1014929748385006
0 0.8194952388885343 0.8044533582453208 0.12914516305384593 0.13049296553061723
0 0.857111180018448 0.4294813285809504 0.11000483781638173 0.10395276166360617
0 0.9230371513081918 0.47315612921681033 0.08410301399273479 0.13743878580367463
0 0.034356967193127544 0.8538059174015508 0.06871393438625509 0.11851569026483097
0 0.5212488683386047 0.4335400130554017 0.10342422721680879 0.11112234462170015
0 0.6959325323711545 0.3612016671101298 0.13028715348376052 0.11608387377535524
0 0.6288645706514964 0.3030898043833782 0.11409115826880321 0.12319751606219012
0 0.778985089972864 0.33282401638577164 0.12893485376652392 0.12808911937677123
0 0.6628916332921654 0.09284416951263592 0.11198806539558384 0.09915905452372856
0 0.8995560643799158 0.6040958187623517 0.09945777205840428 0.12070975890145519
0 0.74312626643889 0.646476991375343 0.10760099166253558 0.10393877649579125
0 0.8348183955623233 0.6842890208886427 0.10781130094985733 0.10634262264963741
0 0.7892041612406705 0.5733904389519794 0.1451308489814812 0.12097547708993626
0 0.5451424034646741 0.9026676125864012 0.10718037308789154 0.09913108418809895
0 0.4215649862969383 0.4870741373882557 0.10675975451324764 0.09432339188040664
0 0.586253508953775 0.04790451254468639 0.10633913593860374 0.08951569957271435
0 0.29804260153611295 0.9505339567909529 0.09651344203589723 0.08705591274760903
0 0.5029405198279933 0.9576926501956111 0.10612882665128186 0.08461469960877767
0 0.23857301536958797 0.5581616121692528 0.0960928234612534 0.08224822043991672
0 0.2165166913647445 0.466640643725414 0.09431990516937311 0.08944577373364027