0 0.728549895653136 0.23283036174472516 0.19131329961100144 0.19254029493965194
0 0.6051832709783095 0.428121415268866 0.18583384169925515 0.1779213195667461
0 0.42418014092922746 0.1874306817791807 0.18767788318305634 0.16600003802242982
0 0.7844675761869898 0.8904557410369696 0.2080809282935725 0.14043927335435205
0 0.13592613284792138 0.384623564902269 0.23609068906200642 0.1751705609822572
0 0.790977523698346 0.40971304264568853 0.21227614939156297 0.17899876104080492
0 0.9425251644699675 0.7446924968724031 0.11494967106006507 0.21030182579670453
0 0.4189017636919706 0.6946156878627695 0.18298215180937305 0.1682079857264469
0 0.18950571132802396 0.7593562496054752 0.23978539988430375 0.25449748405918027
0 0.364485792134148 0.3536347985383237 0.18113811032557187 0.1801292672707634
0 0.10113610771724717 0.10305318484957592 0.19936123115026 0.15927824568546356
0 0.5728497585411383 0.09587436753557478 0.18091418845755383 0.17532157496307105
0 0.061416843860733386 0.5430019154724371 0.07939284532597034 0.1591884767474334
0 0.43222493669009066 0.5411388886817659 0.15290442768912 0.14059028733516593
0 0.5945867493756245 0.8211237290447624 0.1954492263146399 0.17831311646640394
0 0.7104518133228951 0.04179391073477518 0.21417285741502096 0.08358782146955036
0 0.9215523729073632 0.46162634606804376 0.15689525418527348 0.2066695241879855