0 0.051554716373707975 0.587793449371284 0.10310943274741595 0.10757720128670598
0 0.4933551363046902 0.7571728427621109 0.11423947693776143 0.11277669049405585
0 0.23860759688832325 0.24616571828071335 0.10954366975957974 0.12219617665961174
0 0.8715735179087432 0.25881763597729457 0.1217307282230761 0.13710899970726095
0 0.598133070680144 0.631566795321559 0.0972726974489504 0.10007181515042408
0 0.45069149843314815 0.19067118648824183 0.10456814975762171 0.1075772012867059
0 0.9629286050042014 0.8737921023711869 0.054115351809230106 0.10792411371734872
0 0.3998865332590943 0.5303215809894583 0.09489682257748186 0.10237771207935581
0 0.04031910254370723 0.3468435808716895 0.08063820508741446 0.09958206902585182
0 0.3817746153234294 0.4349513286349277 0.09486885129510424 0.09997386592550966
0 0.7904136337707727 0.5228182934793218 0.09724472616657291 0.09766796899657794
0 0.09658319070412887 0.47540446563344363 0.09724472616657284 0.09766796899657794
0 0.05264685948440572 0.09279704012880521 0.10529371896881144 0.11248284281931263
0 0.6193646286662262 0.355591791519316 0.0827097641139855 0.08746488903170661
0 0.2776383363120325 0.711901734542873 0.10451220719286655 0.10276950897901352
0 0.06708223791804337 0.22312101093901943 0.10456814975762171 0.10757720128670584
0 0.3612613774298604 0.03567612076663993 0.09707689847230719 0.07135224153327986
0 0.021521888189790915 0.2658964054402358 0.04304377637958183 0.08359180450414377
0 0.045252244589441756 0.4258766562738692 0.09050448917888351 0.09506822439290293
0 0.811124354771613 0.7045800835349423 0.08525346667971963 0.09958206902585195
0 0.8857274993879767 0.694332119101056 0.10224821745090815 0.11469079052332987
0 0.9399284491749675 0.3725636469163141 0.09492479385985976 0.10478155823320197
0 0.242326093313917 0.13308699982502964 0.09970451488517416 0.10257361052918466
0 0.6146836491945471 0.24165397227390983 0.11435136206727191 0.1223920751094406
0 0.20049148912993472 0.7342668789709046 0.09246500514125809 0.09987591670059523
0 0.739194151752939 0.2786279202706662 0.12396674668265653 0.12278387200909838
0 0.4197055414851073 0.37574080795644604 0.07781815795916049 0.0800574521203393
0 0.31608757326301024 0.5049036500153101 0.09240906257650298 0.09506822439290293
0 0.4013088583337821 0.9243074771579415 0.07787410052391558 0.08486514442803147
0 0.17284978455664607 0.4254440650486385 0.12402268924741183 0.12759156431679075
0 0.09452477525343261 0.9620363879499182 0.11136011898349608 0.07181335665375708
0 0.31882454860944553 0.7859087769530239 0.10456814975762171 0.10757720128670584
0 0.48755698966853495 0.5327560496646963 0.0997045148851743 0.10257361052918466
0 0.7164398430079053 0.47897971945166984 0.09973248616755179 0.10497745668303082
0 0.9277125773637795 0.4931967261207368 0.08273773539636299 0.08986873518555277
0 0.07072575374580882 0.7359503678855155 0.10691605334671268 0.10286745820392795
0 0.08104294661657573 0.3655131871309217 0.08022200411300649 0.08015540134525373
0 0.8595780480953198 0.7734855859626576 0.09475696616559376 0.09035848131012504
0 0.2909344707560146 0.08545493840366375 0.08273773539636313 0.08986873518555277
0 0.22779197332664364 0.03997366978697355 0.09212934975272685 0.07102976285444135
0 0.6014163280982566 0.7623805122563455 0.0997045148851743 0.10257361052918466
0 0.49324661943643594 0.3535225873657861 0.09724472616657291 0.09766796899657794
0 0.40626145944524666 0.29219388792131734 0.09732864001370564 0.10487950745811639
0 0.23789180299175217 0.6174130252125724 0.09254891898839095 0.10708745516213349
0 0.9567562143172048 0.2685615923389855 0.06409436309552337 0.13956591061700643
0 0.8604048850560873 0.49593930441834133 0.07795801437104845 0.09207668288957006
0 0.11362242459482613 0.14674074489641417 0.09727269744895047 0.10007181515042408
0 0.46968282763307967 0.41695310500247335 0.08502969642069881 0.08035129979508272
0 0.14528778350392002 0.6259917626794709 0.12871849642559374 0.118172078151235
0 0.5219694287078327 0.05321527435033823 0.06328319590657308 0.06985437215546796
0 0.5599669148141984 0.40126077829895085 0.0876293415511883 0.09727617209692022
0 0.45147553640503524 0.030233803568724793 0.09704892718992958 0.060467607137449586
0 0.8031486584365747 0.15108124042289053 0.14328142976055874 0.13077900426995248
0 0.5682363096142018 0.929519236795618 0.07306640821622327 0.0846692459782026
0 0.7325789434706349 0.8471375356552817 0.10920801437104845 0.09335002281345776
0 0.5082405814523117 0.6136052758712355 0.09235312001174761 0.09026053208521062
0 0.7281200501273487 0.9206017671849609 0.07776221539440524 0.07524975981264685
0 0.8218882460951076 0.3989977743217374 0.09486885129510424 0.09997386592550966