0 0.8702160087910926 0.3968605557003465 0.11132059199695486 0.11006124500425439
0 0.7521976249062521 0.11781341846172012 0.11640806342232515 0.11976054820102458
0 0.22257846539581916 0.032080372752865 0.08849691536220784 0.06416074550573
0 0.8073719205394574 0.20334485702355373 0.1211458109505979 0.11744062062856411
0 0.2712129241533004 0.3400426860658619 0.0964079016179414 0.09298256618317424
0 0.5949812598211704 0.19503902348063845 0.09400405546409524 0.09294060689248142
0 0.8719754675485738 0.7079698158153058 0.10863696672543072 0.10040390109817675
0 0.4582032226892434 0.06528210352463061 0.1162681738634863 0.11495285589333228
0 0.9633863625476161 0.12614023164998178 0.06735191343352899 0.08526751623332185
0 0.4489005670264487 0.3849936419861691 0.09909152688946567 0.10263991008925161
0 0.7964384243870957 0.6203911850705149 0.13860223704229652 0.13936895104802927
0 0.7117293663855349 0.93060713349657 0.11626817386348602 0.1149528558933322
0 0.3726419655078571 0.3634998008268012 0.08947614227408092 0.10247207292648032
0 0.18220428477223768 0.46773416396238043 0.08410889173103257 0.08315738511432545
0 0.8724727392047706 0.15415601274327065 0.10375932963831885 0.09791613636294502
0 0.2826669610417127 0.5656895298472041 0.09654779117678039 0.09779025849086655
0 0.923461187344799 0.7551236344969865 0.05993054063373211 0.07793009989970492
0 0.033066541710109316 0.579815538212068 0.06613308342021863 0.09036892357586392
0 0.9239548459103315 0.07757469343791376 0.08191487991544477 0.09032696428517109
0 0.7317042365552672 0.03768318556945586 0.10037625657259934 0.06422033091840605
0 0.11670027234786327 0.6959256281228163 0.09414394502293423 0.09774829920017379
0 0.1421545364111023 0.029271830045259555 0.10992169640856467 0.05854366009051911
0 0.3152664318777351 0.02655937250339457 0.1098517516291451 0.05311874500678914
0 0.5959600547141122 0.9458423332959796 0.10107570436679471 0.08825879245686744
0 0.26844446972076735 0.6416204801468222 0.09902158211004611 0.10023606393540566
0 0.6575507725816585 0.9760013917379661 0.08483406317881048 0.025507036712710648
0 0.37226247284758085 0.9545522396381052 0.08609306920836154 0.06877626748194142
0 0.9294213779770466 0.2612801073990268 0.12870707330923417 0.1295857292698733
0 0.32537461102078946 0.9145260408365772 0.08637284832603967 0.07839165209732603
0 0.2675114864895288 0.2608206612156709 0.08665262744371766 0.08800703671271065
0 0.8775248062215 0.9301157885926107 0.10170520738157024 0.10989340784148283
0 0.17964205158729868 0.6383652815947645 0.07421372799796991 0.07337416333616947
0 0.2080962829653162 0.403612647978529 0.08912641837698337 0.09045284215724955
0 0.2791789708068641 0.6029911045225123 0.10494839088845048 0.1387815209783297
0 0.39859465974422825 0.3798651717061032 0.10630306535100413 0.10276578796133015
0 0.09859425523326862 0.45117389298278343 0.07654762937239655 0.07101227647301628
0 0.044955131656627983 0.4354169318185275 0.08991026331325597 0.11474305943986816
0 0.19945289908047575 0.12265636301337887 0.09654779117678039 0.09779025849086655
0 0.5895749917788164 0.876277652351866 0.0964079016179414 0.09298256618317424
0 0.5085256048889198 0.23499011676177245 0.11797257222313735 0.09095635364556355
0 0.38234174726531917 0.8558686694583344 0.0891963631564028 0.09285668831109571
0 0.2290459029183945 0.9222140278489058 0.08679251700255677 0.09281472902040296
0 0.05118339809669746 0.8832726873132141 0.09640790161794134 0.09298256618317424
0 0.154771478877132 0.915101304321922 0.09874180299236798 0.09062067932002112