0 0.41202117757049245 0.40081187074050517 0.07929464006019839 0.08016596042315964
0 0.5108565201891141 0.3939481254509136 0.12983629051310486 0.12227055027432954
0 0.363595108669109 0.13041504118339856 0.1298362905131048 0.12227055027432956
0 0.40437610093136966 0.5054881860928465 0.09689179044211635 0.09346025917876137
0 0.2458315605247476 0.42051311395371804 0.10712335690149671 0.10380425407207233
0 0.6509008660306125 0.9368186077388722 0.09239218905642198 0.09790364634749064
0 0.9539325973961451 0.9948903131288827 0.09213480520770972 0.010219373742234694
0 0.3404288105602419 0.4408382180096533 0.10262375551580227 0.10824764124080147
0 0.7292892172388357 0.8721894098475251 0.10712335690149671 0.1038042540720722
0 0.367614589757788 0.24913219694456082 0.13014438143510262 0.1270782425820219
0 0.8261436375898015 0.5171143460139115 0.1101433848993386 0.1136017912569384
0 0.5551072201351636 0.6365185716693079 0.11254723105318476 0.11378394382642004
0 0.6277386928756005 0.258078443041004 0.11960472405372422 0.11192655538101864
0 0.5848794891529672 0.5598328608498677 0.10169948274980853 0.09382456431772468
0 0.4570061369934997 0.91614571051099 0.1226247520515664 0.12172409256588478
0 0.2660115159156108 0.7354169601075642 0.12487455274441353 0.11950239898152021
0 0.7437537892069178 0.33265430675266655 0.1402219024334842 0.13501839132148666
0 0.8886076697617646 0.7825944756032921 0.11556725905102666 0.12358148101128617
0 0.6665618338586494 0.6772584366576427 0.09991181843995825 0.10325779636362771
0 0.4594155103643143 0.6364440073515834 0.1069693114404977 0.10140040791822631
0 0.5075805106056734 0.0815212703603616 0.10650717505750083 0.09418886945668768
0 0.5733888032058388 0.32452916662716697 0.12216261566856951 0.11451255410434645
0 0.4041164345344587 0.38944810533975277 0.11510512266802991 0.11636994254974785
0 0.09205321738081265 0.8765303654653006 0.07966361220433346 0.12325303862290883
0 0.32084521069369987 0.3592164564389177 0.1253366891274103 0.12671393744305867
0 0.6452440812817699 0.9925747044432242 0.1021007379106683 0.014850591113551777
0 0.40569469937814134 0.0594477855190585 0.1238893987562827 0.06679993616638646
0 0.4396672507453794 0.30961200671324723 0.07867845821620251 0.07055057580777503
0 0.5634058487094327 0.9688632658848634 0.11673874151688132 0.062273468230273195
0 0.4186539042791854 0.8402782668459403 0.12758648982025755 0.1244922438586941
0 0.8085409599909154 0.7837039029871977 0.11510512266802991 0.11636994254974772
0 0.6616951027344762 0.5453201270503266 0.10456546528665155 0.1012182553487446
0 0.4667077563676644 0.4516031509843591 0.09193005267342504 0.09069210788595218
0 0.1995330897293943 0.8739099233996638 0.12533668912741033 0.12671393744305867
0 0.1206470744526801 0.38949764124080144 0.13510611920379392 0.12984639387483116
0 0.80501958311327 0.4114541229047143 0.11510512266802991 0.11636994254974772
0 0.2392039208904803 0.5037369664909256 0.11750896882187607 0.1165520951192293
0 0.11643758007496514 0.5291208021086529 0.11014338489933864 0.11360179125693853
0 0.837400010676662 0.13282740378690433 0.11535233236789057 0.08289824896538325
0 0.9750988480492386 0.8870541950438429 0.04980230390152284 0.11585934759188851
0 0.3476311369934998 0.9078577685995783 0.08696831490473372 0.08792395659314287
0 0.9687059614177819 0.6698704232597291 0.06258807716443635 0.08053026556212253
0 0.9727713234943351 0.17695502268594107 0.0544573530113297 0.11014089243678857
0 0.5131616748871302 0.7098896734874942 0.10441141982565255 0.0988144091948983
0 0.06885507639776361 0.4585343635502922 0.08471851421188653 0.09014565017750743
0 0.765097857441011 0.9724525231486164 0.1412393394383396 0.05509495370276723
0 0.1020126607462321 0.6213225052680594 0.07704483936735117 0.08238765400752421
0 0.8964856569980421 0.588229310905424 0.1039492834426558 0.09160287073335997
0 0.9728365906593412 0.5761024918844362 0.0543268186813174 0.08311626428545055
0 0.5131815012068047 0.4862229735197682 0.09960372751796023 0.0984501040559354
0 0.7993143738393405 0.6023956709412948 0.10200757367180667 0.09863225662541684
0 0.14373959449981719 0.6938574085565623 0.08743045128773061 0.09513549505468132
0 0.10002252645029579 0.7395842796055176 0.08712236036573266 0.09032780274698873
0 0.8032051630036634 0.21515842485199682 0.12774053528125642 0.12689609001254026
0 0.5289356332737035 0.19078726270032798 0.08231466805804043 0.08996349760802577
0 0.6060593377772102 0.18108222120847917 0.07464099321350495 0.08220550143804263