0 0.19415318860322192 0.3157013431163906 0.27182524614623266 0.29833647878068237
0 0.5566267160720955 0.8461066281370476 0.1431922624636275 0.12817115799891135
0 0.8283429748122187 0.3442629128421093 0.12281744946562376 0.15057024641203867
0 0.09781727290341716 0.9203790778770085 0.1677346449567336 0.13960806830911182
0 0.2767097301973218 0.8876690185046028 0.12143166684035095 0.12412793871973093
0 0.04859873186531501 0.22907464410974146 0.09719746373063003 0.19274656176438001
0 0.43233493981365806 0.9105937944343288 0.07867657864504889 0.08497365273085195
0 0.6099215974341724 0.6972130370092054 0.07564283129789692 0.0727722693921396
0 0.7827823357012677 0.848123979551808 0.07159102042217186 0.08683104117625334
0 0.42529192847154296 0.8165526342048135 0.0734909456213731 0.07739780913035031
0 0.8686176843078088 0.8092967165430298 0.07855059840638773 0.0825698065770058
0 0.37089555022299375 0.849406144579562 0.08829196326043351 0.08570226300877802
0 0.4970191507516599 0.7728086712283093 0.07842461816772656 0.08016596042315936
0 0.839398570956548 0.022647288850673877 0.09372955676143163 0.04529457770134775
0 0.881886495844367 0.738856567803565 0.07374290609869569 0.08220550143804263