0 0.4951890630235382 0.5971966820719199 0.1946146894113644 0.2309038841762759
0 0.5120856392083363 0.2212886066697401 0.21353736772013576 0.2268797856678992
0 0.3773254211602332 0.6967032441073648 0.18897588857654016 0.18032516572059232
0 0.7325176825822747 0.3357815072259444 0.26515733640003486 0.2841272317046498
0 0.8874080292330404 0.1448573744973809 0.21686548663997568 0.2414008118158906
0 0.389840473592299 0.06204496654026179 0.16262674512309433 0.12408993308052357
0 0.7856568772893753 0.7412030289576137 0.16324292696709036 0.15290336577913985
0 0.7896745159723982 0.528854441241887 0.19036229772553087 0.20195978110520776
0 0.13998206235624785 0.21007740345162917 0.25492576994065436 0.27412005018960733
0 0.6942208038731292 0.09845570649376009 0.22688212641621994 0.19691141298752018
0 0.032844406352044934 0.8222174239837413 0.06568881270408987 0.177680536647902
0 0.9109737400971111 0.39444313536321557 0.1373845181020536 0.23576464123986768
0 0.663186170698808 0.8564815148304304 0.27184585725643917 0.23884595168123057
0 0.04982169007865474 0.4722619101492969 0.09964338015730947 0.23816848739371382
0 0.3296852809296641 0.18676338929584493 0.24826953210097452 0.24507799789362464
0 0.17200781687821098 0.47730021357165214 0.18105500403214408 0.2063756765132421
0 0.340398810091716 0.39371658935439274 0.18524651449584056 0.19695619034768647
0 0.19693133868585982 0.8179382806088973 0.2766535495641316 0.23904185013105972
0 0.18697373772609646 0.6553093105591318 0.178497112417299 0.20387388113448152
0 0.6180933077916898 0.5873935792935907 0.2805655673112426 0.3375015932138373
0 0.44623813411136454 0.8185688689101023 0.2451886228809954 0.19700107481670143
0 0.22901384947610512 0.06279793781818552 0.26793383950932825 0.12559587563637103