0 0.8499159097175808 0.37020646253108214 0.1051696341151763 0.10757720128670584
0 0.6715873682573276 0.11276232143758404 0.11254900973948605 0.11748643357683387
0 0.1294990809196735 0.09187669429629898 0.08577102772163578 0.0971782228720057
0 0.7448268406604269 0.18911605510223964 0.11735670204717835 0.11768233202666274
0 0.2479473482794145 0.4034114639947777 0.09289864760178859 0.09266437823905677
0 0.5351257748514584 0.21304639561160568 0.09049480144794245 0.09256642901414228
0 0.9191692495048613 0.6749255808111223 0.10500179695240501 0.09796181667132121
0 0.37100170079982625 0.10652828370789334 0.11250705044879329 0.11508258742298771
0 0.896955393356989 0.08706480473631571 0.09036892357586404 0.08535489055260381
0 0.4316527622405275 0.4217218873930407 0.09547033091840604 0.10237771207935581
0 0.8266570485802999 0.6001920995009974 0.13211545329579785 0.13750079660691866
0 0.8126839810250382 0.918358892598412 0.11250705044879329 0.11508258742298785
0 0.3524307373903365 0.4124799475862485 0.08585494630302143 0.10198591517969796
0 0.1877794424362298 0.542887605673754 0.08071157966978647 0.08255924749909987
0 0.7987604383123632 0.13117478420420364 0.1001941046447127 0.09776591822149236
0 0.30662905282636693 0.6247081438425534 0.09298256618317424 0.09747207054674908
0 0.9702225524521613 0.7130891814544752 0.03740038960986288 0.07839231529679361
0 0.054336188191430206 0.6769724498389936 0.08564514984955728 0.08996668441046733
0 0.8312482373878016 0.061534662589629925 0.07788814060901217 0.058422836735723876
0 0.6330568075675724 0.04624231307264948 0.09927100024947048 0.04488130283687701
0 0.17285012425602467 0.778023757238562 0.09057872002932808 0.09737412132183465
0 0.050187054195919414 0.08979731833858805 0.10037410839183883 0.11228694436948378
0 0.21765905844198644 0.07141337946721481 0.10727976523417262 0.09084822743469727
0 0.7024907748565281 0.9535922503356402 0.09555424949979169 0.0928154993287195
0 0.310115027477235 0.700625196138536 0.09542837162771328 0.09997386592550966
0 0.7706017769795616 0.9791244375540473 0.0850577197798576 0.041751124891905425
0 0.4806655800515966 0.9792570994437957 0.08277975149808998 0.04148580111240873
0 0.8800567182830351 0.22830403246375214 0.1271818831160273 0.13009335969555133
0 0.42706157343302575 0.960379324304408 0.08303150724224705 0.07784950441632187
0 0.2264325274747002 0.3267597925119366 0.08319934440501833 0.08746488903170661
0 0.9550144155902753 0.8952917430222107 0.06211019979940984 0.11783334600747662
0 0.2221228871176934 0.7114731263522357 0.0709283578916305 0.07255206598405742
0 0.19856968719101362 0.4759717102657195 0.08564514984955725 0.0899666844104672
0 0.3120092788505898 0.6610107092125317 0.0985035664326447 0.13853335361196256
0 0.3810880744283726 0.42447264597752954 0.1026818693799445 0.1026715597540991
0 0.10124098089776824 0.5393614335768339 0.07329024475478386 0.07024616905512569
0 0.04392295329833284 0.533208984498289 0.08784590659666568 0.11449489207350101
0 0.12879185627007275 0.2013006689087562 0.09298256618317424 0.09747207054674908
0 0.678593087543314 0.882825659080126 0.09289864760178873 0.0926643782390565
0 0.45723763424244634 0.2652004819528049 0.11449130369571109 0.0911420751094406
0 0.4691227978331561 0.8935348457433384 0.08568710914025 0.09237053056431349
0 0.33177397603055997 0.9678072119329862 0.0830734665329398 0.06438557613402743
0 0.14912362762894515 0.9615833460074766 0.09277276972971006 0.07683330798504674
0 0.25837274975686664 0.9709987420295901 0.09492486013939928 0.058002515940819746