0 0.3734888417805091 0.37194075950535155 0.07337416333616954 0.07673674844535337
0 0.46785333478773256 0.33220211764204666 0.11967662961963886 0.1157213045120258
0 0.287268428445607 0.1199667667177776 0.11967662961963886 0.11572130451202572
0 0.380142742878686 0.4774018993525845 0.0879650774220179 0.08727640582673174
0 0.21474499375309988 0.4458867057387052 0.09779025849086655 0.09991181843995825
0 0.6821936319870731 0.8238389230343283 0.08324130369571109 0.09177600721242604
0 0.9748909527943224 0.8346313173325358 0.05021809441135534 0.11473615052389483
0 0.3095920186032909 0.4337922946446311 0.09542837162771314 0.1021616191328054
0 0.7480117694751699 0.734189111664819 0.09779025849086655 0.09991181843995825
0 0.3073532798434018 0.23659988729874695 0.11976054820102465 0.1205289968197181
0 0.7906400680542025 0.3500215643297251 0.10036194180748399 0.10968124851634187
0 0.545198734386552 0.5582729618508093 0.10276578796133015 0.10983529397734074
0 0.5598890871615039 0.15905001424028023 0.11229725399532911 0.10564378351364428
0 0.5641628515199952 0.4728289600477028 0.09277276972971006 0.08758449674872947
0 0.49163333353531075 0.8673355371837452 0.11246509115810054 0.11525916812902892
0 0.2802329164532825 0.7509297999829622 0.1148269780212538 0.11300936743618177
0 0.6832405082401287 0.19446292649856425 0.1294598513977949 0.12595287097140617
0 0.9154865034900511 0.8846946898940828 0.09252101398555314 0.07316141982565282
0 0.8887328546409103 0.5928118682738428 0.10525355269656209 0.11479703174603205
0 0.658368320425439 0.561850132876166 0.09053676073863513 0.09704583590311522
0 0.4530912300157498 0.5894440967146537 0.09774829920017379 0.09750797228611209
0 0.4191293962284338 0.03501349950308042 0.09770633990948091 0.07002699900616084
0 0.5180464722758293 0.24355360176903065 0.11474305943986816 0.10820167512848933
0 0.36370562000235324 0.3629415567339628 0.1051696341151763 0.10998933943833974
0 0.11156780219128404 0.9458382812136181 0.11465914085848244 0.10339398282079716
0 0.2782222240233898 0.35999670906096415 0.11495285589333235 0.1202209058977201
0 0.6909996234949392 0.9147229404974853 0.0973706655839382 0.07587335690149671
0 0.3144991496000869 0.03330193672090151 0.11908919954993932 0.06660387344180302
0 0.38617060813983356 0.27125687135474247 0.07320632617339826 0.06712136382996868
0 0.6066971709475525 0.9104991470170641 0.10989340784148297 0.1054897380526453
0 0.4436254326866043 0.8054355775193789 0.1173147427564856 0.11797110520487308
0 0.8122083909794154 0.6205778614873478 0.1051696341151763 0.1099893394383396
0 0.6356698264203339 0.4333518269869649 0.09530249375563482 0.09495008067126694
0 0.4330124619101323 0.4042243380185695 0.08311542582363256 0.08456446875088758
0 0.23608527034831647 0.9101836864724416 0.11495285589333228 0.12022090589772023
0 0.08978695304379272 0.45630091586449706 0.12456824050871688 0.12083708774171598
0 0.7540429882596806 0.2524956081295946 0.10516963411517657 0.10998933943833974
0 0.2210422408803877 0.5309151532782457 0.10757348026902246 0.1101433848993386
0 0.10546272539547717 0.5960786658290028 0.10036194180748402 0.10968124851634187
0 0.744409977522313 0.0019329378851114137 0.10901226273693364 0.0038658757702228273
0 0.9830377622354578 0.664543981642386 0.03392447552908433 0.11109994068205718
0 0.3838378902284693 0.8959021983133136 0.08066962037909366 0.08200657713604241
0 0.9608813854859963 0.4522191512905674 0.07818185564386172 0.0770448393673511
0 0.9152508916081612 0.006079708635033107 0.10934793706247621 0.012159417270066215
0 0.5154173095608011 0.6444101682284111 0.09526053446494186 0.09254623451742078
0 0.04796531780346462 0.5420064264701706 0.07834969280663318 0.08666022398273572
0 0.8056709309377764 0.8664633737541507 0.12966964785125923 0.1379721017406368
0 0.10593917394626733 0.6923095347133484 0.07105423576370903 0.08139039529204667
0 0.8684862493725217 0.3979767249623739 0.0975804620374025 0.08789258767072748
0 0.9567991677044367 0.35621935059772025 0.08058570179770787 0.0771988848283501
0 0.482668941680214 0.42270102145270627 0.09045284215724955 0.09223814359542291
0 0.7766305007458765 0.4435709367492952 0.09285668831109571 0.09239218905642178
0 0.15506507929051117 0.7493247793395231 0.0784336113880188 0.09146791629042803
0 0.12121633303636989 0.8092507462163158 0.07834969280663315 0.08666022398273572
0 0.7241809983759074 0.05923206117074054 0.11735670204717835 0.11846412234148108
0 0.45581039460434114 0.12480858444785072 0.07354200049894083 0.08635213306073791
0 0.5274012880860653 0.09013914369480513 0.06860843031917013 0.07883250367720152