0 0.2107856665419108 0.4928041313102784 0.18621496727133754 0.19446148105076808
0 0.07418679216227334 0.7700419364197197 0.14054189034826065 0.19393002668559342
0 0.42353224238605336 0.2897647292880393 0.23452963820111214 0.23588629131370487
0 0.16499531840270695 0.8852735518165725 0.22462056506161687 0.18529363695342538
0 0.8247228170576947 0.251166702675869 0.159632807900882 0.17011533540615284
0 0.6513895724416462 0.8248319672672686 0.17152617215977956 0.1486205764334257
0 0.6819892621382582 0.7134167477843314 0.17884959196383632 0.16793525951132765
0 0.40913793715375546 0.5011213774910465 0.16460832222235175 0.19901743181706194
0 0.6700033915782655 0.30585293957789794 0.20773770131343466 0.17548245336139728
0 0.6289763761778613 0.07101641341866739 0.20265030564944636 0.12734958771971902
0 0.28774210367422587 0.08627526055181638 0.18125343811768246 0.16796323079370518
0 0.10556025460715825 0.17188982770650282 0.1621485353972464 0.1893740759192997
0 0.8967472980822832 0.5693135334548896 0.20650540383543367 0.2163758092591594
0 0.19418170479487504 0.32435308720559325 0.16930413318752568 0.1798426051510479
0 0.11932602864293974 0.05907688616999926 0.15692128805511024 0.11720274873915987
0 0.07360480498766044 0.2568487538559436 0.10389682099234689 0.09254891898839095
0 0.07584163048287847 0.4347473548817478 0.14838276136146494 0.30218701745580334
0 0.04334156067375301 0.632673064620769 0.08013806281018127 0.14034612924153797
0 0.25037301101254034 0.6867612872129355 0.2900978030958697 0.284606553885313
0 0.5147183681574865 0.4699001908387381 0.1669002870336796 0.1798146338686702
0 0.4423248828961048 0.8344176964696477 0.14493002762150908 0.12187058463496434
0 0.7722391830212493 0.9341345128653825 0.21234960127171995 0.1317309742692349
0 0.9299839932671337 0.7848074052538403 0.12156285413815755 0.23697548719580352
0 0.8677760790809456 0.421127353963631 0.1500174232854974 0.17000345027664238
0 0.9517210933449118 0.4149087960264976 0.09655781331017639 0.1213391302697897
0 0.9415532946008427 0.27176806474314097 0.11689341079831468 0.21531290052881052
0 0.9340061121117491 0.14908799704985432 0.1319877757765019 0.20105765129999917
0 0.7244247727122097 0.15745781753412136 0.20538979583084765 0.18506986669440434
0 0.5370086837190985 0.16969913443174492 0.1282289710549192 0.14330940104293627
0 0.4321476875026801 0.11800161441754975 0.1502272008027193 0.20606114258433475
0 0.4340504716806418 0.6516414749302071 0.13792826667719255 0.15784436309552363
0 0.6877743134826874 0.46830835393915654 0.2535925854181039 0.2072639077265719
0 0.7197235718734272 0.5888642883023731 0.22463455022943152 0.18769748310727125
0 0.5438108651506982 0.9219186410541944 0.23651392932051443 0.15616271789161118
0 0.32364756184625426 0.47368608927433364 0.11423943433410094 0.21766080411790142