0 0.4325884567330775 0.7094800460877652 0.09346025917876151 0.09235312001174761
0 0.5533550893670589 0.16168199376930423 0.08792395659314287 0.0826817928316079
0 0.2737057609252543 0.2706119794472046 0.08865256687106907 0.0922971774469925
0 0.04020637072621476 0.42951925127307733 0.08041274145242952 0.09716081231944006
0 0.3489564407889645 0.10161549533615608 0.0930959540397983 0.0875454277040554
0 0.03269257723509978 0.620597049221469 0.06538515447019956 0.08268179283160802
0 0.22613375517308384 0.5497658173995121 0.08348056942441359 0.08743354257454496
0 0.5413037331397693 0.9387807845321716 0.08810610916262444 0.08508563898545418
0 0.025096673146890423 0.8430087610169934 0.05019334629378085 0.09484088001272675
0 0.10363719406133037 0.07444846049797271 0.09105641302491525 0.09232514872937009
0 0.0820011592684384 0.15395719691035023 0.1110157925336108 0.10216430360377557
0 0.7001841110633424 0.4902108932331515 0.08865256687106893 0.09229717744699237
0 0.8102310883988368 0.5910037619351102 0.08847041430158734 0.08989333129314649
0 0.9153354388739561 0.09142248910546032 0.09309595403979834 0.0875454277040554
0 0.32178410341045394 0.19079555892867342 0.103075643794146 0.0924650051412581
0 0.568732787405486 0.7511269424790948 0.09863225662541698 0.09721675488419515
0 0.07170811968445279 0.36903149947363695 0.0954998001936444 0.08757339898643306
0 0.6949116224063128 0.009431045083988048 0.09094598595660514 0.018862090167976096
0 0.9112757076277596 0.023797337376995718 0.09571781551371163 0.047594674753991435
0 0.1533355588882948 0.03664340510699398 0.07317243728168837 0.046484244112027534
0 0.897333939021036 0.5983962716667891 0.07776211426931322 0.07535836924055908
0 0.4407853223597484 0.6013069691646884 0.09364241174824296 0.09475696616559376
0 0.11992139672233557 0.8896451630514697 0.0975393412085274 0.08279367796111824
0 0.5158208257199447 0.24497831274790544 0.09826795148645381 0.09240906257650298
0 0.4007840035072761 0.14664523276454802 0.07517611554598574 0.07292655180433524
0 0.8520209090120925 0.8318910183372086 0.08348056942441345 0.08743354257454482
0 0.015296557611622522 0.1175786769206295 0.030593115223245045 0.09176572308181793
0 0.08832128566613841 0.10224653332028032 0.11247301308946336 0.12139507283454483
0 0.47346751449892516 0.9623865332590943 0.07426535269857783 0.060907321035104406
0 0.7970085151444064 0.6704145988591661 0.09309595403979806 0.0875454277040553
0 0.7941808920926122 0.9454451988567187 0.09571781551371163 0.05875521642265669
0 0.03918163228980515 0.9650594748567839 0.0783632645796103 0.06820277334377559
0 0.21667975293533473 0.6903768317583233 0.09863225662541684 0.09721675488419515
0 0.9421019307298114 0.2928560685869291 0.06093519119239041 0.07516257026391575
0 0.6755741633997603 0.87837610451455 0.08755965145417968 0.07787410052391572
0 0.7713226849632542 0.121918948611893 0.0598422757755009 0.06073949334083883
0 0.45723710596379846 0.19402287378203092 0.09346025917876137 0.09235312001174775
0 0.7780443986587796 0.02216270148853377 0.0929496642209023 0.04432540297706754
0 0.6210657883808532 0.03264519585762421 0.07998380785367806 0.06529039171524842
0 0.4863758394477441 0.12643546865056254 0.06741811937600253 0.06563109949566392
0 0.16247053366329964 0.42321509535818297 0.07517611554598573 0.07292655180433517
0 0.07010318990142768 0.5011451384468538 0.07517611554598573 0.07292655180433517
0 0.5229120012552366 0.864541266586717 0.07776211426931348 0.07535836924055908
0 0.5028601260535237 0.9548393394090247 0.08719534631521651 0.07306640821622341
0 0.008807951794903958 0.7363173199946156 0.017615903589807917 0.09925697436713239
0 0.9408060925515944 0.45258596704699916 0.05754885668996497 0.12555942564755213
0 0.2967933386408924 0.48890045328797416 0.09881440919489844 0.09962060103804131
0 0.07290436512826945 0.6860454933163644 0.10216488094673815 0.08044577437202732
0 0.8887440025461993 0.28387003782504067 0.08053026556212281 0.08019403283062888
0 0.055038320760335435 0.7474974122925182 0.08406288988344404 0.06342305231846104
0 0.13837118095757656 0.7729467394604209 0.07794426683879505 0.07776221539440524
0 0.19924973920753522 0.8094651158620295 0.06650735652859467 0.053611868726433226
0 0.3920184905720379 0.48418981840328945 0.06501427322215637 0.06560312821328623
0 0.14947023395376624 0.293673130233078 0.07036842323829344 0.07287060923957994
0 0.2121000118056459 0.16445199279000142 0.07186150654473167 0.06087934975272686
0 0.2278146686821101 0.24232525124860294 0.07776211426931348 0.07535836924055903
0 0.5124193986587796 0.023610215351574947 0.059295818067056145 0.04722043070314989