0 0.482463620527832 0.9533807953874468 0.10637059298526698 0.09323840922510648
0 0.22278690536757967 0.5509323901091883 0.11124821113203329 0.11795832183739317
0 0.7807161595575896 0.7298061823391566 0.12084961057960332 0.11577827624465825
0 0.6364668166405464 0.10977871025053473 0.1377324743277855 0.12578531184198732
0 0.3244616873876727 0.4306861421547011 0.09914506935591373 0.10325549421292735
0 0.7915902092763057 0.5136838290541139 0.1063845781530819 0.10823103694145307
0 0.029922210412743754 0.08843976136885687 0.05984442082548751 0.0903410611992522
0 0.46766454678405445 0.6107258428790602 0.10392479132797647 0.09855970218579066
0 0.7241620403318888 0.9460674060358445 0.10152094517413045 0.0985037520455127
0 0.5637974151861784 0.6165696177209407 0.10152094517413032 0.09850375204551298
0 0.39296511154353014 0.2267238999286328 0.09674122320206759 0.10319954407264967
0 0.5837747881847404 0.9019289382142099 0.09674122320206759 0.10319954407264967
0 0.954071984635659 0.8925164136631418 0.08237408695024967 0.11247922784636771
0 0.5940770487333489 0.3708467886350432 0.08702794241197946 0.0861488204346155
0 0.31294431994947575 0.757385418516667 0.10157688584538957 0.10811913666089759
0 0.8386524063315067 0.8958404223144238 0.1063845781530819 0.10823103694145321
0 0.9619066644201054 0.5789543659369132 0.0702849303419451 0.1001802463757479
0 0.8082337224613376 0.9588429686378745 0.08212235392958352 0.06920999707713694
0 0.6436192090102278 0.9465969224903852 0.09671325286643814 0.09839185176495736
0 0.2090219326869476 0.23085717573584416 0.09906115834902501 0.08883241728985056
0 0.2034458575045909 0.15619806961591898 0.11358213144680544 0.10599504120844028
0 0.509342673842996 0.05873642973888931 0.10631465231400784 0.0962118061722223
0 0.8914189491448457 0.7107452734073192 0.1015349303419451 0.10090759819935886
0 0.7071347363870994 0.36025529138194506 0.12087758091523262 0.12058596855235056
0 0.30647319402697215 0.8365724662428955 0.09910311385246938 0.09604395575138888
0 0.644111093949194 0.24218607420304541 0.12333736774033799 0.1302573033080129
0 0.6145508951893361 0.570869570666774 0.07978843361481143 0.08117327770608977
0 0.5092703439384738 0.6910318934108445 0.096713252866438 0.09839185176495736
0 0.07667593242086973 0.6641339450839211 0.08459612592250366 0.08128517798664539
0 0.617911122628197 0.8197795478704065 0.1281450600480303 0.13036920358856846
0 0.08577306447195744 0.9584082685000535 0.10145101933505632 0.08318346299989307
0 0.23138137273248413 0.7266369599010686 0.10638457815308183 0.10823103694145321
0 0.4453174891960338 0.5260597011618059 0.10154891550976003 0.10331144435320515
0 0.4514817427817614 0.29299852451928454 0.10395276166360604 0.10336739449348296
0 0.39377625127678834 0.08730082300555587 0.08943178856582562 0.08620477057489324
0 0.3310073276677095 0.9540501871926816 0.1015349303419451 0.09189962561463662
0 0.6955676195064014 0.9021267735832805 0.07980241878262608 0.08357712385993593
0 0.12989779454333908 0.19415505187590826 0.0919055605587457 0.09827995148440177
0 0.9290002233892014 0.6563240390431632 0.0894178033980107 0.08380092442104715
0 0.9731567109595224 0.7114456550998405 0.04621849846785399 0.09481305266527766
0 0.19575102939829253 0.4457216558036861 0.1015489155097599 0.10331144435320529
0 0.6222029664370405 0.4953162672414535 0.09674122320206752 0.10319954407264967
0 0.7010893567277977 0.5728837757167741 0.10634262264963741 0.10101949847991475
0 0.4137729993167737 0.7825718628698721 0.10631465231400784 0.09621180617222244
0 0.6080402178288364 0.036991923951816746 0.139688795111558 0.04891818505918815
0 0.40540389734720483 0.1548882660146371 0.0918076643840422 0.08145302840747874
0 0.9062957426667542 0.839714718549894 0.09915905452372879 0.10565934036677377
0 0.5631199359023101 0.526397411881571 0.07983038911825566 0.08838481616762824
0 0.4240518780482117 0.8753717154241992 0.11854366060046054 0.13254924918130337
0 0.9123209459294832 0.42393325914492597 0.06768529183869167 0.06647045008162394
0 0.5612405335415189 0.4361972309720625 0.09668528253080844 0.09358415945726506
0 0.9576164233215606 0.48990015796404995 0.07990031495732972 0.100404046936859
0 0.7575743514695739 0.16188303848840876 0.13066078754439467 0.1496559229596155
0 0.039522808505164146 0.4997492293077992 0.07904561701032829 0.07642153553867527
0 0.08464347129955661 0.32773535889615396 0.09198947156563449 0.11270302840747871
0 0.3612248293148629 0.5168899077905451 0.09189157539093092 0.0958761053305556
0 0.024359319043052437 0.34313555339599355 0.048718638086104875 0.0805018760227564
0 0.5086434154522562 0.178928737431197 0.10152094517413032 0.09850375204551291