0 0.45484052372991496 0.5745667990842377 0.1548552662492522 0.1589967426630396
0 0.07617779941981878 0.4896730545478961 0.13299685030352576 0.147615339865023
0 0.41152137245470155 0.8781383976837375 0.14261223491891045 0.14840023683508172
0 0.4950035167746798 0.39310079372460527 0.12058596855235056 0.12980729557552642
0 0.8995021416854707 0.9179719189142153 0.13769264233066253 0.14320009604235978
0 0.6765039507805563 0.9237615258988126 0.135400696457372 0.14781156410753754
0 0.2747668183011219 0.10520414383310733 0.12561746142115396 0.13981512867594048
0 0.5192438334384086 0.7129839788068234 0.16234655541217968 0.17160464615981452
0 0.2881298573760685 0.21546215292442336 0.12058596855235056 0.12980729557552653
0 0.23316319075582342 0.9369233185342491 0.1305370540094018 0.12615336293150173
0 0.8096086816084408 0.869846237325788 0.13802834317232937 0.1576231729654367
0 0.09912322334476523 0.3415911366001728 0.12047406827179498 0.12499960326783424
0 0.31882638560758586 0.5034820876572623 0.1718500397470087 0.16758185082218063
0 0.8175725321465818 0.7481330925709501 0.13545664659764967 0.15021541026138371
0 0.5966125016056094 0.6353247634251921 0.10823103694145307 0.11440309743987626
0 0.24383760828028914 0.7864739249502252 0.1453517819144232 0.16301953800067318
0 0.7202447379859515 0.741387933826029 0.11840592295961563 0.1392264559483965
0 0.9106710660209938 0.3154649657683116 0.14954402267906003 0.13696967879339483
0 0.9293548139754809 0.42741545854283736 0.1412903720490381 0.15320792914277404
0 0.7624968168396903 0.18580493755771257 0.14797942862938057 0.17283114685857248
0 0.4613186807335472 0.23439799069317188 0.14272413519946595 0.1532079291427739
0 0.5742155247538997 0.24001476086059212 0.11795832183739317 0.1199956867176272
0 0.5463875277622869 0.8483596827704315 0.1426122349189103 0.14840023683508172
0 0.16626909486591934 0.649381358047655 0.13998458820395307 0.1385886279771823
0 0.614998994036966 0.3429139641254422 0.1498797235207266 0.15139275571647176
0 0.19608432677644244 0.17795755478578895 0.13758074205010692 0.13839240373466763
0 0.5540406377117526 0.558671643610135 0.10616289162927363 0.12862995012043837
0 0.44107980403872876 0.13797438579738877 0.13523284603653857 0.14060002564599916
0 0.18161735898167802 0.7933913254140745 0.1594951081361112 0.15217765268653047
0 0.2961367570700862 0.8687196340430332 0.13506499561570523 0.13338848718446064
0 0.6348242743139962 0.730816203985989 0.13036920358856846 0.1378037310071236
0 0.06393677796757527 0.582245709092808 0.10124329904102575 0.12342980932771698
0 0.39303487578814134 0.34159014476975835 0.12762965659305572 0.12318442984153209
0 0.41687952171372894 0.43830808602931337 0.1305930041496797 0.1474191156225082
0 0.5085424457828533 0.9232469827689396 0.12036216799123932 0.12019191096014208
0 0.7666121669672546 0.5172413704247097 0.15971890869722244 0.16179303730191508
0 0.6475887825864852 0.24840344641113565 0.1083988873622865 0.12161463590141472
0 0.35347929477403855 0.13682181633021873 0.1179583218373932 0.11999568671762723
0 0.26395353036501096 0.3106594554875312 0.1718500397470087 0.16758185082218066
0 0.7049423746199787 0.08393601074910592 0.13584628770149584 0.0638731729654369
0 0.10173495425817387 0.9644082906767593 0.07865753127168808 0.07118341864648141
0 0.29353206073002186 0.6021870473298822 0.127797507013889 0.1303959683030706
0 0.8432534833108444 0.4083321550430785 0.10353524491431625 0.1188183412625392
0 0.5807427605477038 0.9592073564197061 0.11583422638493591 0.08158528716058774
0 0.07248207534433776 0.176265467834745 0.1404881394664531 0.16022324336179766
0 0.41702542669871856 0.7538251825325387 0.15038327478322672 0.17302737110108715
0 0.9589168444577995 0.7447721077281169 0.08216631108440108 0.14006050816212523
0 0.09960884892761826 0.8778696307722148 0.10431854687820524 0.15247218741638535
0 0.31337225186955153 0.32069166784369735 0.20773988163386756 0.16331367599836233
0 0.9919862289558764 0.9696314221626529 0.01602754208824728 0.060737155674694336
0 0.4167106663538465 0.37951196738134 0.15988675911805572 0.16900457576345354
0 0.3942428284993595 0.6511957380096255 0.1178464215568377 0.11518799440993496
0 0.6702165945726504 0.9892307565379065 0.11683931903183763 0.02153848692418701
0 0.08944686389385689 0.08047949254409313 0.11471522357938041 0.08374177016742025
0 0.6058551658577458 0.15622343871733596 0.12561746142115396 0.13981512867594045
0 0.856720383153953 0.11072121495060706 0.14132538169252157 0.09311177529662008
0 0.550323973139477 0.6051541951251056 0.19342870499134626 0.16694402285096657
0 0.1462260436620731 0.5613712146903335 0.11315062952970092 0.11960323823259791
0 0.7632941879502678 0.9384677413881999 0.11577827624465825 0.12306451722360023
0 0.8808528192933232 0.6321350284708728 0.13987268792339747 0.13378093566948998
0 0.8926462396233444 0.5203316046951915 0.14490418079220072 0.14378876876990396
0 0.7399710189668272 0.351915701659282 0.16804944996431623 0.2104586331063822
0 0.03866339358680582 0.3210605305373061 0.0661367591180557 0.16135183030538144
0 0.20776785670400655 0.1645155990752854 0.1254496110003206 0.132603590214402
0 0.8521105262153313 0.2219113883769092 0.13780454261121816 0.1480077883500523
0 0.6503903093565709 0.5749340748491834 0.13025730330801283 0.13299603869943127
0 0.9833199868471157 0.8800496995704677 0.03336002630576856 0.13392840140050039
0 0.46211605184412474 0.96953430187181 0.1367414899459402 0.060931396256379985