0 0.6122982291361826 0.8882520811262677 0.16456469575163638 0.16320025681611428
0 0.24772558449083157 0.28801412357664063 0.15166360331177747 0.14602360984209367
0 0.8041359861543338 0.47943984794132877 0.1798696343453413 0.18044684856955448
0 0.7488798498773502 0.34303725836008214 0.19036688063135407 0.19755355076415554
0 0.5110115184587071 0.8515962451028452 0.1670945221441437 0.16567404774938
0 0.3545435436464883 0.4481183126260427 0.14470402532756133 0.1506214678115274
0 0.7077557335713759 0.601053161784945 0.19289670702386139 0.20002734169742126
0 0.0711858652543522 0.25621020098674696 0.1423717305087044 0.17507959802650605
0 0.9112382310487909 0.4967250251751431 0.13166673102975707 0.17664410682731813
0 0.12609472567320473 0.3647587254605043 0.18758509376152446 0.1902720675231975
0 0.3013593100941463 0.5240714113733733 0.14647797028810167 0.1386721818217162
0 0.9284261020091455 0.6954398909810495 0.0761263090139732 0.170227684592977
0 0.5130441951098373 0.6067186889179251 0.1740541001283598 0.16107618977994612
0 0.7073538992108074 0.21943615394847232 0.19441869150707938 0.1832703633999176
0 0.8319998521394089 0.6118391101782075 0.16253879031377358 0.1703418504982332
0 0.7785516464880693 0.07455377114000915 0.13471069999619337 0.14313015023231093
0 0.040853502592474916 0.51769198408354 0.08170700518494983 0.12326987798676606
0 0.7206500547979672 0.8358956646779632 0.1698763090139732 0.17295553099033775
0 0.3502789983669518 0.8958760620829942 0.15457137042026828 0.15570893923689783
0 0.4561979734206631 0.4319594780442694 0.14938573739659247 0.14835751121652024
0 0.49401606826236066 0.9468978920768657 0.12650154124464963 0.07808641451962582
0 0.2515339961048933 0.6275288513310959 0.15722717705143674 0.16058657632400963
0 0.6696277989426676 0.11492592920879273 0.16722050238280473 0.16807789390322608
0 0.6289939315660369 0.030138109710616843 0.1218198291756185 0.060276219421233686
0 0.3739360687834133 0.6047658707396414 0.18340730264713792 0.20215140873358914
0 0.9220692107663994 0.8396356878221091 0.06868325331368105 0.07400389365971122
0 0.06876170546070323 0.8404625953672831 0.11219422294094976 0.12567372414061223
0 0.5581639033854743 0.11216874606718451 0.18657725185223512 0.1710412982924283
0 0.3428308318570173 0.9692982869444312 0.14624645304934772 0.04265822522670904
0 0.09068986840282486 0.1451086920641776 0.18137973680564973 0.15916195708203656
0 0.19818289583675341 0.523473267657643 0.15520127161357403 0.1677281700061286
0 0.36068079967339034 0.17071888858478018 0.1670945221441437 0.16567404774937994
0 0.6394946282580661 0.3006166136800124 0.12927310649519516 0.13097102990424114
0 0.530754640261014 0.31458143644619796 0.1860631092783064 0.20702904582070117
0 0.7211010776537997 0.03732753760923697 0.1395286139231697 0.07465507521847393
0 0.6433251435143218 0.4565168897829149 0.2106054917714126 0.21734387823028073
0 0.1532112714419715 0.8320049127029848 0.12889516577921167 0.12375949144270273
0 0.12730520996578648 0.6851476011533195 0.13863653063325745 0.12644311671422687
0 0.67280975976944 0.764082169743175 0.11624603381667516 0.11139053677637414
0 0.20618430139536237 0.09600832094954471 0.12598739867072092 0.11407416204789857
0 0.9166349380726522 0.30215337627244365 0.11648777267471316 0.1618013612277241
0 0.5014998808410241 0.18582291582979835 0.12889516577921173 0.12375949144270268
0 0.34836706154607505 0.2682844921538079 0.13508864071217672 0.15034168869384942
0 0.1219731534648812 0.6036966110402283 0.13964437254254672 0.1456738859449961
0 0.07897466600791557 0.9661749049882696 0.07045719827422123 0.06205460766990001
0 0.019418079185135443 0.5891650038573577 0.038836158370270886 0.09570845382374617
0 0.3110648992806974 0.36177682359904817 0.13888849111057971 0.13125080902191918
0 0.8331269030740918 0.8422236446606308 0.1606490867338561 0.13428415819054088
0 0.5789286687211368 0.7464122962225533 0.16544655742226438 0.1800271798930371
0 0.4914077897228309 0.043123705564929324 0.1469921128620305 0.08624741112985865
0 0.24219944682229247 0.18736733662248997 0.15431940994294593 0.15090124692920545
0 0.3700816598825728 0.063467160353015 0.14382216365693318 0.12693432070603
0 0.470212444769904 0.3019419513983186 0.1992263838147717 0.1834102529587566
0 0.45454655829276736 0.11998406388991573 0.13964437254254683 0.14567388594499608
0 0.8458219027246415 0.1878050707523295 0.14938573739659233 0.14835751121652033
0 0.8395194403855671 0.02327990823684042 0.09499958076732731 0.04655981647368084
0 0.8430367950475607 0.7447279858710226 0.18379546498240545 0.16375981505147053
0 0.21522268291625313 0.9082064312689483 0.12902114601787285 0.1261633375965489
0 0.24017533138682085 0.7526687408899349 0.1983445221441437 0.16658332988183353
0 0.01855832115670122 0.2829543983596511 0.03711664231340244 0.15043735712685175
0 0.15823859896550804 0.9650686503443489 0.147254294958637 0.06188899445747827
0 0.06446636572454867 0.710117455387153 0.12893273144909734 0.20364597275498178
0 0.018515774275938996 0.44507412418542747 0.03703154855187799 0.10504405932145279
0 0.4241478847043085 0.8145207404029053 0.15240926312446026 0.20604981890882795
0 0.8983115845607217 0.3998938417900202 0.11927978116382686 0.12347971232502462