0 0.20671469020598224 0.8216637637369657 0.15765076338504286 0.1670423474393165
0 0.585071698622649 0.6687047726228628 0.12874865939861133 0.16396709960213693
0 0.11596606222323694 0.2820023120766025 0.13277304974241463 0.13042515372884628
0 0.7804916582891024 0.1692322791993049 0.15423981470619672 0.12371716652980781
0 0.20230668839262786 0.39171100304017076 0.09604395575138902 0.1007397477785257
0 0.15342351297692292 0.1694121888887285 0.10828698708173085 0.11063488309529923
0 0.3136449679975961 0.04776718742729691 0.16564359393237188 0.09553437485459382
0 0.3156970342849886 0.887599672668803 0.13042515372884628 0.1327730497424146
0 0.37063588905833317 0.1787717781166664 0.18398117079679494 0.16285010667467967
0 0.9243257518426813 0.4409757800473283 0.1338920525479702 0.17850207680576935
0 0.9101774009257473 0.6875658363075312 0.11583422638493591 0.12522581043920958
0 0.8972599530949245 0.8812712771831189 0.16676259673792734 0.14563153261581208
0 0.4625544452916659 0.9262260467340273 0.2216594072944445 0.13009146276527817
0 0.0675259657040329 0.6316510321197115 0.1350519314080658 0.1716262391858976
0 0.44154030614535206 0.6420137041164525 0.08385687456132483 0.09324845861559841
0 0.3036858430281513 0.47464168546976465 0.13338850128547022 0.15686746142115396
0 0.7620611117628199 0.7030260007038455 0.15239546995512837 0.14769967792799166
0 0.5889413027532585 0.04185246997102007 0.11264707826720101 0.08370493994204015
0 0.06498073679091851 0.8093677970834936 0.12996147358183702 0.19286920358856846
0 0.7973765413844016 0.06312734758840745 0.10549148994594021 0.09375200987809838
0 0.6206588394332262 0.4300246266386213 0.08614882043461537 0.08849671644818385
0 0.8239496799759611 0.5213947357987172 0.1224303133034189 0.09895135316773516
0 0.4144585915960466 0.46365451747852526 0.07893728197307691 0.08832886602735056
0 0.17099470861805494 0.7047705044429485 0.07848968085085474 0.06909809679658133
0 0.29062851984663407 0.6743567417299677 0.12075381897318384 0.1301454030274573
0 0.6611635629539527 0.2897343225412387 0.13204569791880352 0.09917515372884626
0 0.7103564740192838 0.3955025483714204 0.11549852554326907 0.11080273351613265
0 0.5992530493049678 0.16263920709796956 0.1239409670909189 0.16385519932158132
0 0.7799800675142089 0.6041046324843476 0.0863726209957266 0.09811210106356846
0 0.48268343158402716 0.7323527554376064 0.11001943155224361 0.08184467938942291
0 0.8374825793498395 0.30124698723082194 0.22339386164305572 0.20461069353450873
0 0.7324845912759073 0.8899115540998392 0.19370845569273543 0.16788159954348295
0 0.08974956497013875 0.4401256368368589 0.1794991299402775 0.2014794955570514
0 0.4629301804720617 0.2907444398833864 0.11091463379668813 0.12030621785096166
0 0.33924299889049114 0.3404728970375531 0.14507203121303427 0.14272413519946595
0 0.9031467770926815 0.02006097688349323 0.09274490735309836 0.04012195376698646