0 0.24681487210722236 0.5344513431163906 0.19741979072607027 0.2063334401577737
0 0.17278269111508868 0.8492476010184797 0.18780440611068566 0.2056048298798475
0 0.39944848858505916 0.2777102786372957 0.24811548663997562 0.25084187616278975
0 0.3057787559843282 0.908012053935831 0.23295446542862855 0.16357480434640173
0 0.7735726403441525 0.12254609701280215 0.16943702842377314 0.18029130035501473
0 0.7591223674787765 0.7263130689260122 0.18006985004401316 0.1595674478178074
0 0.7589397238123651 0.6103819958329522 0.18851375219354338 0.17934467475702112
0 0.44049467446119905 0.484750139472873 0.17609326626345284 0.20950175934013174
0 0.639695200017038 0.21964940758119506 0.21782204242269396 0.1887420440523386
0 0.5371198690263227 0.037692807208196684 0.2088551226680299 0.07538561441639337
0 0.2112123867024452 0.11081003095572997 0.19214996203538115 0.198757596557272
0 0.0791369097878872 0.2548794178088637 0.13701554595791857 0.19697193361304188
0 0.9096210162279585 0.40672563068324696 0.18075796754408285 0.2294252760982416
0 0.1872920027969457 0.3783297015599937 0.1796685948831535 0.19063529524832568
0 0.06406905281540201 0.13282972167115453 0.11920346889286458 0.14299440281153705
0 0.06320197646023318 0.3454610986265055 0.08758449674872953 0.09753934120852745
0 0.10457239476673334 0.5198668838156781 0.16108260570179253 0.3112277708301822
0 0.11390644425987637 0.7220631895929774 0.11230002135332405 0.14725563741078454
0 0.3365703044126435 0.7100217692236239 0.30648485739841635 0.30310830833778907
0 0.5343844208194918 0.42328642194733074 0.17726474872930736 0.19045314267884408
0 0.5607423361586755 0.7969023463009262 0.15193304228071697 0.13112146186120227
0 0.8999320736221154 0.8210620692416076 0.20013585275576937 0.19391404149899408
0 0.974754088167647 0.6077917388847945 0.05049182366470607 0.24213441557825988
0 0.8605856949626609 0.2741691378663148 0.15982164380838854 0.17956269007708853
0 0.944947913798734 0.24071395624896647 0.11010417240253208 0.1289356310274233
0 0.9111776123463105 0.1076284878608956 0.16755619987506082 0.2152569757217912
0 0.8738428166368517 0.04612136130539785 0.18518563327370346 0.0922427226107957
0 0.6525187835136443 0.08037829811012044 0.21603437811284362 0.16075659622024088
0 0.47674422246358333 0.12692201690518978 0.13649252835278453 0.15148100925944655
0 0.36206895316182564 0.10904087997851611 0.16213232572337277 0.21562038238478076
0 0.5048718181985989 0.6223875534517198 0.14703218573416288 0.16663269646044981
0 0.7001889242127393 0.372074203622082 0.2654977103387574 0.22345294287248846
0 0.7625634769571529 0.4784616176009288 0.2354191928046118 0.20203634280794047
0 0.6857870758724504 0.8635158716730013 0.24697628719084583 0.19573556719380966
0 0.3510902303858945 0.48427824608215286 0.12684486072067522 0.2249073246117878