0 0.6515418913112574 0.2264732392562951 0.20667651079664212 0.20548961663196755
0 0.5203241754394381 0.41284642169976604 0.1921695200264324 0.198026322426272
0 0.8120706554497172 0.4936446497197524 0.1801502892572016 0.19781652597280797
0 0.05413186364636103 0.4179274731515107 0.10104713643929936 0.21566263861071372
0 0.7451431016500648 0.8349549275673908 0.19513279182783067 0.24614520479388785
0 0.4653696851588797 0.2340387019199084 0.19488105028643224 0.22451058940927265
0 0.09818176412622269 0.17595721778155937 0.19474119387454414 0.21249135864004182
0 0.3492480411178279 0.6850447577399204 0.180122317974824 0.19541267981896182
0 0.3781937785829315 0.8962657948293715 0.27169224207999865 0.20746841034125707
0 0.6836475416197165 0.6103692326377241 0.1921415487440547 0.19562247627242585
0 0.9652726277358721 0.7812067932002092 0.06945474452825587 0.24653500499447828
0 0.8377009538877603 0.3210502584857969 0.18730588515398486 0.19313471153719405
0 0.6276771519242599 0.9578034609122507 0.16214857232041885 0.08439307817549874
0 0.4842401959799962 0.6165019961256039 0.15088456617538362 0.1612553221768018
0 0.16522709751258388 0.567673159339573 0.19468525130978895 0.20768366633234964
0 0.8610812482250341 0.16163506180730236 0.16119923285020832 0.22151931318572687
0 0.3606756646305587 0.11805176011242434 0.2186397990011176 0.20089172077773937