0 0.19586061684985234 0.3707571962623482 0.1158390869753466 0.12200708438644406
0 0.1872166055886776 0.4792246095491972 0.1157271260413376 0.11960323823259791
0 0.3189243198471755 0.479249583903198 0.09789255455833334 0.09659505315037993
0 0.31322756792210626 0.3958998654886413 0.1157271260413376 0.11960323823259791
0 0.364617280334338 0.1666025149043535 0.12752243494255033 0.11577666713747892
0 0.8381781084204256 0.5134938880793343 0.10957590252553719 0.09036463590141472
0 0.7547876305946546 0.6843384132570081 0.10795578290975417 0.10699533473582298
0 0.7557820232913451 0.8686496701331031 0.09308486225064118 0.09620260466535058
0 0.5311607021105673 0.9097350631485058 0.10739597823970908 0.0949761039665922
0 0.6774202020118414 0.21171248855213595 0.1255664325247402 0.12519582751034886
0 0.8306078459633315 0.029362581453814422 0.10773186104173614 0.058725162907628844
0 0.8867293866521654 0.08806227409223516 0.10599978049194411 0.11641449510869305
0 0.2098820668708072 0.09541869952570628 0.10314809060206173 0.10660288625079375
0 0.17547745530342165 0.04697331048734023 0.12981432016238748 0.09394662097468046
0 0.20101413374161448 0.2086938051202475 0.1130993580194734 0.11459932168239091
0 0.3722700346772173 0.2593713936917801 0.10622370235996201 0.12122218741638537
0 0.05301784962295533 0.6774188307662465 0.10603569924591066 0.09816484709049707
0 0.0516726614511734 0.7893939011626075 0.1033453229023468 0.10375743636824808
0 0.2190724489436844 0.6179119447458856 0.11287543615145537 0.10979162937469869
0 0.10298991283413877 0.17957749579999094 0.11734724565712068 0.10297253939818944
0 0.1401572726998784 0.30705507481934224 0.11265151428343739 0.10498393706700632
0 0.10573609149575487 0.5062308139811309 0.09962463510812551 0.08236820046981755
0 0.20041124801605073 0.8900371207367876 0.09856432016238746 0.11101813007345658
0 0.2137279713084279 0.7069523645594505 0.10292416873404377 0.10179519394310159
0 0.4892383164767923 0.8329344776024384 0.10303612966805271 0.10419904009694775
0 0.668403854747816 0.8937425890174774 0.09822843736036055 0.10380659161191812
0 0.8542279328139808 0.4259743053282994 0.10052032258019768 0.10159896970058678
0 0.8066417563796602 0.18799333773144727 0.09755667175630642 0.08938351468884133
0 0.7394296335181912 0.03458710150228823 0.12271474263485817 0.06917420300457645
0 0.3645942609918571 0.08997377434504854 0.0980045154923425 0.09899889930422595
0 0.39976289368217255 0.02232199533166542 0.13316652032796264 0.04464399066333084
0 0.8680680075755794 0.7972214670986856 0.11103139466765445 0.12161463590141472
0 0.4008823248733103 0.41628379928482934 0.10717205637169104 0.09016841165890004
0 0.3131518820399685 0.2689865799410818 0.11080747279963628 0.1168069435937224
0 0.26138024814074806 0.3522379878682983 0.11723528472311166 0.10056869324434335
0 0.27701518992279084 0.19650312609642004 0.12031089648101187 0.1151879944099349
0 0.05162984761908312 0.38253065081322846 0.09330878411865914 0.10101029697304274
0 0.533064394286625 0.018937226331328823 0.11656351911905762 0.03787445266265765
0 0.589992680856003 0.13503439438307802 0.09789255455833348 0.09659505315037983
0 0.6174196176119108 0.04095219975613891 0.10258828593201677 0.08190439951227782
0 0.972908946046119 0.03316487247622267 0.050599358019473274 0.06632974495244534
0 0.5132671925311155 0.11136360534172783 0.11147923840369026 0.13123002051679933
0 0.8624010809966387 0.25049353609753017 0.09308486225064118 0.09620260466535044
0 0.4641594235566783 0.4973279820328801 0.08838913087695789 0.09821400233416738
0 0.02729509225781337 0.4693142934717918 0.05459018451562674 0.09502525921026252
0 0.9344175822384523 0.47809879973077407 0.08302163389922047 0.08580232307990712
0 0.9223556267116074 0.2743359717595599 0.08106563148141041 0.09522148345277713
0 0.5537898883408257 0.6552462848264207 0.07832590252553719 0.08781372074872386
0 0.4640901873802834 0.7044757773705137 0.08302163389922047 0.08580232307990726