0 0.6290378283190164 0.27889013705317883 0.20525642412834727 0.18876013976811856
0 0.5228888407894574 0.6551420401463323 0.17860380714871754 0.18450726733691997
0 0.33568741397891577 0.8375311079426181 0.397412649750142 0.3097083073347214
0 0.32899456840441565 0.13903747027740418 0.2889093982457261 0.2710622022253117
0 0.10755576966588297 0.1162503518656562 0.19588077010099672 0.2325007037313124
0 0.46889492641239233 0.4388293929664787 0.25675713840384545 0.3404880940736382
0 0.9045495449143158 0.5223350583999147 0.1909009101713683 0.2134709744983447
0 0.7357850522730766 0.14445164237714034 0.26421058754458654 0.20721745584178264
0 0.16413332813781978 0.36944468449297757 0.2669446082797716 0.23846745584178264
0 0.7848481389116796 0.6223127470987015 0.19657272065555523 0.17142893679737214
0 0.9393464715436607 0.28727944853318504 0.1213070569126787 0.19037405941492938
0 0.967787807511111 0.10936132648226941 0.06442438497777794 0.1278070460823289
0 0.2893572580299135 0.48766217591769695 0.2339216899878913 0.24332568813214522