0 0.885721351953517 0.3480253425903342 0.19545675286725675 0.1908277993260825
0 0.6990117402905545 0.6773193189673969 0.1865651172671609 0.16147736558610531
0 0.3598876152977389 0.11613991529247064 0.1553151172671609 0.15929215271287053
0 0.1853812948549759 0.7371650127659588 0.15148748162362705 0.17578288919391127
0 0.4586660524429655 0.22958266110935804 0.11673727925163281 0.11350152247452282
0 0.244141125405479 0.12241046726540271 0.1270527043414163 0.12619312643551808
0 0.1065488864110537 0.24685620735534894 0.12786904436980484 0.18131349467603847
0 0.9316055625941438 0.47166356289043504 0.13678887481171223 0.1570563998569655
0 0.23270339240619659 0.3370756881321452 0.19445298766220823 0.2146981675666029
0 0.4407123351556217 0.9320446445254384 0.20140821847487717 0.13591071094912321
0 0.686102800719804 0.9655803773975739 0.14331959503882039 0.06883924520485224
0 0.8760066468736502 0.9716317361234545 0.17697344119266653 0.05673652775309097
0 0.940765360113554 0.6237782437745072 0.11846927977289184 0.24325867479954477
0 0.7116191982811161 0.15390269063802958 0.19730056664158369 0.181380508008639
0 0.6855935501477564 0.5291465939099762 0.10896570841057514 0.10338185796531472
0 0.5326941333048866 0.34967388883632505 0.17949358690050232 0.16337693184612798
0 0.7168638939629552 0.8605159065535279 0.17326210510312215 0.1796995750292276
0 0.07662672016195066 0.5140951270021598 0.10089041283886815 0.12915179246585795
0 0.8869362508761155 0.20446694655132946 0.21342744924410795 0.17053793032499615
0 0.08647358231008419 0.7242635721657571 0.09566269624653655 0.12160406740843727
0 0.4591290075084633 0.6485748050530236 0.10415801610288297 0.10304567136943249
0 0.5296320558822697 0.872560967280534 0.12068121444915647 0.14011192346477175
0 0.5113502668052454 0.455913892833079 0.1013341456643976 0.09566603960995292
0 0.7729861576764024 0.28268478984170503 0.08182336024386891 0.08951360091873156
0 0.7314196110113886 0.3911017700367285 0.15221123063891623 0.14710482864569868
0 0.31566828279953274 0.6517103610227097 0.1236450929825217 0.14989540137809734
0 0.41588236370489223 0.7281456314018934 0.13001658287478163 0.1359766043488439
0 0.19524337599924574 0.5571034211830739 0.18388125492355528 0.15650157998047176
0 0.61696427048346 0.851136188535125 0.11377340071826751 0.10371804456119695
0 0.7720264448274429 0.595041966535099 0.10301424280295471 0.12451219345610677
0 0.3103338777731957 0.8273004468937846 0.2450500564469671 0.26132926429465625
0 0.9018358194979809 0.8808387222544746 0.19632836100403822 0.22481783207581102
0 0.5201634088131474 0.1345296580670943 0.2374422022416794 0.21291615462185093
0 0.3355076230668317 0.45798211235748276 0.13949195939528636 0.1342451313867622
0 0.3962349349151749 0.34970795546906525 0.1678943804159109 0.1697480038179608