0 0.027714957963454172 0.2189038368459628 0.05355590343972562 0.11569228907654096
0 0.5624053092458942 0.8133407127791867 0.11363807211806459 0.11363807211806486
0 0.46826991577583776 0.5399657453567784 0.09432339188040664 0.09910311385246938
0 0.43196828438653595 0.7044124367941108 0.09668528253080844 0.09190556055874584
0 0.5209229745363596 0.2938861808633807 0.1088024094747427 0.1088024094747427
0 0.8832348597774669 0.8007846557593852 0.12811708971240093 0.12333736774033792
0 0.8195593043258746 0.3917741878262616 0.10883037981037255 0.11361010178243501
0 0.3931998735882214 0.8580278353713204 0.0846380814259481 0.08702794241197946
0 0.1395101933505634 0.8421293232437824 0.11602793310409602 0.11124821113203336
0 0.7359639192572783 0.6905565605226825 0.11612582927879946 0.12807513420895644
0 0.8222840079843117 0.2403528578856761 0.07739857262877993 0.08217829460084272
0 0.4917785436476359 0.8622069964824963 0.09189157539093092 0.09428143637696215
0 0.7199551284975207 0.8310836643479789 0.10152094517413045 0.09674122320206745
0 0.551894072535213 0.45271484161491177 0.09432339188040664 0.09910311385246938
0 0.3465696140249804 0.8998224322912395 0.08704192757979415 0.08704192757979438
0 0.7747726828487382 0.13070514711328757 0.07254892481764312 0.07493878580367462
0 0.5512251885455511 0.9575015561708818 0.0773566171253357 0.0749667561393042
0 0.7193871264907228 0.32028034182348597 0.08947374406926983 0.09186360505530135
0 0.17479170884453452 0.7089256392225428 0.08223423527210193 0.08701395724416454
0 0.06164151488968886 0.2659746291953699 0.08463808142594806 0.08702794241197939
0 0.43138709856707247 0.39792904476263347 0.08945975890145519 0.08945975890145519
0 0.08538089803043111 0.6278793418595492 0.06530941602047523 0.0700891379925379
0 0.8289307498596497 0.556486597452075 0.1063845781530819 0.1063845781530819
0 0.7694755096675282 0.046542561393042574 0.0989912325099511 0.07509262264963742
0 0.5253872288774399 0.02829614378291765 0.0651975346779568 0.05085836876176874
0 0.471608364107827 0.08086609289170012 0.07970452260792257 0.06536535669173443
0 0.2883015103868177 0.18075776601540663 0.06290556986662914 0.07007515282472318
0 0.2818723399677584 0.10860741848048504 0.08463808142594803 0.08702794241197943
0 0.41135298354210187 0.4663197862208231 0.07008913799253796 0.06530941602047523
0 0.14818077778329983 0.4732018718835644 0.0822062649364723 0.08220626493647223
0 0.4061389200126311 0.1898565007767932 0.07985835945388536 0.09180766438404213
0 0.14539853074330475 0.20156026391504162 0.07734263195752081 0.07256290998545811
0 0.1266082942987016 0.27716953641867714 0.08462409625813325 0.0846240962581333
0 0.02723946225775109 0.13717306761519354 0.05327620008342969 0.06761536599961784
0 0.2246649246305095 0.8113757967012076 0.0725069693141989 0.06772724734213617
0 0.6972482437096251 0.026892237127829448 0.07718879511155799 0.04612060229315041
0 0.6170969970867785 0.09132758015987992 0.07491081546804505 0.06774123250995098
0 0.19865375307501226 0.2655698606838902 0.08945975890145519 0.08945975890145519