0 0.920299157753443 0.031545824109393744 0.08466881474089241 0.06309164821878749
0 0.35416668364979986 0.09765129579103864 0.10465508138855029 0.1140106489548469
0 0.5496298899894166 0.02406383262462819 0.09925977997883323 0.04812766524925638
0 0.8842224705998974 0.6413882948394671 0.21626986876634263 0.22139843217569943
0 0.2139728930533917 0.43212880768484746 0.10431930475882194 0.10439526433946228
0 0.4598367540051561 0.4313447041791203 0.08947650704858458 0.09119868811514345
0 0.8890377200864112 0.08894528318355117 0.08483670305575632 0.09561393193780648
0 0.08707276279353776 0.8366367720258018 0.10448719307368608 0.1092029566471546
0 0.74014044198994 0.1396708368022565 0.1067231509126681 0.10459148858197696
0 0.1861950869703919 0.22346017528468368 0.08458487058346012 0.08840239347626802
0 0.729689445339045 0.22007699321301025 0.10647131844037169 0.0973799501204385
0 0.6477182813030112 0.15083123936984053 0.08682082842244217 0.08379092541109039
0 0.06099671519324305 0.5386333834483009 0.07977717827576784 0.0880099449912386
0 0.809264371349454 0.11715341069240799 0.07977717827576761 0.08800994499123863
0 0.14399042537490436 0.29199416992505123 0.09196429735986282 0.09379875851150435
0 0.11646445176420081 0.09053707598642591 0.11717797710237352 0.12941484709049714
0 0.2597757157514272 0.5356660372869946 0.09942766829369748 0.10159896970058678
0 0.5320971006519417 0.18799234590103278 0.11393468937420656 0.10518016130952097
0 0.06847918287173041 0.6838698515134786 0.09297162724904781 0.12264491235765827
0 0.4133890829205378 0.2748247470711005 0.09934372413626545 0.09919512354674062
0 0.7989736039358022 0.023622724811135982 0.10431930475882194 0.047245449622271965
0 0.2382746756805809 0.748357266658709 0.11435441016136699 0.11719939207875175
0 0.47249695267275954 0.021193805120247523 0.09884005919167294 0.04238761024049505
0 0.3210166043393456 0.8741915172385207 0.10448719307368612 0.1092029566471546
0 0.9681089811522277 0.0701563160475643 0.06378203769554466 0.10164812494425692
0 0.3043956102183929 0.03296745803721061 0.10398352812909352 0.06593491607442122
0 0.19234971533580802 0.3651889862403494 0.0796092899609037 0.0832022526835463
0 0.15059530893916528 0.515649974354001 0.08011295490549619 0.0976253296066232
0 0.543944613567498 0.07854381140161047 0.08964439536344862 0.0960063804228358
0 0.28004812787247657 0.3568248783116409 0.09453603182857308 0.09880267506171127
0 0.964320056400752 0.0017921827331302755 0.07135988719849597 0.003584365466260551
0 0.2114469092528082 0.1526939811111496 0.09453603182857315 0.09880267506171131
0 0.4643124992219306 0.5249965920578631 0.08441698226859601 0.08359470116857565
0 0.42955977089324604 0.6688592920593551 0.10448719307368612 0.1092029566471546
0 0.04576850969694039 0.30965474848353725 0.05582266089473839 0.08845154871993813
0 0.31163007496339445 0.2602296267951782 0.10946277369624259 0.11440309743987626
0 0.16242377605946848 0.6472728400879953 0.08458487058346018 0.08840239347626795
0 0.6285943315637375 0.03459919194712286 0.09470392014343733 0.06919838389424572
0 0.05214443612296846 0.3886873351966884 0.0752213184403718 0.09482903496774771
0 0.4010035411098943 0.1962827209642361 0.10465508138855029 0.1140106489548469
0 0.37707195001232796 0.44292213285356874 0.10440324891625402 0.10679911049330844
0 0.37881568057374915 0.3547892997531549 0.10009922155315411 0.12082973893135601
0 0.5324520249757225 0.7159063354122005 0.0850885355280527 0.10282547039934488
0 0.46013443904437856 0.9231028892613384 0.11343102442961403 0.09075708438644406
0 0.25386143124187593 0.09016960185539744 0.09039989278033754 0.11764099580745119
0 0.15085480048908245 0.7301809547738525 0.08998017199317704 0.10562176503822066
0 0.5900183654824823 0.3279061817964793 0.07703755549219338 0.0781983361333393
0 0.10590280608299983 0.202291344518437 0.11460624263366322 0.1244109305402902
0 0.5432731112574409 0.43899804473544113 0.07488554181064348 0.08521365035236309
0 0.83118135361805 0.19250669367536755 0.07471765349577944 0.08040595804467085
0 0.18859127404661713 0.025657609088331916 0.10314408655477271 0.05131521817666383
0 0.37410725057873073 0.7722244783086568 0.08972833952088084 0.09841022657668191