0 0.10218665902989468 0.36674913352207794 0.16089969268872156 0.16040282576461282
0 0.7501583559168753 0.7676839507357093 0.14351296494175342 0.14740353833122363
0 0.48751653400694744 0.19860469185159063 0.1783983813696988 0.17580595935184817
0 0.6318625780990732 0.2609517079110354 0.19556118724864885 0.18399755447754498
0 0.151360172104427 0.4703008217388921 0.1634154997765767 0.16294668001333873
0 0.5757049405073205 0.6508422262005318 0.14798477444741864 0.14047201605944465
0 0.3778122790596157 0.28810815349864777 0.1956731481826579 0.18640140063139116
0 0.8047883075606731 0.9380803761947178 0.1710748819741513 0.12383924761056438
0 0.4547221002733022 0.08641767568355019 0.17386727746968125 0.12999287433389145
0 0.6885046907766381 0.8851579548483066 0.18583384169925507 0.18103367594417982
0 0.5061086769071386 0.7007285218156772 0.1360775046121969 0.14217582173889198
0 0.25179137494414416 0.05302238032903431 0.16704428834982685 0.08644362737490113
0 0.39649649932973013 0.4833797243397053 0.15894369027091151 0.1698782022851177
0 0.760023817521154 0.31036944058453086 0.1789581860397439 0.18782519012107896
0 0.35041167557353614 0.16305000372165293 0.16799927021625102 0.15841900389540603
0 0.8961440468909653 0.24757644854909583 0.1403253922498444 0.13043660715942082
0 0.5477743576973242 0.9612680564686862 0.12260278170084901 0.07746388706262763
0 0.9912836167840351 0.2474471731494307 0.017432766431929883 0.09755392710264378
0 0.13921572469179685 0.26102619825939694 0.16822319208426906 0.16322669620309832
0 0.12755557421602626 0.6283364857362242 0.15324031049114703 0.15036741686458893
0 0.5794160428174036 0.5503707160710725 0.14580485016159053 0.14513970027225737
0 0.05713599509856249 0.4803955019911413 0.07530958516198903 0.12425254244382099
0 0.40984618374663095 0.744267036079453 0.16056380988669453 0.1531912873030745
0 0.8687303658444476 0.3538594161912959 0.1658193459304229 0.16308668810821858
0 0.9633924448043054 0.39827129868522443 0.0732151103913892 0.11802106064644081
0 0.41615540688140223 0.622370922707698 0.20003299675431416 0.17706603220576614
0 0.10767256664738396 0.047025740790094396 0.0711143640639987 0.08565099588740274
0 0.21883598396208506 0.9153386718967399 0.12489466692068614 0.10796194320552689
0 0.8871577031220205 0.4664083068669808 0.16911887955634122 0.18245746543386743
0 0.04862051440813472 0.6321296801436536 0.04506723356807014 0.14406705259499938
0 0.9139097384954791 0.922279805288503 0.1573235706551285 0.155440389422994
0 0.5204824012179062 0.8034520157336579 0.16514758032636878 0.14866361118514165
0 0.8530692689415287 0.6610035457745297 0.16341549977657677 0.16294668001333873
0 0.6874935502942571 0.37446880098043356 0.12819420054660433 0.12733272053117586
0 0.6877241000169703 0.482361861713751 0.2049526499960155 0.17974989454937182
0 0.9526278036516546 0.3052331934300684 0.09474439269669087 0.1358280403875223
0 0.529817705349316 0.3604905784581165 0.2132837977976439 0.20420838037247258
0 0.21611927434869277 0.8312740605595644 0.12087070115105697 0.1245088500926905
0 0.366333325694249 0.8651949470574946 0.1237223910409391 0.1342642428029547
0 0.21837802029505402 0.3135833803724726 0.11069551186562726 0.1119295869439405
0 0.9462297279998315 0.8211619181607179 0.10754054400033707 0.1215449715593254
0 0.6505236008777546 0.09542448926240511 0.1609523592283784 0.1100620646287234
0 0.8200772466096938 0.5188384567308522 0.12087070115105683 0.12450885009269036
0 0.7574752274577276 0.6674224527485696 0.14753693071138257 0.1308566314440601
0 0.44948993986995933 0.8748329186385388 0.1429531602717083 0.13538430756199313
0 0.08136890945681828 0.8977428258732084 0.08212594642714838 0.06471642097718608
0 0.47781256409793926 0.9800206516378214 0.09425713813038811 0.03995869672435722
0 0.6678644680887135 0.699361760527754 0.1285300833486314 0.13454425899271444
0 0.1195304838702964 0.1472053804593491 0.13194157790855868 0.15631888247220946
0 0.24918680441371313 0.40887346941615 0.17772661576564466 0.16138288242877125
0 0.9602938137039244 0.5361424322941789 0.07941237259215118 0.14516340881314732
0 0.8513997967134362 0.7795739061052749 0.14843261818345474 0.15008740067482926
0 0.9487817210650817 0.6578285335236143 0.10243655786983652 0.1418958055491325
0 0.7073500464441188 0.5434380722240632 0.17918210790776193 0.19263288242877125
0 0.8931739463613311 0.5698436955298053 0.1429531602717083 0.135384307561993
0 0.7740187561233284 0.17333835554485505 0.1458048501615908 0.14513970027225734
0 0.9588580269769403 0.1903386063775322 0.08228394604611931 0.09157875295413319
0 0.2164384093650296 0.14326032368659505 0.16179538016079362 0.17963359499538206
0 0.13267944391061232 0.7640837893810921 0.12327454730490309 0.12464885818757009
0 0.2853500079496716 0.7478039228380128 0.16246714576484772 0.19405667191845913
0 0.7856168327242561 0.9906149713421339 0.1469178316469857 0.01877005731573215
0 0.07281052585982409 0.8169339635296028 0.07620527263406113 0.14348331167459022
0 0.35177526849468216 0.9327730444349622 0.2057890430737354 0.13445391113007552
0 0.623301236872636 0.9853528135136975 0.10135671565791761 0.029294372972604885
0 0.19986191957490526 0.5594294330326294 0.20578904307373536 0.14623605649040528
0 0.5552654421959807 0.10905493469798364 0.12042285741502076 0.11489346547730578