0 0.8423288836760255 0.22239982332569513 0.1985436176814443 0.1966158531090814
0 0.20957955865436342 0.16567357888060916 0.2585386915622575 0.2652103986431626
0 0.7342810367767446 0.4790778255764963 0.22628013177461087 0.2500599698964745
0 0.4942507612372614 0.06670229015512862 0.21446306093606127 0.11538863514081214
0 0.4685126535036987 0.6252877902137824 0.1976526112090683 0.21819451835341888
0 0.473044055806024 0.2954023706731307 0.18092676809748595 0.15060707534433782
0 0.3902453901635327 0.4326713671955131 0.20765472240300548 0.18962811520865394
0 0.6688042174971548 0.9085609581036059 0.2081590022968289 0.18287808379278822
0 0.8875894040627748 0.44064727700224426 0.2116889615535927 0.24732042290096162
0 0.49727420073444206 0.7963525181188037 0.238955262385676 0.15675757101869656
0 0.4560578360725648 0.17261039133600464 0.1769595422794992 0.16251440583301296
0 0.6419856597670193 0.30893426510795996 0.18025439490572134 0.1409916907289531
0 0.8472832376445864 0.8142485234952997 0.3054335247108273 0.2618014598424146
0 0.9990155902708084 0.7414937320229174 0.0019688194583830174 0.18856305266527768
0 0.612760456050838 0.5602470835263893 0.2232544524116703 0.20679073912724386
0 0.9886097191819486 0.9393634385930029 0.022780561636102776 0.08128517798664539
0 0.2534689427333686 0.7246797099303954 0.23935846231415864 0.23116490150737198
0 0.6322615184777689 0.1527122401780988 0.2448385278136154 0.24089218640331214
0 0.8250317473380192 0.07800120367409256 0.22217887929142294 0.12276802402318393
0 0.10849055030326936 0.5905089116200856 0.15243327419714447 0.25794090016324805
0 0.09651418280818375 0.3334372485092415 0.1614268256034349 0.21495142009540608
0 0.2794146472403781 0.9369135284661325 0.3310243294062646 0.12617294306773494
0 0.9432354838341912 0.6811168225363254 0.11352903233161762 0.13540069645737193
0 0.5164961733238063 0.9167966014423615 0.18523018051135479 0.14350743716335485
0 0.34791002914082303 0.15329368701672036 0.12446165347343648 0.13249329904102575
0 0.27412082828811235 0.5223659869644233 0.18104432141275678 0.18660881751175232
0 0.2251534587052532 0.3712304001045942 0.12619312643551803 0.1229338645659189