0 0.4325555556591171 0.1833638951474095 0.11248284281931256 0.11080747279963628
0 0.5399185064049287 0.1879970181993931 0.10757720128670584 0.1081797047777721
0 0.5404980214675311 0.32043247852894957 0.08775873670645004 0.09286094038262313
0 0.4567327607480659 0.3038624384445682 0.10757720128670584 0.10817970477777215
0 0.22890609686971075 0.3277198810215781 0.10576105048234638 0.12249082076683998
0 0.5740171071054833 0.8475169046281353 0.07873104744055198 0.10683617356966398
0 0.744841198009374 0.784167255841025 0.09776591822149236 0.10292416873404384
0 0.928904794850484 0.8093120710101862 0.08756283825662117 0.08805324807493083
0 0.9644003819824154 0.5879869695279789 0.07119923603516927 0.10270024686602579
0 0.2733302676207041 0.6495816965717687 0.11527848587281657 0.12053481834902978
0 0.07264990810012315 0.7781447410449237 0.0857466874522616 0.10236436406399872
0 0.1500096663918729 0.8443854905521829 0.10718540438704813 0.0985643201623876
0 0.15719477958431047 0.1636755185475137 0.0975700197716635 0.09811647642635145
0 0.09042989815708978 0.1210253868426801 0.12508976893803012 0.12579035439275826
0 0.27056734571473745 0.16802873926447476 0.10276950897901359 0.10795578290975406
0 0.3211827683525519 0.34630190399077415 0.11209104591965485 0.10119208818425166
0 0.7386847658962357 0.07156516542947779 0.0909461766596116 0.11220367054740135
0 0.8497024604852738 0.07723227015737097 0.09133797355926933 0.12181905516278593
0 0.6791905693471918 0.23690370649934098 0.09796181667132121 0.10773186104173607
0 0.2411151444280316 0.0658389444561848 0.0933500228134579 0.11231563148141034
0 0.36971682351535873 0.11885522618994247 0.09315412436362891 0.10750793917371802
0 0.5679851565952091 0.10841652605727596 0.07353155823320197 0.09699686708626132
0 0.9492284239248568 0.2520083126595625 0.10154315215028639 0.09353270598667719
0 0.7684756993267 0.2411746134794691 0.0927623274639712 0.09789255455833341
0 0.893651147059318 0.5351912957348918 0.09516617361781735 0.0980045154923425
0 0.9528178325818574 0.7237219634834537 0.0943643348362852 0.09353270598667726
0 0.48757659479193616 0.8539513444063058 0.09266437823905677 0.09548870840448732
0 0.25077939654702464 0.7758692473128723 0.08054719824491151 0.09252505758059607
0 0.07613937601491255 0.686462704396743 0.10075745972482524 0.1174592065911295
0 0.1526462222865275 0.31802549659670815 0.09016258286029612 0.09297290131663212
0 0.06338353454152673 0.34385864700666147 0.07730669353585039 0.1307626741741165
0 0.8571995592258226 0.9113965327391624 0.11228694436948398 0.10599978049194411
0 0.47733072898419526 0.395626788829582 0.08093899514456929 0.10214044219598069
0 0.3309001923362931 0.2892517147053445 0.10738130283687698 0.10337201247007978
0 0.4134676201222774 0.24687154355349059 0.0909461766596116 0.11220367054740131
0 0.2579787716870854 0.24327571610476417 0.1054672028076031 0.11527928230530152
0 0.44470744831809633 0.041216001941523535 0.09237053056431349 0.08243200388304707
0 0.056751511142590624 0.4766299901382449 0.07662104896144925 0.11393575109719342
0 0.19710101555891266 0.5519789861305006 0.08775873670644997 0.09286094038262313
0 0.09658024860948919 0.5674986530511867 0.08555078900243274 0.09755667175630642
0 0.08056135308368594 0.9427522221163808 0.08746488903170661 0.08564940192108467
0 0.17333804960412907 0.47119988483880787 0.1219023289848684 0.10644762422797992
0 0.31241620561385997 0.8404338967373437 0.08756283825662105 0.08805324807493083
0 0.5585901041814576 0.4689111353973661 0.08977078596063834 0.08335751670124754
0 0.5315662899092508 0.025923570816202984 0.08957488751080935 0.05184714163240597
0 0.5392286645782366 0.9394525103415103 0.07995950289542474 0.07810198065751915
0 0.33664647545870824 0.9031281714081858 0.08947693828589506 0.07614597823970908
0 0.7159848723590391 0.5783881545493323 0.08216745059944203 0.07340624928383586
0 0.7643372910196403 0.49425022523736933 0.07755565674157885 0.07799001972351013