0 0.6890732962384253 0.44652779637474677 0.19619031151026844 0.16619593647225875
0 0.6064168939361001 0.12030871611713628 0.2090500087692049 0.17870491336606167
0 0.7823118996025168 0.8442255912857978 0.14811338843334562 0.16423695197396965
0 0.2393706187542031 0.9130901922790915 0.17628716908773476 0.15579695805755842
0 0.197378561069461 0.7937528952330641 0.19736696459585637 0.18302285954918182
0 0.771013342141961 0.1831148342222061 0.19272736558610531 0.185230807253199
0 0.032696386315309606 0.5184737078094034 0.06539277263061921 0.16497566130427024
0 0.8975366583641561 0.7903921061734298 0.1003726519523045 0.1670856597833731
0 0.7667692663521676 0.32950457654453535 0.16287265195230452 0.16963233963114874
0 0.6968885146598082 0.008189039193386252 0.1975691245265376 0.016378078386772504
0 0.03672182882449175 0.16905691471198853 0.0734436576489835 0.17630924749909987
0 0.1980415776533806 0.4929027713371446 0.3293763431267136 0.3226336546352033
0 0.41482499806075734 0.5463914426450154 0.1874153933845895 0.17782337034183165
0 0.5078526448527624 0.6900161644352326 0.17813619536508712 0.18223926574986613
0 0.2689374459090322 0.2503142983919542 0.20592324944092388 0.20254747645469434
0 0.6027023680314649 0.2762648684423929 0.1815486013065801 0.19676029189785754
0 0.8123489400184289 0.0562700524137515 0.20703288919391127 0.112540104827503
0 0.8195956650455873 0.5167148190132342 0.19546739833583343 0.19013644878580585
0 0.6263728162070639 0.8290066501330788 0.23399595012997254 0.26121927639614656
0 0.43262809419190684 0.9088110489042477 0.17337904304006513 0.14848747037110555
0 0.09248386342267602 0.9226708642296421 0.16616750457852672 0.14819362269636224