0 0.730093949869763 0.6098938302516353 0.15938646823667157 0.16402627222949973
0 0.13871348302251402 0.8363247716060709 0.10963066201110673 0.1142704660039349
0 0.05900493074893641 0.3457188581608435 0.09903848191822141 0.15471612983215907
0 0.052304665360211715 0.1883089071626365 0.09554336171775814 0.12338218567472697
0 0.8389729440027914 0.798633895868464 0.14454367052643408 0.15150337651567616
0 0.30146149614587975 0.8101838765929968 0.12712913834748646 0.13408884433672888
0 0.29764198603332015 0.321741414496351 0.10440324891625402 0.10208334691983992
0 0.6457990542985047 0.43593932306048583 0.10697498338496422 0.10697498338496435
0 0.4492522329898917 0.7003280869824676 0.1515033765156764 0.14454367052643408
0 0.24005659973130733 0.9471077255377636 0.12818987798241924 0.09571125003262236
0 0.12594636296461573 0.6430250166150357 0.1567307896105291 0.15673078961052925
0 0.13260843486403515 0.5236568832912067 0.17090203406130977 0.1500229160935831
0 0.8842148115222764 0.47454582355342534 0.1144383543187988 0.11443835431879908
0 0.9923268196219848 0.7506485250771943 0.015346360756030464 0.10960012759942227
0 0.9312539212477299 0.7532927660363049 0.10954671785367455 0.11186661985008875
0 0.42076473110752965 0.5737636824029424 0.12455740387877622 0.12919720787160435
0 0.21904773598862212 0.8624007682569659 0.12687730587519022 0.12687730587519014
0 0.9368132814335005 0.6712681922545234 0.11924604662649138 0.11460624263366324
0 0.403575377477404 0.9774991872187903 0.10884463018253362 0.023008256315213006
0 0.1374160762223278 0.14442153287969683 0.1340049001792966 0.12472529219364031
0 0.35387293004818726 0.48464204872873873 0.1271291383474864 0.1340888443367286
0 0.4474740875285761 0.23588211434556738 0.14429183805413798 0.1442918380541379
0 0.594085827579128 0.36794863982630505 0.11717797710237357 0.12413768309161567
0 0.15642564929128447 0.9644688479709635 0.06949024040092655 0.06485043640809843
0 0.521203507879823 0.41742590870669977 0.08483670305575632 0.09179640904499865
0 0.6211729836580185 0.4199518415578836 0.13260838391463553 0.15348750188236202
0 0.5004731814823079 0.3062346716548782 0.09453603182857315 0.09453603182857315
0 0.5075207121171923 0.7837339098230681 0.1586309708197828 0.14239165684488433
0 0.6996566356218104 0.28965192197263046 0.12687730587519042 0.12687730587519022
0 0.3319216347784962 0.6141712036912609 0.12422162724904787 0.11958182325621973
0 0.2838065691616675 0.7181394646145124 0.13923231327414934 0.13691241127773532
0 0.6122978802030802 0.7860919543593877 0.14926741867669444 0.14926741867669444
0 0.12387063436287699 0.44574174368478686 0.13666057880543903 0.1320207748126108
0 0.8508509403806321 0.3806432024444034 0.12497712466593651 0.1412164386408351
0 0.6099588814620135 0.6501907025096479 0.13691241127773532 0.13923231327414926
0 0.23101728465211624 0.27472906059317115 0.10722681585726061 0.11418652184650281
0 0.9578239835214913 0.5630798481256043 0.08435203295701726 0.10689103922753226
0 0.6368858083036607 0.9043688136365996 0.13185288649774662 0.13185288649774662
0 0.22980014531875068 0.6189407534590476 0.14652779589311987 0.13956808990387762
0 0.3387402082751478 0.9472717843138174 0.0990918916639692 0.08749238168189886
0 0.31375921331088097 0.40421241393816687 0.11452229847623116 0.11684220047264524
0 0.2727145027136005 0.4694253318488674 0.10655526259780392 0.09495575261573344
0 0.731093620681327 0.4317573823947237 0.08972833952088057 0.09436814351370898
0 0.7746528264627598 0.33516854824787495 0.08732449336703442 0.09428419935627688
0 0.8433646431633343 0.13180315344261037 0.09710776629728347 0.09942766829369751