0 0.32539976070088195 0.6174693179870612 0.25406718585044746 0.2671642625960823
0 0.17583286921014174 0.28186621027762143 0.219623413189566 0.22112755900209666
0 0.4410123659739537 0.29576035903146586 0.2020735769382081 0.2449422502815373
0 0.7134451445405696 0.3962069549649608 0.21800949354275517 0.2667446933604184
0 0.9180000575059489 0.2558213949957985 0.1639998849881021 0.2327831631004185
0 0.5609783636771248 0.1050050728957308 0.21811057350809576 0.19949294361748124
0 0.414125115011898 0.13452085338831915 0.14470098249185254 0.14579716104391524
0 0.2820987031646707 0.06693260619153672 0.1699666370985722 0.12927792207314584
0 0.13848153046803063 0.05685485335160755 0.17600152247452278 0.11253491284335558
0 0.8578116203358596 0.10606966575670797 0.2843767593282809 0.14744746670419406
0 0.4961909509056696 0.483749856473074 0.18003576162510995 0.17022722053566333
0 0.5393415084267498 0.7916939057067801 0.21481572088187362 0.22107161643734122
0 0.7044839798676995 0.817634414446919 0.25495819232282346 0.24555761849384466
0 0.8285254000962831 0.9378102103020959 0.18953359292522373 0.12437957939580822
0 0.9411549092973398 0.8926588124295749 0.11769018140532048 0.18193876719874041
0 0.16643443797604882 0.7657377271948245 0.21363906779628575 0.2042446933604184
0 0.11571800214829807 0.8648260318023773 0.1215029874430966 0.15753667898936996
0 0.1600891959619911 0.5891249630930762 0.1824396077789561 0.1702551918180408
0 0.1843045474397988 0.47171411386671236 0.17008419041384304 0.16530764309846055
0 0.09249641700752678 0.3781730564192304 0.14409562263268844 0.20583737232531385
0 0.3231733644528219 0.3280156410664317 0.18378435416248515 0.18948596104881008
0 0.4024398309727898 0.8261292636365714 0.19703077799997415 0.17282686566615268
0 0.9391468663466712 0.45070076115160257 0.12170626730665755 0.23725520001957945
0 0.6804043349544127 0.5591510247025135 0.17975011501189794 0.13179365335650234
0 0.25385734921124103 0.17829188310971877 0.14917248820366252 0.14104541130097817
0 0.8701153777854223 0.40403470370412065 0.16176301219931696 0.21805240207118792
0 0.6058774274766567 0.33490803597656976 0.22433002553191764 0.28843525130978886
0 0.4139993250216621 0.04685039697887856 0.1135520624571931 0.07818178463006925
0 0.8740232669793337 0.5457916985750997 0.1558797467713776 0.1339177866865726
0 0.5163627066250454 0.6004762513465006 0.19820743108556207 0.18965378874307576
0 0.5062419221829574 0.9336301877172715 0.1562159333672598 0.13273962456545702
0 0.22046163981351194 0.9200873641237752 0.13496804456119707 0.10965555488909008
0 0.7007348273638845 0.9660689672183198 0.1278070460823288 0.06786206556336029
0 0.3064452814754798 0.9475086666992992 0.09622085948644668 0.07077444719188747
0 0.09520949986660028 0.9150270882093705 0.06804707883205731 0.08005417641874092
0 0.9724046293141199 0.9870759128800672 0.055190741371760325 0.025848174239865622
0 0.7070899859522269 0.6831588862434225 0.14491961577246407 0.11457513232629288