0 0.09235024155400631 0.3625014735939047 0.18470048310801263 0.27788756257242475
0 0.7676211161471146 0.8681706798613048 0.3168101706794874 0.2636586402773904
0 0.21337979147238234 0.19175727104815746 0.2853363701183763 0.29508709285220697
0 0.24895487301436917 0.5765589592649717 0.17990083031271384 0.2001244370800692
0 0.20238357902970022 0.7676184329891911 0.20947433598247886 0.2330545342186263
0 0.6332705713706196 0.19815983745083077 0.21366657674711548 0.20689224271607826
0 0.33700499327938 0.46494270817166483 0.21478557955267114 0.25496916579300144
0 0.83768041471891 0.258207452639974 0.1892364642267097 0.1886652386903575
0 0.8609864997385146 0.5496210153644326 0.2175251265481841 0.26953225081095805
0 0.4255236551634075 0.6951626392565913 0.18716831891453012 0.2029483075185547
0 0.6035771259079055 0.6465590034610234 0.21221388297799165 0.24761761923658307
0 0.49737134834599356 0.09034975661062875 0.20237268792339747 0.13421682572117458
0 0.7418093340836004 0.08532980901015595 0.1942659472174146 0.09533526297499681
0 0.06228566474823698 0.5688940768579195 0.12457132949647395 0.17130199177480557
0 0.036812014262393146 0.11034320239371333 0.07362402852478629 0.14376332786434973
0 0.6457343884449249 0.3348871977598569 0.18107377338044886 0.14737982979033365
0 0.04041225632839184 0.719356327886069 0.08082451265678368 0.22379029141567158
0 0.8384937016310363 0.11984629069894039 0.15955105827638888 0.15092744924410798
0 0.4617282573951386 0.3289842708092471 0.1547433659686967 0.15064743305434844
0 0.05566101867847141 0.966264295528269 0.08094947714497867 0.06747140894346214
0 0.5317175366799677 0.4245306675017939 0.1280213075750001 0.1370881132414402
0 0.6778755709331727 0.5052565499522843 0.18157933452104713 0.2722398216954538
0 0.0658928597759608 0.8920595221849024 0.11790237169711547 0.11489346547730588
0 0.44663679360587594 0.20173228702072568 0.16206680471079066 0.15587514964668006
0 0.4625015099685357 0.8128573882067228 0.2133308759054489 0.1924691657930014