0 0.19244754398584027 0.027395204793887996 0.09162585720244977 0.04967137612325064
0 0.7365838551595885 0.18591646602892928 0.11366604245369416 0.11976054820102458
0 0.5627797033562959 0.05789539709904547 0.10632863748182263 0.0980000549443307
0 0.11176027246757222 0.618474706542716 0.21767474478855947 0.23214172077773948
0 0.8083302355381797 0.5368929008436367 0.11361010178243501 0.11014516358563989
0 0.5653040261468667 0.49178962786827624 0.09669926769862322 0.09542837162771314
0 0.20958913333859627 0.08177545829027627 0.0919055605587457 0.09774829920017372
0 0.8528169772624472 0.94800807254974 0.11363807211806459 0.10398385490052019
0 0.34703491172617834 0.1574844455520753 0.11361010178243505 0.11014516358563996
0 0.8780829281480131 0.3386114691498445 0.09187759022311599 0.09294060689248146
0 0.341500792047266 0.23911031655611248 0.11356814627899066 0.10293362512410156
0 0.4361310562644488 0.18547924700001775 0.09184961988748643 0.08813291458478911
0 0.9388861343239637 0.6677644717718189 0.08705591274760903 0.09045284215724955
0 0.2831441888837555 0.12392060127179222 0.08705591274760903 0.09045284215724962
0 0.9049517834586722 0.41239032903977335 0.0991170990202843 0.0978741770722522
0 0.9547255003596447 0.22098476148197685 0.09054899928071063 0.13620983766171219
0 0.7415679647752645 0.6294680407042376 0.1063845781530819 0.10761543955971528
0 0.5434238689703429 0.2426348969743103 0.1208356254117884 0.11267488761156458
0 0.9072593361481137 0.8090249444243887 0.11852967543264561 0.1294598513977949
0 0.6425829234940715 0.34772061250810093 0.10637059298526698 0.10521159340586919
0 0.31626659866063933 0.03316187749533801 0.11330242809050949 0.05726054820102458
0 0.7199551284975207 0.839405965904194 0.12330939740470861 0.1247360776714881
0 0.6385498052898015 0.06763057629433117 0.10391080616016168 0.09555424949979172
0 0.6124253692939245 0.9453091464766369 0.11363807211806459 0.10938170704672628
0 0.1216739341255267 0.050195867256911025 0.09911709902028416 0.09787417707225222
0 0.8022560841880989 0.11255111575375135 0.11362408695024993 0.11254900973948612
0 0.8428223904057643 0.4750013105586828 0.0846240962581333 0.08560319055886449
0 0.8533328257612959 0.629015301567608 0.08711185341886818 0.10006822677263418
0 0.5524099210340617 0.13462965721400463 0.09672723803425279 0.10023606393540553
0 0.7585619085108157 0.4518981199998183 0.10154891550975975 0.1027238286706374
0 0.8668390728373543 0.26510534464941904 0.10154891550975975 0.10272382867063733
0 0.54179000840146 0.5815142657305787 0.0894457737336404 0.08809095529409629
0 0.547450795945855 0.7282327996965798 0.11363807211806459 0.1149528558933322
0 0.9842918903482606 0.44624788835490625 0.03141621930347874 0.08952973776200733
0 0.7459622932772709 0.3519287081617388 0.11847373476138646 0.11984446678241026
0 0.8156125011939417 0.7557477990703689 0.09187759022311599 0.09294060689248121
0 0.482271834954172 0.06009553009160488 0.10396674683142083 0.10516963411517634
0 0.9676747447885595 0.5228772502431334 0.06465051042288103 0.09973255244709159
0 0.6709955371379668 0.2737048932271841 0.11366604245369423 0.11976054820102458
0 0.6447777934858452 0.5184146690765243 0.11362408695024993 0.11254900973948605
0 0.6611012505214355 0.43216992257291253 0.11129016663547778 0.12452628121802406
0 0.43704169488270944 0.7551488261708634 0.09435136221603621 0.10500179695240501
0 0.46590263525182746 0.9602343700036206 0.1182919275797941 0.07953125999275884
0 0.8388032573693092 0.1973151204987592 0.10166079685227832 0.12195459790140656
0 0.8100783815150293 0.8373736700744061 0.0991870248593581 0.10989340784148283
0 0.4576266213260656 0.3685282086632145 0.08459612592250373 0.08079549825117219
0 0.9490445364186771 0.3314567863321679 0.10191092716264577 0.13161194180748403
0 0.4811344478427143 0.4843114373094118 0.08224822043991672 0.09036892357586392
0 0.2474920664426923 0.19300275037293824 0.07981640395044093 0.08551927197747883
0 0.9177106254117884 0.126584392476238 0.10871849846785372 0.09563816808117737
0 0.5817409672352742 0.8381952297662795 0.09674122320206759 0.10263991008925188