0 0.6620126361181696 0.8317179788918654 0.3426808283750058 0.26055611513261023
0 0.46173586351334645 0.538823651970056 0.36682482691356005 0.3546417894581528
0 0.31337164005134394 0.06791274849937518 0.3238586647180725 0.13053862637145366
0 0.349648837976115 0.7830359996232595 0.3230618968089688 0.29864001997791306
0 0.15516881675333047 0.8757072246496006 0.22819851789958678 0.18410675699150894
0 0.8910369263810871 0.9271138280444264 0.21792614723782577 0.14577234391114702
0 0.28770220662355495 0.2884162256474824 0.35594963991156386 0.33043549075691997
0 0.7270068164419479 0.14718219217788742 0.2266765334163687 0.20089172077773937
0 0.8453910639098461 0.5959549687756388 0.21275737744793644 0.21025534964896708
0 0.9288566816264101 0.4631648133053924 0.14228663674717978 0.18069588786103508
0 0.6962470653712918 0.499687411334069 0.24020752704953344 0.22994767107735742
0 0.15531357982693444 0.511860206667451 0.20794968514024412 0.21017143106758132
0 0.5007149949548302 0.2056750799167221 0.17443204084434333 0.1663567295193438
0 0.5768447543748201 0.07731498313793243 0.15368950874964013 0.1371749013476473
0 0.9899334629300172 0.13623565309013805 0.020133074139965748 0.08936190059923597
0 0.6251906307616172 0.28950381368213285 0.1713982934971914 0.15429553945942012
0 0.10582711007891926 0.025863690683599675 0.10588498938860774 0.049881172576714795
0 0.07706425999189882 0.7830813124373155 0.08156390251497135 0.18154724025924635
0 0.08279304004373042 0.34247905469486023 0.13368241484833565 0.21367838536379594