0 0.5318314468386216 0.2911213364833533 0.07625368511784185 0.07538634052293657
0 0.2375520987272432 0.4860681046491593 0.10331144435320522 0.10213633232139795
0 0.5687543564425211 0.35767464623216416 0.07636558539839747 0.08019403283062888
0 0.4802536202381405 0.6475890072467103 0.1702294955570514 0.18943001848405489
0 0.1514322583018158 0.5187289702786004 0.12058596855235051 0.12156290052881037
0 0.5543352992756408 0.15072010674237413 0.11795832183739317 0.11191954463104821
0 0.8985318954588138 0.18718590884048386 0.11292682896858963 0.10224821745090842
0 0.9391135096166129 0.40646736320565846 0.08620477057489331 0.08992130257552397
0 0.6594790291113242 0.6953599303481077 0.1721857405886754 0.17022722053566325
0 0.6799207658704594 0.23032758470838732 0.08614882043461537 0.08751745642167783
0 0.24476665200592923 0.33106198464964876 0.08413662526271373 0.10431640821622327
0 0.7517543899063567 0.34657930984670854 0.1034233446337609 0.10694402462909025
0 0.21713833703824706 0.9481782933457337 0.11544257540299153 0.10364341330853276
0 0.18768577610048032 0.510735077975803 0.1399845882039531 0.1289982092493698
0 0.09793721606939079 0.2860725200141952 0.09839185176495736 0.09727269744895047
0 0.4343867277021897 0.5520776585222349 0.09101246288258562 0.08997724514027922
0 0.31203832973108914 0.7466205272241938 0.0860928702943377 0.08511361026783167
0 0.2164150049708327 0.7743618154164321 0.10537958966538466 0.0877412266806985
0 0.7210399359951922 0.11659243291873674 0.10085164805908119 0.09970451488517423
0 0.038417484366612555 0.8287963107770626 0.06540940729444454 0.12572725334181784
0 0.051580678194390245 0.9341040153870629 0.07759648848450865 0.1317919692258743
0 0.3799584587646895 0.8760514492851024 0.0959320554708334 0.09484088001272649
0 0.676721558484134 0.8838141574756275 0.22892890577435912 0.23237168504874497
0 0.618283973288568 0.3991274277774786 0.08134112812692312 0.08746151385692258
0 0.5515088122525639 0.323811015460486 0.0916279144256411 0.1164195528325869
0 0.9649933010889953 0.5859035426969169 0.04517153553867541 0.08223425231356611
0 0.032559803601281884 0.4836066317999298 0.06511960720256377 0.15952095590755194
0 0.9177276550461 0.5504883478185956 0.08374497428076921 0.0874894851393002
0 0.6628400572841877 0.344342449321814 0.08117327770608977 0.08024997539538412
0 0.6918321161153311 0.028488421632443226 0.1740280754616454 0.04287931694657235
0 0.024568982932051255 0.1180821600034264 0.04913796586410251 0.12077970462223743
0 0.10601899652238239 0.09380678463006925 0.12282196428536335 0.1143793333496496
0 0.899121381809829 0.058552168327337034 0.11521877484188045 0.0974684964255937
0 0.09512865472596072 0.9738933476962236 0.12142321077841885 0.05221330460755279
0 0.6427181055651707 0.17579350572880717 0.06647045008162394 0.0680629169318877
0 0.7487970719840278 0.0604097324095058 0.07636558539839747 0.08019403283062891
0 0.6042825322956729 0.2775373980316046 0.09861565232606846 0.106888082064335
0 0.4654048876286851 0.9723294820790198 0.16005259966079066 0.05534103584196041
0 0.6617759996798609 0.441712204193772 0.06384280336666684 0.05841956103412553
0 0.110908604162393 0.19365031386181747 0.10610694148899583 0.11899122668069864
0 0.08398268076533068 0.6273487456544051 0.09358415945726503 0.09721675488419536
0 0.32668721709337556 0.6337796144053125 0.10319954407264967 0.09732864001370564
0 0.07624464066639924 0.3916179805244051 0.10845483750256421 0.1166153518092301
0 0.8259029101904374 0.7249481652425822 0.1845966223398507 0.18719400002447437
0 0.12733081204973218 0.8827298492508381 0.13802834317232918 0.14820100719776155
0 0.7994136968092946 0.26177422575034465 0.12041811813151727 0.11435136206727198
0 0.32691302753258505 0.5207708738921657 0.11404583177414537 0.1503251405278315
0 0.5482616942383542 0.5666274482813252 0.10085164805908133 0.09970451488517416
0 0.7309280367386214 0.46656183292118425 0.10079569791880352 0.09730066873132816