0 0.8306100349664175 0.24563821973849834 0.13447734015895152 0.13673660543405594
0 0.9100154170870979 0.6588273544841461 0.1318217382609483 0.12218754827231794
0 0.6013160864181623 0.7003941916278258 0.15180777472418847 0.16646462095083775
0 0.11148910839690851 0.7805894339488417 0.1270560052439487 0.12433943394884149
0 0.3478808841189786 0.47056815224492815 0.12241615009902773 0.13370285808690405
0 0.03718513361877031 0.7570753366035932 0.07437026723754062 0.119919903976417
0 0.173520849152561 0.2593225376609256 0.13696510489418312 0.14167027798040935
0 0.7580033054470738 0.40785017743270935 0.11984446678241002 0.12396149323285827
0 0.5546712387624239 0.20230433844631143 0.1296276885605662 0.13408079880288748
0 0.42801657654887126 0.0837855495240934 0.11491089660263945 0.11649799429399744
0 0.35191778908648197 0.10145178739088236 0.13219937187718364 0.1438221636569332
0 0.4626266733276609 0.16860794541170304 0.1174825799192569 0.12623935914804324
0 0.4738310514517447 0.4916051916977157 0.10761543955971534 0.11131236127032168
0 0.32053582792222607 0.03845297724587981 0.1329668056940094 0.05019814389559438
0 0.3568005869145683 0.23524318964532737 0.11984446678241029 0.1239614932328582
0 0.6769675942815504 0.15698364819100755 0.10268186937994436 0.1038488623314609
0 0.9362743675089162 0.25719096562420457 0.12250006868041324 0.13851055039459637
0 0.5413065809222083 0.48551725376484356 0.1001941046447127 0.09891518978510742
0 0.19920851336694673 0.7863896357368969 0.11992838536379592 0.12876918554055058
0 0.32933363012364947 0.5682439828819923 0.10516963411517634 0.10878253487781436
0 0.9718407149126495 0.4250720340581677 0.04532523601317952 0.12005610583436248
0 0.1310521984298572 0.48687416153465474 0.11748257991925692 0.12623935914804327
0 0.5736806687099232 0.5605982847984075 0.10985144855079021 0.10182295689359823
0 0.8402768156880356 0.5878032451359496 0.12705600524394847 0.12433943394884163
0 0.19059344468146364 0.1772087169045308 0.10036194180748406 0.10853057440049205
0 0.6261186282500864 0.5200376291603915 0.09049480144794252 0.09360357652277046
0 0.4581458422845196 0.2874723497884265 0.11242313186740752 0.11156432174764401
0 0.943030437065011 0.35258381953644174 0.10563118631279741 0.13522484257012207
0 0.44951377123160235 0.43739778380715827 0.11229725399532911 0.10435278328610555
0 0.8926396697078048 0.4137031477208111 0.1488584577913354 0.13508864071217686
0 0.543851201301302 0.4086571669610972 0.09530249375563461 0.09385553700009279
0 0.5534395229791628 0.3417904054887189 0.11499481518402509 0.12130568660168979
0 0.9604536032726253 0.18146470096840867 0.0758199687807086 0.07842461816772663
0 0.16071047515234385 0.3729383188946427 0.14902629495410671 0.14470402532756133
0 0.054336188191430206 0.677743302717028 0.09774829920017372 0.0963853633926001
0 0.6714648439086124 0.4033148888409077 0.11242313186740759 0.11156432174764401
0 0.8040573695097494 0.664101531675363 0.12697208666256296 0.11953174164114924
0 0.5124868662590293 0.06896408864646465 0.11444934440501833 0.09005568660168975
0 0.535372071057987 0.6187417449453133 0.09289864760178859 0.09372955676143163
0 0.08437818182232973 0.6107454501963464 0.10504375624309784 0.1015709964162759
0 0.3644891976814459 0.6218163787696019 0.11250705044879329 0.11637201405533631
0 0.15752094530513971 0.07321854190548249 0.1513042632358744 0.13761846710468403
0 0.9734920236028389 0.2615475054772987 0.04747732642286888 0.10575900914994658
0 0.2485320485802999 0.5796486448868436 0.1148269780212538 0.11169030198630517
0 0.5878668862420121 0.5060027145725823 0.14396684690225747 0.13002898792716208
0 0.6324064385618335 0.09088810057952249 0.12676229020909893 0.10751251087191861
0 0.2256109677828268 0.100847440245787 0.11507873376541074 0.12611337890938207
0 0.11347944493600376 0.8733264812299103 0.11499481518402509 0.12130568660168979
0 0.14559506993283522 0.4118458990011373 0.14509974775096388 0.19493283408100823
0 0.5026832885900759 0.5616895600655956 0.09779025849086655 0.09878920954644627
0 0.7460740765514061 0.47098518943565726 0.10769935814110099 0.116120053578014
0 0.8079866464817065 0.5079145217946934 0.11997034465448855 0.13117303169439673
0 0.5530172003034203 0.5727486066159415 0.10790915459456517 0.12813928434724475
0 0.8087926860658619 0.32389431078680153 0.12950181068848765 0.12686926034134893
0 0.880323370380361 0.15440782451172141 0.11676927197747872 0.08537397453265863
0 0.02546570117656676 0.852662271683464 0.05093140235313352 0.1043630049053896
0 0.11942822739884512 0.1879153767871036 0.13422558441479435 0.12231352851097903
0 0.3615365272252298 0.3774480534382339 0.09808397352571638 0.11561613262336934