0 0.291637963142025 0.48289589029524294 0.08992130257552397 0.0851695528325869
0 0.8360400308475489 0.5865731693433515 0.08024997539538412 0.08024997539538412
0 0.7366974585026556 0.31141585650978565 0.08986536001076874 0.0803618605248946
0 0.586147705650489 0.07652254572048586 0.09472899488321627 0.08522549539734207
0 0.9033460390246131 0.3806535673015328 0.08511361026783167 0.08511361026783167
0 0.3949720082137758 0.06828921338685069 0.08024997539538412 0.08024997539538413
0 0.45863365849776055 0.2721274810874797 0.08500172513832119 0.07549822565244704
0 0.057431632901604655 0.597943166160699 0.08265382154923027 0.08027794667776188
0 0.17128844513538427 0.05487057643342551 0.09240906257650291 0.09240906257650293
0 0.9401564297605588 0.13592278576845568 0.08989333129314649 0.08276570667874068
0 0.8594038133476917 0.1157549785780366 0.09973248616755179 0.10210836103902039
0 0.501375645228387 0.7437148821181787 0.08986536001076874 0.0803618605248946
0 0.3969350503720926 0.8566668380012563 0.08746151385692258 0.08033388924251685
0 0.8931063529476165 0.9465635375556588 0.08511361026783167 0.08511361026783167
0 0.8153259415854524 0.35559415395628863 0.09003318770503445 0.09478493744797152
0 0.24516938880181433 0.6205576184938446 0.09478493744797145 0.09003318770503445
0 0.644245596937272 0.11204962572831766 0.08514158155020922 0.08751745642167783
0 0.9870750708147532 0.7253825621847491 0.02584985837049367 0.08693005949174794
0 0.9690890236497876 0.9403030226949589 0.06182195270042493 0.08978144616363601
0 0.9743557159207682 0.18318938372174218 0.04405242667580385 0.06781117539048921
0 0.38593677140964455 0.9442673662047529 0.07292655180433517 0.07055067693286678
0 0.39985299698866833 0.48776036723300453 0.09232514872937013 0.08519752411496438
0 0.12100431694657235 0.17446150155461465 0.08036186052489452 0.08986536001076874
0 0.7539176636634932 0.5519682995886667 0.08997724514027922 0.08997724514027922
0 0.8558984698011862 0.43418068011551914 0.07052270565048903 0.07052270565048903
0 0.15354604832782653 0.9055104451476215 0.08502969642069881 0.0779020718062932
0 0.8981162512853145 0.03448573550649789 0.08950173333985981 0.049111860524894545
0 0.9111424482201392 0.12116405345684746 0.11896325539832102 0.10233213129804121
0 0.03502780725160508 0.5315856553885313 0.05847550359888069 0.06797900308475491
0 0.3174962421656591 0.8461284010674106 0.08511361026783162 0.08511361026783139
0 0.042353757038596083 0.8513391507736363 0.05632339898643301 0.08958564718699281
0 0.03956640411545395 0.09539946359496479 0.07779018667678274 0.0754143118053142
0 0.31796670157419415 0.26688539183762044 0.09478493744797152 0.09003318770503438
0 0.6915888596190148 0.9761039210693686 0.07273075282769198 0.047792157861262737
0 0.11305659189391151 0.7307840584757336 0.07547025437006942 0.0825978789844753
0 0.8674175857488762 0.8044569016549598 0.05830767590461505 0.05355592616167799
0 0.8073049200655914 0.4925014995960089 0.08992130257552397 0.0851695528325869
0 0.9719395682563613 0.8093353642339101 0.05612086348727739 0.08729368616265686
0 0.9656498190153128 0.6505836185917423 0.06870036196937444 0.07292655180433517
0 0.8737183734025142 0.5197130175537008 0.06319928205944009 0.06082340718797168
0 0.587644169257691 0.20512831495125508 0.07052270565048903 0.0705227056504891
0 0.5120760153993 0.11411697442831849 0.07052270565048903 0.0705227056504891
0 0.13290104520636004 0.5771896461709782 0.07292655180433524 0.07055067693286678
0 0.04257500110167482 0.560515723081818 0.07063459077999952 0.08013809026587364
0 0.27920978051706274 0.034494668755802455 0.09682515693090868 0.05881115898741199
0 0.5293991724403436 0.9798207333643342 0.12312760821132848 0.04035853327133164
0 0.5171091620966413 0.34010648417223455 0.09718878360181768 0.09006115898741197
0 0.3270917466826566 0.12157857030062734 0.07801395693580368 0.09464508103608342
0 0.7017768134578264 0.9251090513758697 0.0801660615482514 0.07303843693384565
0 0.26562584206531403 0.10644222567692142 0.06099123488223727 0.07762235898251711
0 0.23775868310237647 0.1902411856730055 0.0753303979581814 0.07057864821524426
0 0.19882247490573268 0.25227965951377496 0.05118005129020945 0.06068355077608359
0 0.5182280133917456 0.4362603303260807 0.0631713107770626 0.05841956103412553
0 0.7172280913063624 0.18740799496887664 0.07046676308573406 0.06571501334279671
0 0.8453032482372712 0.24658278062719757 0.058447532316503285 0.06557515693090875
0 0.7661861097781801 0.26368857446258265 0.07292655180433517 0.07055067693286664
0 0.9770956384958027 0.542578369362931 0.04580872300839463 0.053472012314545125