0 0.4097106690232843 0.5242795856999274 0.17085096010613327 0.16055589335552348
0 0.074091092448328 0.35195451898594354 0.148182184896656 0.15080065232825077
0 0.2526043923814788 0.7990436164495786 0.15838388560086641 0.1508006523282509
0 0.5158257243765849 0.36316679289279385 0.1334497365903327 0.13129017027370546
0 0.7087950623573361 0.9402560133795084 0.15016469873324703 0.11948797324098319
0 0.49172447636747135 0.9064500093032135 0.15106038620531892 0.14831289232727174
0 0.4099084357704262 0.05527784415852889 0.1369138976899169 0.10249995899230686
0 0.41976395559266216 0.669908076984263 0.17862230323771683 0.17265903797188697
0 0.3828733622835498 0.1451563477451724 0.1334497365903327 0.13129017027370551
0 0.06374787268740868 0.8195865097561532 0.12749574537481737 0.14585310360867035
0 0.6417146058450095 0.8877515365029327 0.15391207609520116 0.15795624822503385
0 0.15223911179080887 0.21703229232971927 0.13322581472231473 0.12648247796601317
0 0.30498204778465826 0.4232472769671309 0.1881257269190923 0.1703670769475513
0 0.6950536928203561 0.7753301929197156 0.15117234713932795 0.15071673848111816
0 0.523300595536408 0.6157944093056609 0.11824293312919264 0.11429541950251668
0 0.12501289941148583 0.6724912102776214 0.1614594973587666 0.1652517005337053
0 0.6026472240284643 0.7453931590608351 0.13149373417252264 0.1408775836067126
0 0.9258757682781962 0.3895844975639801 0.11936254246928311 0.13833388104097835
0 0.9123680842423245 0.4988615980756585 0.13697319208426906 0.15535660309454463
0 0.8538263059118587 0.23241144524551907 0.16671503340249508 0.17492302771384516
0 0.5435918578618674 0.20595262571608045 0.15860780746888445 0.15560834463594306
0 0.6503654231098318 0.2372594103461497 0.13059804670045055 0.12164681437594324
0 0.3942633740573883 0.8042996913406266 0.15838388560086641 0.1508006523282509
0 0.1018504199299631 0.5243050307863629 0.15312834955713805 0.14112932514811105
0 0.651392776931046 0.3443004923982476 0.16570738499641388 0.15328841232922977
0 0.3085813673096846 0.08777088209370434 0.15072450340329185 0.14110135386573336
0 0.5114822672927143 0.5338818267394372 0.11891469873324677 0.1287184964255936
0 0.5601455064584632 0.10873671289719927 0.1483206572494457 0.14107338258335572
0 0.0752830737432083 0.663350495397342 0.1505661474864166 0.15340029745874026
0 0.14490880639161394 0.7617132307937051 0.14558092829357255 0.1338338728394396
0 0.5246638321596493 0.7156239528962203 0.1434010040077444 0.13861359386475441
0 0.04174781637806634 0.4368854738530067 0.08349563275613268 0.12377094770601332
0 0.43630784055616745 0.28888447595845873 0.1403253922498441 0.12416254565929986
0 0.424561884267264 0.38615633134209515 0.14625269389762663 0.14825694976251663
0 0.3301102933170816 0.8648845005630746 0.13300189285429675 0.12167478565832085
0 0.7322442501775288 0.5448686462566387 0.17336676719398816 0.16298771079174726
0 0.7189013717642756 0.26331096215048494 0.12098266208506586 0.12153492924643289
0 0.47576063593600126 0.0873110400651019 0.13059804670045047 0.12164681437594327
0 0.3236662680547728 0.22864762363510283 0.18812572691909238 0.1703670769475513
0 0.8427093904693953 0.10961949242272198 0.1439015142834372 0.09777618053174739
0 0.2419452624570941 0.5115042882411871 0.14066127505187118 0.13137408412083834
0 0.8467398059447674 0.4620207098613932 0.1160630088433648 0.1190751405278315
0 0.37591835051664846 0.9371800143832856 0.1286420442826404 0.12563997123342874
0 0.1724018435455214 0.06814767284433457 0.18404246675511102 0.1342814133574814
0 0.3049094976809158 0.6830025179944036 0.16911887955634108 0.17495099899622285
0 0.8519721444970626 0.8144359129412533 0.13881723356807013 0.1433653436076915
0 0.005373946683480277 0.7225935251309787 0.010747893366960554 0.1519178194927268
0 0.3683316965717687 0.2508136933848927 0.2215556512049205 0.16595098259314553
0 0.44516583190331743 0.33107765442146564 0.17610649614986165 0.17022722053566333
0 0.3216870681455296 0.58097891286783 0.12797027867858632 0.11681115078587331
0 0.4510500524955812 0.9761030790040546 0.12025160208665972 0.04779384199189078
0 0.7125625014323282 0.16703124522593957 0.13859331170005207 0.13855765129999917
0 0.9484753073112784 0.16256089243740662 0.09543604186483033 0.14045801437104843
0 0.48909025863986433 0.5757113785315352 0.2097603423037078 0.17061881848894972
0 0.11555237863667663 0.4366765313004886 0.12579035439275826 0.12159087181118813
0 0.5681700623573362 0.939500788755313 0.1285300833486314 0.1209984224893741
0 0.7992357650983275 0.6815390780614634 0.15050058153527382 0.13629366155804118
0 0.8533289314145611 0.5787471047348197 0.15815996373284838 0.1459929600205586
0 0.768647767069291 0.38294468626055456 0.18762521664339935 0.2112044902805583
0 0.08786873703717932 0.1790034666797197 0.11327061334783452 0.16228842873230703
0 0.3247101915127252 0.0771353877368511 0.13836938983203403 0.13374995899230685
0 0.9197608198142669 0.2884970883317424 0.1414450015899343 0.14820100719776141
0 0.5974872574309593 0.5721623939308352 0.14317708213972635 0.1338059015570621
0 0.8326491197474177 0.9398932287739135 0.10941127505187118 0.12021354245217299
0 0.2588016545822409 0.9241834728614666 0.14731300884336468 0.11943876719874041