0 0.8361069394410264 0.8600677644319527 0.1944917576566239 0.2092849760343021
0 0.20557290024877206 0.840063523227419 0.2538066194169874 0.2826936055598156
0 0.7133938606190711 0.5893754057273495 0.22216496843504305 0.26386409148990597
0 0.49669207037350505 0.9541691928046118 0.2118202221179488 0.09166161439077641
0 0.4379826107657055 0.409708653249852 0.19499530891912406 0.2309195914189175
0 0.46250267813082324 0.7413158176306909 0.17900562806826933 0.16268762634523143
0 0.3714612352390496 0.5938662352273059 0.2039952419914532 0.20509346557060554
0 0.6225981637242521 0.14310911355311515 0.20416309241228647 0.21230500403214408
0 0.8683590172707804 0.6473112383082056 0.20768594137168825 0.2605359725700661
0 0.45684668926752153 0.24049900820626519 0.23686578618141033 0.17359625587074484
0 0.45333690451575925 0.86314174417185 0.17447768646196593 0.1743987661924642
0 0.6307159587597762 0.7496951537467716 0.176377981353312 0.1529181962688481
0 0.813873793253953 0.26577860531845626 0.31379087298258557 0.28173704977709707
0 0.9819172135839745 0.35964852535707437 0.036165572832050956 0.1925226189908284
0 0.5875536035758551 0.4937016798705186 0.21875401975619668 0.2204408152596762
0 0.9645857343055021 0.15912799909135045 0.07082853138899572 0.08875597921458402
0 0.21663092924278868 0.28391167014510094 0.23379254822232923 0.24780739571797766
0 0.6295450255701396 0.8889482637717586 0.2411719371047011 0.22210347245648274
0 0.8260469685205671 0.9657691844989645 0.22137965659305572 0.068461631002071
0 0.08008928454401741 0.39877511033023844 0.1478695382269233 0.26870406681432296
0 0.08847979570758602 0.6561406942527758 0.15167012800961555 0.22574292696709009
0 0.23099403626939108 0.07600941844847718 0.3273726879233975 0.14339229108101284
0 0.9265218764602032 0.4134126737939088 0.14261223491891045 0.14595386750717027
0 0.4697021573237715 0.12250991908737377 0.1812416238012822 0.15563013334469197
0 0.3454715533642101 0.8694308522730508 0.12326956540758562 0.1399138115114862
0 0.25023284501255383 0.4900871387540115 0.17744103401858988 0.19859127319192474
0 0.2092305998636223 0.6362757592639923 0.12310171498675225 0.13270227304994775