0 0.29305585390121985 0.37569222161286614 0.09171876104901298 0.0914603197514101
0 0.9167472423902914 0.5774223711340718 0.1427358541184112 0.1433399845705695
0 0.4622847975194102 0.06744599133066476 0.1264926719618973 0.1116703158940524
0 0.08640806456356599 0.22689293115691042 0.12210500393884424 0.11874196479675181
0 0.32757570031569555 0.10312260044221426 0.10712189463624823 0.10870691150485018
0 0.05547252198943024 0.2931864241630198 0.08210337643362833 0.09118054063373197
0 0.4243895378316837 0.6734857524814466 0.12845278529021387 0.14532416204789855
0 0.21599164730803275 0.4946383851024141 0.13482427518247386 0.13111091946308007
0 0.23490908068816813 0.30440692561438865 0.10684187844648872 0.10389921919715785
0 0.27442692625559784 0.9210983812450564 0.11220960313370011 0.11365449337138145
0 0.9791433578943619 0.9207269788039719 0.04171328421127613 0.08424878128987164
0 0.07006043712350746 0.13162625657259955 0.1320004047439884 0.12382943622212217
0 0.06996448138471664 0.4183962585012783 0.09876658287478154 0.13006174777178742
0 0.32192459471303336 0.45932436171475355 0.10443803229264258 0.10382927441773841
0 0.3243380519868637 0.6861730717458272 0.09412260720285912 0.09153026453082938
0 0.7291354291372234 0.034414422010265205 0.08807855058213904 0.028960319751410037
0 0.02964839645363646 0.32363205919969545 0.027374947274685865 0.09918719532246788
0 0.49850620646287236 0.030103569339838453 0.11239702831036005 0.03446745985329743
0 0.895000813752608 0.03924061179021135 0.059232396735985196 0.028120982398375922
0 0.37285246149502327 0.05644457295368137 0.09300254244382099 0.07229949530006032
0 0.16911889045849357 0.2460979767340968 0.1117895788490608 0.10644295490984299
0 0.6400096995120877 0.9499141870695639 0.1313003642695896 0.10017162586087217
0 0.9238391165721489 0.9051976472369743 0.12973656668502215 0.1261633375965489
0 0.8082608296165806 0.3834838383368124 0.049873319769469814 0.07344433542435524
0 0.06867957841467821 0.5611453255374464 0.0760356112720181 0.0694060356902776
0 0.2256566921556584 0.16615079937852506 0.11701729544139242 0.11379438293022051
0 0.603504271135034 0.1435482283729614 0.1041580161028831 0.09902158211004604
0 0.3958555982609333 0.9813601483036322 0.10362169226425412 0.03727970339273576
0 0.5955633757820545 0.7900558160255292 0.09199877723877246 0.0962680120591024
0 0.960817835720319 0.7301236848559305 0.07836432855936201 0.0963379568385217
0 0.8744095296282084 0.7981694104381923 0.10373799181824349 0.09181004364850764
0 0.30832522578786836 0.9838817734533989 0.07675936028730705 0.03223645309320215
0 0.9898567810907402 0.6725234325059609 0.020286437818519687 0.08814719146511042
0 0.4125966597761393 0.1619911075578622 0.0937025829182198 0.08431872606929106