0 0.5495620236817438 0.2890578686407728 0.10502760166964843 0.10210836103902032
0 0.2994333317573878 0.8000027312344078 0.09719988136411423 0.09240906257650285
0 0.5911764070193353 0.764180268630983 0.10021990936195611 0.10205241847426495
0 0.8566455191526802 0.6698132162880476 0.1054897380526453 0.10931989950055893
0 0.4772123262060913 0.9120316347990243 0.09991181843995825 0.09724472616657291
0 0.9166609654570224 0.48295571371741847 0.09719988136411409 0.09240906257650285
0 0.7054001542294901 0.4998262778485361 0.09254623451742078 0.09475696616559376
0 0.5044387201635573 0.04058398766098047 0.09689179044211621 0.08116797532196093
0 0.9604961111395057 0.26746184191846767 0.05004723105318476 0.10627271385202772
0 0.7039763749893491 0.971846391690774 0.09861857352982967 0.0395803897566427
0 0.7439317859414463 0.9293455291216135 0.12277879751256539 0.11672723693874058
0 0.2410404498679604 0.4367710625275541 0.10021990936195611 0.10205241847426522
0 0.16274342049294296 0.3091722594623788 0.10006586390095719 0.09964857232041893
0 0.5256420799187871 0.8309993055623811 0.11479703174603205 0.1046240923223771
0 0.430770424241133 0.21237338968321956 0.11029743036033761 0.10937584206531402
0 0.8066896099327011 0.718435579371334 0.10743144782349444 0.10213633232139795
0 0.1233848052077098 0.9233549517700711 0.09473515398813084 0.05394752411496439
0 0.08181331917823706 0.27888726870440617 0.08712236036573266 0.08508563898545404
0 0.5152168153590585 0.3939468460804229 0.10518164713064743 0.10451220719286661
0 0.8909063351222416 0.19140587474909657 0.1069693114404977 0.09492479385985948
0 0.35461248754862523 0.7260980266121704 0.1123931855921858 0.10459612103999934
0 0.4401210553851811 0.8536129158302129 0.08456446875088758 0.08265382154923027
0 0.18236991766760355 0.05913030253881235 0.09510412613226595 0.09718878360181764
0 0.8150154344492692 0.9633481742398656 0.07550438475736161 0.053723753855943704
0 0.7245165306386097 0.9511899291240608 0.12527580790527318 0.08072548719580325
0 0.5734874946616689 0.03172997842507161 0.08139039529204667 0.06345995685014322
0 0.19403816020671774 0.23314342151007125 0.1023156645938044 0.0972726974489504
0 0.9680747793395231 0.13045659679042568 0.05152680444103716 0.09187760821132841
0 0.7489594920067003 0.36360338656175306 0.11029743036033761 0.10937584206531402
0 0.36130241066814306 0.05945028815552676 0.09689179044211621 0.08760137026881061
0 0.08199271817587893 0.7821154256230778 0.0692171190618169 0.06806291693188762
0 0.3983761377175775 0.7928462932723105 0.10502760166964843 0.10210836103902046
0 0.04905606878780025 0.8918260810116091 0.0981121375756005 0.08528143796209739
0 0.20212598705170562 0.9128305004774142 0.08937216105857988 0.0827097641139855
0 0.3537366393077185 0.8522160358419607 0.07689079390635224 0.07535836924055908
0 0.7335710874151672 0.6412196460486063 0.08456446875088758 0.08265382154923027
0 0.8414503725189524 0.588320202957488 0.08456446875088758 0.08265382154923027
0 0.5019901342959364 0.11306047275133185 0.08712236036573273 0.08508563898545402
0 0.5432853722775931 0.03435060201734422 0.09612156313712147 0.06870120403468843
0 0.9594196353181693 0.3779688367894467 0.03802800028395399 0.10613285744013969
0 0.0201587268080752 0.4106940656367834 0.0403174536161504 0.13053494564951015
0 0.6234544583155848 0.5416147147823818 0.11045147582133662 0.11177968821916032
0 0.8843308048243735 0.40646619167119447 0.11162295828719128 0.09257689027076857
0 0.028712855907657524 0.5919606799931472 0.05742571181531505 0.08992130257552397
0 0.9156721266575792 0.3484522142315444 0.09115982536843029 0.07312235078097838
0 0.8440797596473286 0.30364624706217325 0.08727640582673174 0.0874894851393002
0 0.7945841444046902 0.2513769998898652 0.07371672044751147 0.06331116718895063
0 0.531013844734076 0.5222729024874161 0.07433290229150707 0.07292655180433517
0 0.7142812793679169 0.773557055280844 0.07975677644319526 0.08259787898447503
0 0.6218586497004265 0.8851269588821721 0.07898654913820052 0.07057864821524426
0 0.6270191726438915 0.8045981127283259 0.08712236036573273 0.08508563898545418
0 0.3018247212141839 0.9501032594379043 0.06635113652497387 0.06082340718797168