0 0.7622665939162445 0.662707351453977 0.3185821580536233 0.32717714142148563
0 0.3185345897386163 0.15139264746006664 0.16243086527312925 0.14343589459280998
0 0.11759441932285876 0.6601809593518482 0.14496611422499198 0.16395044521838725
0 0.7693045020962744 0.08828183327307612 0.1825448419612973 0.09675905246468457
0 0.5957615960348998 0.09870394679686503 0.14020757716096974 0.1349642832773536
0 0.9044126293448577 0.7410293877506212 0.09541731096312599 0.20173565174641686
0 0.4364944995316745 0.08218187002582202 0.09119868811514345 0.09143874485925342
0 0.2869416932294228 0.3017148903933362 0.08781372074872405 0.07927950599514287
0 0.09090514521570309 0.15866457884906077 0.08437959813863438 0.09582641288230641
0 0.45668220908534773 0.17513811696309317 0.08359470116857565 0.0862110282669218
0 0.02717844615086205 0.2014793440975475 0.0543568923017241 0.08565099588740271
0 0.5053967617674021 0.1405386553811934 0.10101029697304288 0.09440262339261861
0 0.3900614999925397 0.22197867572698846 0.08840239347626795 0.08649104445668133
0 0.15750425217791958 0.9766141618541571 0.1032670741280444 0.04677167629168585
0 0.024431306755656676 0.27119088255908597 0.04886261351131335 0.09045868819509503