0 0.4622997202121184 0.6929870411937935 0.08506104287786045 0.08601409734524851
0 0.731563103481576 0.44260232926454235 0.11508258742298785 0.11637201405533631
0 0.4178734508349796 0.6353475020015321 0.08525694132768945 0.09082178965294083
0 0.46973159087529 0.33398998190977697 0.19582568411772813 0.21415338169249326
0 0.8127510618318738 0.3927719044656473 0.1351948996779872 0.139014471349241
0 0.4565207159421659 0.8348139642707165 0.13239925662448307 0.12927310649519524
0 0.11093212290329892 0.8685171285185925 0.12479592126328676 0.11927978116382712
0 0.04630775536772414 0.6633508906518035 0.09261551073544828 0.10347092161547741
0 0.28666992851783196 0.3231947778596631 0.195140039543327 0.1973264586155702
0 0.3231521388727195 0.781835693908918 0.09766796899657794 0.10106707546163125
0 0.7433231992408977 0.5955036313207376 0.09825566434606478 0.11549015238470818
0 0.23721972477481 0.6831945682433267 0.11768233202666273 0.12130568660168979
0 0.69309537625045 0.02309706015451943 0.12823232442217694 0.04619412030903886
0 0.7773565718640751 0.4078197717723879 0.15481746580841416 0.1496376978739148
0 0.8950858869858984 0.6091385015503695 0.1100789966654667 0.11131236127032168
0 0.5275034957014467 0.417315947362379 0.10257361052918466 0.10372288209279973
0 0.6250163605737686 0.2023181400703777 0.0975700197716635 0.09866322930778512
0 0.7168747027790023 0.1555265734282766 0.11699668745226159 0.10447876352476669
0 0.2954671137779158 0.9020228907915837 0.11258079204422707 0.113842187662829
0 0.8884252325828671 0.06654932027028708 0.08221233506845713 0.13309864054057416
0 0.8589607608658346 0.018309811085395474 0.09457847826833078 0.03661962217079095
0 0.542075487979192 0.08912795724304837 0.10757720128670584 0.10878253487781436
0 0.24728804422378733 0.1417571617443249 0.2579787716870854 0.26778365688979144
0 0.3627543553683973 0.6046541914562232 0.0927623274639712 0.09841126883046278
0 0.4382837009081644 0.6642617567766587 0.10595694893217537 0.12788732386992244
0 0.011274439778191378 0.4917176295098417 0.022548879556382757 0.08868012559570118
0 0.938316314946853 0.4017829419359365 0.093199008832644 0.16799682705334007
0 0.04746783480600159 0.5168422555058494 0.09493566961200318 0.1009410952229701
0 0.32665177859168987 0.6665140686436332 0.09006463363538163 0.09107375013026314
0 0.3360917154744564 0.9646590926495289 0.17675410915465706 0.040446557422264655
0 0.9041258466821228 0.7993624091105106 0.12768951354170519 0.13142499217171905
0 0.12614697391257576 0.9660669789169957 0.12705693372320342 0.05703174164114918
0 0.3668172566850502 0.8287209155282022 0.07515181058773243 0.0782986379290654
0 0.2754792831257807 0.9510446656584653 0.08437539830345933 0.06918717426832571
0 0.39281061257835853 0.7206159395340979 0.11287463971897041 0.12105372612436746
0 0.44083845393397564 0.026609174408105556 0.16640001520897185 0.05321834881621111
0 0.3148957729758106 0.5723810171180077 0.07235616753422856 0.06855727307501962
0 0.892467790291158 0.7028255114310388 0.1229797704589273 0.13357687784824288
0 0.8668294200065279 0.27240084803463205 0.10527130435777411 0.11106040079299936
0 0.6252204393104819 0.3150469488238246 0.11488668897315872 0.11156432174764401
0 0.9042523198022837 0.5019153872268933 0.12288182123401288 0.13117303169439673
0 0.11739467312150706 0.3272686923775823 0.20774696566204445 0.21237943673195295
0 0.7925876763382718 0.056824118046980336 0.15520926270807187 0.11364823609396067
0 0.19989278268667196 0.7751025223538138 0.13499900122815808 0.13420677904154843
0 0.6386946465058062 0.4258809431877121 0.13386849499819975 0.16533079880288754
0 0.4119719564794597 0.42696876804888373 0.112580792044227 0.113842187662829
0 0.24216616063298962 0.561800337474096 0.1124828428193127 0.11143834150898285