0 0.43032767403526795 0.3759485321606813 0.08185253167504342 0.0805058268113653
0 0.39419111659142014 0.4665372927386005 0.12579882551040728 0.13048608576644158
0 0.174905642289236 0.26099519087536394 0.12579882551040722 0.13048608576644158
0 0.5370211775704925 0.3952978901801547 0.09495008067126694 0.09789255455833348
0 0.49746886418491126 0.22688705127973885 0.10758549328449345 0.10806774384376307
0 0.8957117448817351 0.7379514783314977 0.09944968205696124 0.09330878411865921
0 0.4902554833177166 0.3200212661426893 0.10983529397734074 0.10577585862392593
0 0.8081397048300556 0.7925911936083861 0.10758549328449345 0.10806774384376293
0 0.2921388032058388 0.2952154695539504 0.13060651781809954 0.13071000763445964
0 0.4258045615185868 0.7915603477108717 0.11495107720703092 0.11080747279963642
0 0.6237565818780717 0.5706996596014385 0.11750896882187607 0.11332327988749132
0 0.22507279338103892 0.5389489711767934 0.11316341289718064 0.12031089648101201
0 0.5391902707215279 0.5787442772133494 0.09525817159326494 0.10270024686602579
0 0.9317731220007395 0.552690697011678 0.1229328429735644 0.12316258637089411
0 0.805899116165489 0.32753259050333583 0.12068304228071697 0.12545447159073125
0 0.2656121031604072 0.6666623668628381 0.13618443743078665 0.1429531602717083
0 0.9623541296887878 0.9643195255117034 0.07529174062242451 0.07136094897659308
0 0.672381435954229 0.9180850760293839 0.12247070659056739 0.11595104790935551
0 0.6321986416219456 0.6837364092992122 0.10471951074765055 0.10074424444821571
0 0.6503547774370345 0.4808649783644064 0.10518164713064736 0.10795578290975404
0 0.08195446779964319 0.38129283164698546 0.10277780097680124 0.10784382197574516
0 0.30809864992759306 0.506865892026421 0.1158753499730247 0.1252305497227132
0 0.42129803065281063 0.3659412842762651 0.11766301428287508 0.1157271260413376
0 0.9688108812221371 0.18202752624085333 0.062378237555725816 0.12332721384456
0 0.41462749371042457 0.28054876534772216 0.12789458074225543 0.1257903543927583
0 0.9725803890024712 0.7577750133568356 0.054839221995057516 0.10454428834982685
0 0.08134012836130348 0.2782073493666234 0.09199093389556214 0.12651478653646922
0 0.3310301950336495 0.37851369186084577 0.07208310159865992 0.07765413692148307
0 0.9612400637050296 0.6723265139612882 0.07751987258994084 0.11790705032716585
0 0.8671630676661851 0.49815300088675585 0.12804862620325444 0.12819420054660446
0 0.6975770808558388 0.8437634338583427 0.11766301428287508 0.11572712604133747
0 0.5015132586676905 0.6452945762528071 0.10262375551580227 0.105439975821899
0 0.46558285602124083 0.4399040243027984 0.09208409813442404 0.090569055162786
0 0.9498254792855726 0.3011562050600754 0.10034904142885473 0.12545447159073125
0 0.5038815771360424 0.10255881688379295 0.13091460874009733 0.1355176999421519
0 0.3268778970667594 0.7438126795812807 0.11766301428287504 0.11572712604133747
0 0.5835756299514444 0.24288089520628955 0.11781705974387408 0.11813097219518376
0 0.6437972310531848 0.13543887828161877 0.11495107720703099 0.11080747279963628
0 0.06173117495811863 0.701504880384217 0.04089398282079707 0.11454822230689551
0 0.74577392397138 0.9989859018881759 0.11257951406990958 0.0020281962236481377
0 0.9550431986398624 0.4483209779175598 0.08712236036573273 0.08794128714092181
0 0.5344826721327792 0.9650603491432002 0.08216062259704142 0.06987930171359971
0 0.07379330303546806 0.8710320146973752 0.04345187443564218 0.11706402939475041
0 0.7087545888065437 0.5506917916873014 0.10021990936195599 0.10532801488788984
0 0.5869074336825966 0.07047573773342053 0.0919300526734249 0.08816520900893979
0 0.9346803795113166 0.8660007568195695 0.130639240977367 0.14351296494175342
0 0.7403361908595284 0.14592693102659463 0.08650617852173671 0.07832590252553716
0 0.4766381613851287 0.8742164516108892 0.09541221705426381 0.10510409301987195
0 0.4377126441349372 0.9573844863833638 0.08471851421188657 0.08523102723327233
0 0.48572175650964144 0.4923704431485538 0.09991181843995825 0.10052032258019754
0 0.51909242513559 0.7887152856756848 0.10006586390095726 0.10292416873404384
0 0.7990906752704665 0.20258857097034033 0.09673774498111734 0.08838913087695782
0 0.8584631839310564 0.1753954978644932 0.09193005267342504 0.08816520900893977
0 0.13051844065366336 0.6903286705474014 0.12804862620325444 0.12819420054660433
0 0.1869677703665854 0.4305223251885224 0.09162196175142705 0.08335751670124754
0 0.15417547335093973 0.4984984691729211 0.08394828690689177 0.07581009543768201