0 0.6895234827687964 0.2202956696494449 0.3029442007972915 0.2823145928609772
0 0.09101718656733758 0.5685367446016789 0.132367209039955 0.14814506463300617
0 0.5451376667141598 0.8504538450521714 0.15366615009902773 0.12916603694363551
0 0.09903141108966824 0.10940212921706358 0.14480603271611406 0.17232338258335578
0 0.10071313624074467 0.2884327251138468 0.12477803696218107 0.12642653540125792
0 0.8027018818686751 0.06997052912161342 0.1943636975516408 0.12002616412867012
0 0.048769875127903754 0.4416503671718185 0.0855192719774788 0.08030591796013936
0 0.23063516359070962 0.6245927322748966 0.07350004120824807 0.08016606154825133
0 0.04745151099444278 0.7925559630686018 0.0902010864130926 0.07315032206335613
0 0.14498666021778917 0.43692574664594497 0.08062766108840083 0.07544228308769181
0 0.07118136114488549 0.8788007261420986 0.08311542582363263 0.08027794667776188
0 0.12069035964299323 0.38313290664937144 0.0856871091402501 0.08992130257552397
0 0.1749359222063114 0.5110813507442669 0.08075353896047929 0.08265382154923027
0 0.8932967457602702 0.8692345475689567 0.10023606393540573 0.09730066873132816
0 0.13941824113999748 0.8936285445943366 0.08543535339609314 0.07549822565244704