0 0.5134221358258209 0.624909374371888 0.1770776258562276 0.21683749875011316
0 0.49220966844157665 0.24919606643010983 0.1935266082171672 0.20991967532342437
0 0.40457661082867585 0.727672432564404 0.17683588699818947 0.16639868881003667
0 0.7259122203675086 0.35793832354635424 0.24450107678329674 0.2660473226757425
0 0.8780695230146466 0.16329853708184658 0.2302142017181653 0.22256829545304763
0 0.35198982360939607 0.07832535963792356 0.15178958355043862 0.14674832667233909
0 0.8191821930574489 0.7589698513927252 0.15141164283445527 0.13953678821080034
0 0.8024982430517388 0.5493527041651423 0.17543988275363248 0.18558749875011316
0 0.1169798116064482 0.24986195554356672 0.2339596232128964 0.2538602547437404
0 0.662852080506801 0.11503006742799157 0.2118755157773083 0.19342842657204395
0 0.04791184636351626 0.866580455169361 0.09582369272703252 0.16104552572333747
0 0.9181041540558239 0.40941394916939655 0.13431231604164148 0.2256976161330267
0 0.7087619150770396 0.8841443956022228 0.25310861948939206 0.23171120879555437
0 0.04597103468717803 0.5154091202543585 0.09194206937435606 0.22793362512410156
0 0.30483053787059566 0.22066187749533797 0.23274402811067257 0.22501410089758658
0 0.17629120916517363 0.515564790832775 0.16379859270038521 0.1925892407581873
0 0.3373284582342976 0.42694599088165514 0.17050621020727902 0.18309973401488122
0 0.2355770526756886 0.853445949673407 0.26108626100218174 0.2159022277705161
0 0.20916195943521687 0.6917798476506688 0.16139474654653904 0.19254728146749434
0 0.635635238146349 0.6114033185518759 0.2543582002567196 0.3166539697785903
0 0.4861439637496638 0.8469924082131539 0.2349061354064805 0.17461725024820288
0 0.18726337195160395 0.07665307130238773 0.2552809484044844 0.15095642232597697