0 0.8978058316274378 0.9277664601248875 0.08705921478221512 0.11334708027218181
0 0.6293226855959986 0.7870612945568662 0.09756560586997573 0.092132185674727
0 0.14539206889930684 0.43641638503100383 0.08951360091873156 0.07986112243319997
0 0.9055375633662899 0.6448948162608041 0.11126576961861791 0.11659036800034904
0 0.031696063202627904 0.415014505374032 0.06339212640525581 0.09925977997883323
0 0.183677837354379 0.6642666670347642 0.12345309368578966 0.11941393494135556
0 0.40622640990798453 0.5142018298118647 0.11076148972479444 0.10937882953881037
0 0.23352629683532924 0.07201239466269958 0.10544951752327865 0.10199940276240783
0 0.376254702925353 0.7360539340980414 0.10354995126325597 0.10912699706651424
0 0.3162996924864855 0.1977984264912727 0.11299724258069938 0.10705892754239638
0 0.21280084117233977 0.5062424020616587 0.1081895502730071 0.10689103922753226
0 0.11274734249954738 0.593112810691038 0.10835764357094821 0.10929488538137842
0 0.22277056563285655 0.9150374316574952 0.11333342917658171 0.11186661985008875
0 0.12566693634899903 0.9080319240507264 0.100137545321763 0.0946199759860051
0 0.8307326859838471 0.6808380299993799 0.09376647334993038 0.10638737428293975
0 0.18599595695993482 0.14866837190763807 0.09258982026434225 0.08956045120601663
0 0.7156425138538487 0.7587493400669891 0.11523299543660451 0.10473902554598223
0 0.037856738568814344 0.2708257082219788 0.07571347713762869 0.09453603182857308
0 0.6760191157573329 0.1537317771758368 0.11249296268687586 0.09984738908085794
0 0.8225554510088071 0.9491854198583074 0.09874225895556367 0.10162916028338523
0 0.22766006472375977 0.22482451374679452 0.10835764357094821 0.10929488538137835
0 0.13996966012460557 0.0832036215246412 0.11025720983097095 0.10216729107727202
0 0.7856973556533547 0.35997797820666616 0.10544951752327865 0.10199940276240788
0 0.7294020142265663 0.8893545018702864 0.09566603960995278 0.09925977997883323
0 0.6031138046349128 0.1969704735333832 0.09018597411049602 0.08947650704858456
0 0.050860099084016605 0.7375229059037033 0.10172019816803321 0.11949787909878751
0 0.5604851202904662 0.7376679698339037 0.09292600686022454 0.09436814351370898
0 0.10962769991335163 0.1725084107195511 0.08795022125459105 0.09179640904499863
0 0.05489405825138379 0.19710394694835293 0.06737470564029278 0.07189408655477272
0 0.5713254581083492 0.06573573054934545 0.09292600686022454 0.09436814351370892
0 0.734846333193963 0.2256678358093255 0.11881349467603833 0.12164989278033754
0 0.06020715038577932 0.5346497383759995 0.09052216070637835 0.09428419935627676
0 0.7339745999037169 0.953474180015565 0.12037687434017877 0.09305163996886989
0 0.6539994536934846 0.6409303441168434 0.12054496763812009 0.11211845232238488
0 0.7496742899448425 0.6683685440313044 0.09756560586997573 0.092132185674727
0 0.29455688039444416 0.5259653985699887 0.12345309368578966 0.11941393494135556
0 0.5178212493803993 0.7964210171611441 0.10785336367712481 0.10208334691983996
0 0.47864503441939116 0.7191468964024967 0.09309410015816565 0.09677198966755512
0 0.6806356846415085 0.8286134996375497 0.08710975476488542 0.07977717827576788
0 0.9067207732275231 0.059375122278559234 0.10482768431418449 0.05881411615060916
0 0.2998842060130102 0.0707150897613127 0.08811831455253216 0.09420025519884477
0 0.9280873352817367 0.33964832680105855 0.09326219345610663 0.09917583582140128
0 0.6416451562612514 0.9807883529885832 0.11187112947778169 0.03842329402283358
0 0.9297018148949874 0.5577840128261601 0.07268667784180849 0.07927351333117535
0 0.2582541648819254 0.13191395532111538 0.08761403465870882 0.0869887167373063
0 0.5929711100001293 0.876156223358196 0.13083272544526936 0.12206961356749811
0 0.536077525456262 0.9488706547426369 0.09566603960995292 0.09925977997883323
0 0.9491413008320833 0.12471395642540799 0.06145737357961313 0.12444292530965975
0 0.9224573297335886 0.7647666145292256 0.06128928028167188 0.1220390791558136
0 0.8215128245884201 0.8299184636165575 0.10852573686888925 0.11169873153522457
0 0.2651723800217268 0.39481459974338307 0.11076148972479437 0.10937882953881051
0 0.01863420601301019 0.16185516180329712 0.03726841202602038 0.08332570822197886
0 0.6477189851462677 0.05876458689307154 0.09398510663054165 0.07522131844037178
0 0.3026753387118489 0.27202385270949114 0.08470590861103926 0.07969323411833579
0 0.5710749980607572 0.586225662141596 0.09874225895556367 0.10895910875165007
0 0.4269705787866639 0.6655334884738664 0.10270948477355027 0.09710776629728347
0 0.786301595579639 0.07565257879336329 0.08057058949511141 0.0891407304188562
0 0.005561113743824689 0.7752976238999427 0.011122227487649378 0.11474359653684292
0 0.08817053443452227 0.46212990017929656 0.0800663096012881 0.08192919195731777
0 0.8506523017563112 0.5682769815557711 0.08297443564895755 0.08922467457628833
0 0.4022097640402075 0.8128663619908123 0.0898497875146138 0.08466881474089213
0 0.9140504249707724 0.19578003907289152 0.09756560586997573 0.09213218567472697
0 0.22472834858407478 0.7319673752567432 0.0952793130314004 0.12802198966755512
0 0.37997690553851327 0.3554487722947443 0.11143386291655889 0.11899421415419502
0 0.7071268524171667 0.3463905133190996 0.09141316717875451 0.07273352812909359
0 0.40592261004552277 0.13948036715703482 0.09823797906174019 0.10174757029011154
0 0.8507769718136671 0.13573729497248543 0.09790179246585769 0.09693987798241926