0 0.7381374143272829 0.15629826623543253 0.2910662369962859 0.24128667133574003
0 0.11006623090901083 0.6923040792170279 0.22013246181802165 0.3365312353571327
0 0.8503350876742493 0.33531124682688696 0.2824484726709065 0.30584079359248867
0 0.4891129309750941 0.2682242281294467 0.2118755157773083 0.1957792076250849
0 0.31715449761719516 0.17293905607288199 0.24716710503374953 0.22800843453695807
0 0.7543362262132913 0.7429987278956515 0.22085077758010277 0.2296428881171895
0 0.5732731004079199 0.3850298496653706 0.2666498347418411 0.23337568508000642
0 0.6437371994941743 0.912519306494173 0.19998226524673868 0.174961387011654
0 0.3599471514823828 0.8723626184091103 0.2813248721422402 0.23860304606421595
0 0.3312507419207095 0.40928537172341967 0.21465730264713792 0.20306069086604295
0 0.3323045811167776 0.5958982001538844 0.2617161621954876 0.23083194936732127
0 0.895822644645351 0.6387775310097769 0.15493908951696758 0.20852360984209367
0 0.8491928339094057 0.8853944579440575 0.13786020596272217 0.20322630407846495
0 0.5444234961557496 0.08565894816918661 0.18038377691927016 0.14445910104128162
0 0.9581523275235366 0.16149629047539454 0.07638849111057985 0.1294322447570119
0 0.6195897505496034 0.7186141555507568 0.15886492015403172 0.19183657632400972
0 0.40341033382048186 0.043035695332187346 0.22683317851288243 0.06900486448601438
0 0.7866451762190014 0.9399629516612722 0.18291360331177758 0.12007409667745551
0 0.6721815189797596 0.5419885461956926 0.15988298368260528 0.1654642134111213
0 0.562816740599044 0.5845490804346014 0.14647797028810167 0.13867218182171606
0 0.44815568138491746 0.7051996422838004 0.2842428608700152 0.2026852433153625
0 0.23159832393981244 0.036832720526769336 0.11853412135114433 0.0634535032582903
0 0.7987664935823084 0.5613206195049266 0.16747246286012704 0.17288558621091832
0 0.20821365723924162 0.4141316495114863 0.20617574017970372 0.2244155271329803