0 0.7141408707396414 0.4442960320756693 0.2629212867203555 0.29220005914423636
0 0.8015295089031306 0.7919463086645231 0.22546469882427272 0.24223343248739582
0 0.5404895050457728 0.7445606164966109 0.2116711249159716 0.2631121664400445
0 0.2879421562424232 0.6121533364638131 0.2267936496332436 0.287906509410473
0 0.07068874281861366 0.7193015786450488 0.14137748563722732 0.25110315729009786
0 0.3850382343636348 0.9021675242664221 0.22250129443507072 0.19566495146715576
0 0.5369701555118791 0.9068832220005567 0.15111108126746395 0.16153094840448454
0 0.6528701080060139 0.9579292419016757 0.1716265801813672 0.0841415161966485
0 0.7943123347961296 0.9747408325496726 0.1804725722231371 0.05051833490065478
0 0.1159329023290466 0.8780711834182722 0.2318658046580932 0.1792192899134674
0 0.5207747580045295 0.5533339778368226 0.18553431999492476 0.18973697943804824
0 0.5345703544676288 0.2446917075449141 0.2231307974498464 0.24451129840258107
0 0.37463177863064856 0.19778949309307814 0.2622917837055798 0.27056544375962105
0 0.27476363298623946 0.07218003513834072 0.1956650417198288 0.12546303447750792
0 0.13443127393070892 0.09612318129599363 0.15902206752319753 0.18594735065892942
0 0.8936084923973227 0.316473358728703 0.20341041476314048 0.2266765334163687
0 0.9516597727228547 0.22441898114098655 0.09136465131840765 0.1704006732071863
0 0.8752463972638348 0.4924631597237589 0.18553431999492448 0.18973697943804824
0 0.8286198170824677 0.6055801308124735 0.17570910104128173 0.18202152002186514
0 0.9026751580493446 0.7081691907573228 0.15278975597353212 0.21922325609679216
0 0.662548211219489 0.7280860800874608 0.19090157053797305 0.2092197091461398
0 0.6770967253387469 0.22808608008746079 0.20002734169742126 0.19289670702386139
0 0.06871381407741149 0.5243380797061882 0.13742762815482298 0.2505992363354533
0 0.3502857917661283 0.4553210929609116 0.1820113573703664 0.15114946073784863
0 0.7049467453366405 0.8843888485875072 0.15337503786247125 0.1568492363354531
0 0.1334886099444121 0.5835949187624762 0.16749261201428717 0.22959452214414355
0 0.38333947164944615 0.6845632284372822 0.23463469110955762 0.3099190655110719
0 0.518932060621906 0.9731865228049764 0.11528894695161308 0.05362695439004712
0 0.15444227500708624 0.4426498573561811 0.15797289583190485 0.14988965835123713
0 0.5217982060422393 0.43541953605969985 0.2029208013072038 0.20984961033944563
0 0.592818607304628 0.10449741676094398 0.16051663154459014 0.1548233308975906
0 0.8753183645980523 0.15902654646142203 0.13556888787367483 0.12231352851097903
0 0.4052707730881269 0.054944506487581646 0.13176614613143847 0.07411062519539477
0 0.7945668222791562 0.12108937219309654 0.098322134315851 0.07955844031567706
0 0.9806329543010563 0.1801946769625129 0.03383795683852169 0.09058005079490275
0 0.3467113818344043 0.32994315224492815 0.14779795298116427 0.13015496816582323