0 0.6372698422049818 0.8221791422685315 0.15050058153527382 0.14301587030817067
0 0.10061257809907333 0.21950931182662406 0.11103139466765431 0.11914112540547897
0 0.485491651710647 0.8237881137844185 0.11801901126117474 0.11475345738242601
0 0.36587222624882254 0.6102065590245248 0.14077323598588024 0.14005199177480557
0 0.3012385187969084 0.9044202836465788 0.11846685499721075 0.12436884199781062
0 0.40641166984422294 0.7560829841577466 0.16168341922678472 0.17722974884153603
0 0.302627910541026 0.3391082674785384 0.12361043010693012 0.1318603966491087
0 0.5739728599575284 0.6017016280481942 0.15542023477697514 0.14569973265177644
0 0.5421829388515689 0.9024387049278328 0.1482086963154367 0.14527970836713694
0 0.2510177683370761 0.6024338666082368 0.12075874021704795 0.1221050039388442
0 0.7795740780661647 0.41015436914235626 0.14295316027170857 0.13538430756199288
0 0.3423276471313588 0.466955846457914 0.13630142648021498 0.1469835140465843
0 0.160135849714744 0.43659106895851185 0.15324031049114703 0.15036741686458902
0 0.08116451485498126 0.31946708508311406 0.13881723356807016 0.14952736829531033
0 0.6358077222081696 0.6872837414633873 0.12087070115105704 0.1245088500926905
0 0.5579064659272353 0.2567497049712711 0.10795578290975404 0.1045780403875223
0 0.6896009244763428 0.04101412378356296 0.10784382197574516 0.08202824756712591
0 0.9586440468909653 0.40022564867633786 0.08271190621806951 0.13328418613879642
0 0.3622600073123104 0.9466631622451014 0.11863148247087671 0.07643192701576741
0 0.681714484632355 0.4050073892926792 0.10029640071217963 0.09454263148749849
0 0.5051667726011525 0.34056874135479176 0.10840362664579012 0.11419342500290693
0 0.06770618343141903 0.10813863568697218 0.13071000763445959 0.12987657477990178
0 0.5191488117918408 0.8736507008586737 0.149888110325572 0.18133740067482926
0 0.2511262371947853 0.11312302047610984 0.11276347521744642 0.10485805657728185
0 0.060778039381202964 0.6062829676422 0.06317839345874925 0.12114865581557602
0 0.23864957720538024 0.8285235588942101 0.11114335560166334 0.1215449715593254
0 0.2391399675500782 0.1921580730928283 0.11332327988749145 0.11687728734651262
0 0.8975732057632541 0.20081086319065172 0.18661756823731843 0.19786059902110276
0 0.6843555083636096 0.61696587511578 0.12053481834902978 0.11729731163115203
0 0.6196490726590006 0.21097218276464952 0.10817970477777222 0.10938573269521462
0 0.12505965069225664 0.9255281863125494 0.06938228351420662 0.09993406471559997
0 0.15522596010613324 0.15004334831874042 0.10851558757979915 0.11659727115675309
0 0.6724944553623017 0.905695575496633 0.1175711675251388 0.10513807276704139
0 0.20036260799955047 0.9380148584481998 0.11069551186562726 0.1119295869439405
0 0.03791830342823136 0.24485414172555334 0.057475013678984846 0.10163787039504718
0 0.15093883978717168 0.8601461660970693 0.12819420054660438 0.127332720531176
0 0.16904319367420334 0.29145024711102424 0.10840362664579012 0.11419342500290693
0 0.295844332251438 0.04079057500795263 0.13109855697614356 0.08158115001590525
0 0.2114728955873188 0.7107932471327434 0.13104589043648662 0.1370881132414402
0 0.5423538378820254 0.0780831907943719 0.10314809060206173 0.10429802419776277
0 0.3795673789518886 0.15384951857184512 0.12579035439275815 0.12719271243629604
0 0.3199325027001134 0.8141478990529134 0.12864204428264042 0.1369481051465606
0 0.4635902115514472 0.5864373809806083 0.1117031602717083 0.1335642023285559
0 0.8468819485228092 0.8461261343691239 0.10499213208586265 0.09241880152341181
0 0.842788746576785 0.6547403489485952 0.12696263027250537 0.10089041283886803
0 0.5205744785878296 0.43849639723552514 0.12567839345874915 0.12478886628244996
0 0.4599479891198545 0.031158530562130856 0.08816520900893984 0.06231706112426171
0 0.4396668467253901 0.20217201660242298 0.0980045154923425 0.09680646954646478
0 0.15178831042532975 0.5937511215752305 0.14066127505187123 0.13764814562095928
0 0.7197379429909478 0.10872798448353346 0.08553744098707565 0.08649104445668133
0 0.718664728633724 0.8102073285810811 0.08827716994294886 0.09384259101309968
0 0.6311578513704956 0.09580943379279884 0.09515282560246027 0.08705107683620042