0 0.6917468756219931 0.6911624201644659 0.20044318394146698 0.1905518466408755
0 0.5084321747541514 0.5681522332872575 0.18568392042250784 0.18532448565666607
0 0.765811246547191 0.38673901963262136 0.17383278295121832 0.18737860791341482
0 0.053070581948586465 0.746350009643394 0.10614116389717293 0.2058399845705695
0 0.5964988293911334 0.10781309301245348 0.18440618737157932 0.21562618602490696
0 0.5099120677357613 0.7528287184568943 0.1875329466998602 0.21176679334897403
0 0.15858963265344525 0.9225816739755242 0.21664827380929597 0.14784217410700068
0 0.26002850111815223 0.3810646757824455 0.17830428866302833 0.1827108051645615
0 0.21735527360024054 0.15080716903206967 0.26630504990028975 0.2404473339827059
0 0.6056863040531402 0.3266263908690116 0.18775157998047176 0.18058673812839338
0 0.8793457157215742 0.08079735398059934 0.16919318394146698 0.16159470796119868
0 0.8429617533922844 0.5356283428761169 0.1831119809707207 0.1828506947234005
0 0.44210609234345094 0.03194381214873267 0.16386473839002122 0.06388762429746533
0 0.41149607880179506 0.3934501053662298 0.14503716908773476 0.15295536918595415
0 0.11820213800766902 0.5567166938710991 0.18652438691221354 0.197343716425897
0 0.8969142651886219 0.6731978831445768 0.12279719384395531 0.2122821304584933
0 0.4434201318928794 0.897501266927099 0.21419388767277944 0.18135613070200798