0 0.8074696115272577 0.016187940448440376 0.1149392230545154 0.03237588089688075
0 0.20327254775909936 0.5333343548396048 0.11132059199695486 0.11321131895348244
0 0.4786086008074863 0.44107594388464094 0.09874180299236798 0.09342074505266823
0 0.3138530839266869 0.4042181335510998 0.08926630793582237 0.09778059362432447
0 0.7233904885594039 0.49827750493434614 0.10884680106368914 0.11069551186562726
0 0.21020632965775773 0.8543597773120754 0.12142559006827601 0.13048608576644144
0 0.6212768837922413 0.7942930925141454 0.11358454859196208 0.10851558757979901
0 0.16101188064598906 0.36319474931674445 0.08651273788487873 0.08564940192108467
0 0.18131190957617133 0.10950335242179471 0.11146048155579386 0.11801901126117474
0 0.3226661261335452 0.7071027489357153 0.12828740463271693 0.11880273779923775
0 0.7706650692278004 0.7993707453748174 0.08149521123892793 0.07821394159152817
0 0.15543118267401768 0.4609423818165453 0.09393411068467569 0.0931968231846502
0 0.18257857380598289 0.6907599446466995 0.09661773595619988 0.10292416873404384
0 0.5641292499537005 0.5261555993536378 0.09874180299236812 0.09342074505266809
0 0.11991455112942757 0.315763258574047 0.08658268266429822 0.08805324807493083
0 0.8812548541315149 0.7532991773280138 0.07661757415181605 0.07558617356966398
0 0.05964917098018739 0.5195633381054486 0.0742836727773894 0.0778780587895011
0 0.6929983233846918 0.6946684574060199 0.09146031975140982 0.09068101609679502
0 0.31478245406726096 0.14661473182052984 0.08644279310545923 0.08324555576723845
0 0.7593448542338336 0.04043715722000571 0.08651273788487866 0.08087431444001142
0 0.6207981096082983 0.40556811446495095 0.08905647359756394 0.090569055162786
0 0.3976359528594069 0.05730358020167147 0.06919620135201904 0.06803875230609847
0 0.45544647156656654 0.8032203200376901 0.10637301013042343 0.10817970477777222
0 0.9651508776920922 0.7493245641706938 0.06969824461581563 0.10180455939395362
0 0.9811117284849993 0.5051365909571197 0.03777654303000151 0.06496314054819817
0 0.9374505752476323 0.4509973859559242 0.062334386787578265 0.07972210027330216
0 0.8405787838273372 0.2653480552944205 0.0714601579470262 0.06334302093241516
0 0.9126591960530122 0.2607873041972271 0.08651273788487893 0.0856494019210846
0 0.5527909695064109 0.3846645590787417 0.06686229997759245 0.07033063752593559
0 0.5511766039342998 0.12236542597448838 0.08163510079776679 0.08302163389922047
0 0.8295830010958163 0.3838082824369361 0.09118054063373211 0.08106563148141041
0 0.8219939925287995 0.12299097474462845 0.07187982662354332 0.07776609785549209
0 0.7467753139653736 0.10242330216044625 0.08170504557718636 0.08542548005306659
0 0.8869014517733101 0.017386549598015864 0.067072134315851 0.03477309919603173
0 0.2102722293275814 0.1948102436861571 0.06686229997759245 0.07033063752593559
0 0.9811209772211261 0.6771235518911285 0.037758045557747706 0.07720629318544726
0 0.923583443469247 0.594865939114838 0.06700218953643144 0.07513832983362789
0 0.7572871188864204 0.1741468235067993 0.08905647359756394 0.09056905516278599