0 0.11116018241106405 0.39160231075258817 0.1063730101304235 0.10456814975762171
0 0.25979385965459795 0.11472560611811353 0.11146048155579386 0.11423947693776154
0 0.7993266803703473 0.03524399892279957 0.08403894695161321 0.07048799784559914
0 0.19604771545183813 0.19957348920335788 0.11619822908406666 0.11189157334867064
0 0.7155747387177414 0.34852382656811637 0.08905647359756366 0.08754542770405534
0 0.4076211493800095 0.19591009327720538 0.08905647359756394 0.08754542770405543
0 0.07569499817363964 0.7020061487048957 0.10368938485889934 0.09492479385985948
0 0.5602617670585757 0.0703777968467168 0.11132059199695486 0.10943178463006926
0 0.03854434506774939 0.11612501230230794 0.07708869013549878 0.08024997539538412
0 0.5341671607085676 0.3890832112079755 0.09654779117678039 0.09724472616657291
0 0.15990880707380148 0.6157185866425187 0.13111091946308018 0.1288863241198593
0 0.20967524412878624 0.9287352133011904 0.11132059199695486 0.1094317846300694
0 0.6116148234772909 0.3701592840180459 0.08693240656139577 0.09713284103706243
0 0.791124643706011 0.47740846655734764 0.07916130986450134 0.07781815795916049
0 0.13625345128628066 0.14860406459629458 0.09888169255120702 0.0948688512951043
0 0.6801887479958635 0.573619097341263 0.09160020931024895 0.09238109129412536
0 0.0227185434561521 0.7471346276869233 0.0454370869123042 0.07513459898153813
0 0.9379377341298395 0.5934487229472087 0.08417883651045208 0.08508563898545404
0 0.0928535796943378 0.07101051896146912 0.0770372428283331 0.08740557129216736
0 0.28974626814467247 0.03507701329384797 0.09783252085991433 0.05881115898741199
0 0.831284944881738 0.7076322573202151 0.0891963631564028 0.09235312001174761
0 0.8798904989139031 0.03363649225140119 0.10560361755680904 0.06727298450280238
0 0.7069534653958193 0.02983576610930275 0.10532383843913078 0.0596715322186055
0 0.32199153795507013 0.9502571014909811 0.0964079016179414 0.09243703385888033
0 0.6863989489826103 0.6492423516990953 0.09407400024351467 0.094812908730349
0 0.25745027752511296 0.9798444943201416 0.08270999614264231 0.03460486975468495
0 0.5476033525195111 0.959647031716717 0.08354933349567653 0.06345102360083879
0 0.06586818868412993 0.2551564912720984 0.12616333759654882 0.12402268924741183
0 0.5980013151440693 0.9206120819664375 0.08382911261335452 0.07306640821622341
0 0.7287002241308927 0.2690710327204941 0.08170504557718662 0.08265382154923027
0 0.046800214843051344 0.9282473999902101 0.09360042968610269 0.11407164924349572
0 0.775341256674918 0.6482074142511238 0.07173993706470419 0.0705227056504891
0 0.7725804604426453 0.4127423763037112 0.08410889173103278 0.0826817928316079
0 0.679104603914861 0.6108787127258785 0.10000080902191891 0.13333038975664271
0 0.5847528471084661 0.3848900450472765 0.10382927441773827 0.09973248616755179
0 0.8756439553774337 0.4632083178279776 0.07407383843913078 0.06814683077902049
0 0.9385636240539507 0.4480579875630829 0.09937130600714365 0.11169577437202732
0 0.8119790272450182 0.13233067270972537 0.09160020931024895 0.09238109129412529
0 0.3385479306504421 0.8767719661044079 0.09146031975141006 0.08757339898643306
0 0.49049675873507365 0.2382003291632199 0.11302499035660592 0.08542129437398535
0 0.5481022147115746 0.859915387614479 0.08424878128987164 0.08748948513930034
0 0.6938404097905277 0.930310538363641 0.07944108898217933 0.08743354257454482
0 0.8751080982408624 0.8945588460314742 0.08905647359756366 0.0875454277040553
0 0.7696664808058108 0.925823673737977 0.09379422112583669 0.08519752411496466