0 0.5236943732868264 0.20073934981391284 0.21323563371678367 0.2259632225921665
0 0.12451804474432379 0.5217053856558734 0.22721331830976066 0.2934107713117469
0 0.4058379895237433 0.5273818718478996 0.3509285886266266 0.3332988451745433
0 0.5933878462950424 0.820331117000416 0.2679388133663062 0.2890785908044741
0 0.9264383175986554 0.786959509866288 0.13209014637495314 0.16254017027370546
0 0.28131271859809054 0.25318872619104726 0.2677289790280477 0.28186705234293546
0 0.34496117181304997 0.08691860004650136 0.24761465131840768 0.16869048413552296
0 0.6438259849358415 0.28263878880426174 0.17591893537954015 0.18227442258727172
0 0.9844670553423378 0.192930639107826 0.03106588931532446 0.18548775179944038
0 0.6899243661808979 0.5042541611173385 0.22553464360369227 0.2357184636194392
0 0.8320624276745442 0.6404778944694355 0.23501013866023776 0.23102265644125725
0 0.8785157364432293 0.29618329652838615 0.1733052548874356 0.17503491284335557
0 0.41158271017227005 0.807401977488599 0.20278091174836496 0.19700518361650218
0 0.9202590438920223 0.5094411498677565 0.15948191221595537 0.23035134566419466
0 0.732597043770265 0.15390799086810736 0.24385613070200798 0.2046922338784601
0 0.703951907545174 0.8624691949639818 0.19337536147123877 0.20410483694853043
0 0.845228521122868 0.9223530379963615 0.23792932192360347 0.15529392400727707
0 0.2958962051070583 0.7543906492679704 0.23104178370557982 0.25981286772265616
0 0.8056623185532754 0.39385989344118383 0.13577872221193352 0.12413457437692224
0 0.11730852883758326 0.8520384328330763 0.16560410296996045 0.15812407591929956
0 0.06742590332254436 0.7481276082113285 0.09652206752319754 0.17894752411496467
0 0.1469493668920032 0.012523555917341741 0.1208218107070833 0.023033179503495753
0 0.1298483003428645 0.2093732133501391 0.11379438293022051 0.11186360206629303
0 0.08869952351913733 0.32303843693384565 0.1287770180886535 0.13126219899132785