0 0.11457335549797557 0.5294822684310627 0.15418905035534727 0.16218930929172068
0 0.839283617272838 0.5628501110561971 0.14859646107759625 0.1522096195373729
0 0.3688425221522085 0.17764157164787228 0.18661639581043532 0.17898036961805802
0 0.5198923813594868 0.16135826746284077 0.20663206201126327 0.19005297478929523
0 0.1951755377851611 0.5983547695463647 0.17121219767478502 0.1658682234319378
0 0.6372134713509164 0.5467187743231678 0.15281548065774467 0.1453623862147976
0 0.3124252753040804 0.316155305131818 0.2044244400999317 0.19227466837365983
0 0.9408102426704997 0.7160931742514746 0.11837951465900048 0.18324160421730576
0 0.28578753683358954 0.08100970523221275 0.18082758229016965 0.1620194104644255
0 0.8350396233386888 0.7034571796809044 0.19441660699951768 0.18673836578804115
0 0.599021493265232 0.627011673781654 0.1433963202848746 0.1470376220907174
0 0.09080604126403126 0.134613965207108 0.170623524947241 0.15865668497039936
0 0.4120861834691896 0.4851696581459912 0.1671894023371513 0.17511930290835936
0 0.6524228338066322 0.14043149216430562 0.1877937412655233 0.19340344654113498
0 0.23648371632574255 0.21548634630807129 0.17582366573996266 0.1638286824170548
0 0.7435731601424374 0.039539100853536784 0.14702666713747886 0.07907820170707357
0 0.7561537088922164 0.8630232080904349 0.1248033790253193 0.12412793871973093
0 0.10616029069167982 0.4116027306078604 0.1569853449942228 0.16717915416889456
0 0.24187829606623282 0.755660402804392 0.15840806993549555 0.1553420759691454
0 0.5981145016503296 0.4529329115725822 0.15301170490025923 0.14776623236864375
0 0.1120464228688712 0.6614937229478268 0.09654589790670969 0.12915364634749044
0 0.5337739571378608 0.7166108662507166 0.16561960839703416 0.15588853367759015
0 0.7648149303098576 0.12465878293713312 0.17400849231366067 0.1708580683091117
0 0.8934452771624618 0.10039946726205111 0.1392264559483965 0.12522085413662046
0 0.48810127694694977 0.6015546932544786 0.20604338928371924 0.1828414363277568
0 0.4400477412953643 0.946234806885456 0.12450924102763043 0.061992243858694104
0 0.8280504736701632 0.2178250430698261 0.17778590816510914 0.18786714395551635
0 0.15445662707037236 0.8106591235216147 0.1005195380006732 0.1485665681477412
0 0.9844475426690078 0.6376576632383899 0.031104914661984395 0.18648164890083516
0 0.6557568606346357 0.7146236999534354 0.17263492261605778 0.15403114523218875
0 0.881498589062239 0.41331898593516936 0.17121219767478488 0.1658682234319378
0 0.6167082363742163 0.2362583153380509 0.13481121212573355 0.1296642413053496
0 0.6622092699444478 0.3343964889726249 0.21104730583392622 0.1856095876205661
0 0.833079562940454 0.04869839434107917 0.14040380140348455 0.09739678868215834
0 0.47468489068869574 0.30386000669181157 0.2226249328744576 0.210376659436954
0 0.4044808079600416 0.8957181749041011 0.12759967366419508 0.12911778359690482
0 0.5482701718281943 0.8497510989349557 0.13078841678809994 0.13891532078177102
0 0.18556074826802518 0.4213077720997092 0.11459932168239091 0.11618778998026627
0 0.986630785324587 0.512202281814686 0.026738429350825862 0.12307088605342724
0 0.46507049790372557 0.02878810149544553 0.16571791888437423 0.05757620299089106
0 0.7924585659808396 0.3003396361126768 0.12759967366419508 0.1291177835969049
0 0.9179962981699674 0.860434370550554 0.08526280559603314 0.049462418131604124
0 0.8013865706491742 0.46897317202087063 0.15443442984153186 0.13592915416889456
0 0.6241385930392755 0.8161869096575738 0.14982296177635435 0.13796869518377755
0 0.7020915496864302 0.9118660236041466 0.09924427879041066 0.07441164251747387
0 0.7385674582974843 0.543876058712634 0.13559610909579226 0.1392796259207342
0 0.059849782529554564 0.3183633255657195 0.0796698195861165 0.1565425796377918
0 0.2518379657533911 0.4924751117088237 0.1832314284440158 0.16677898627934573
0 0.9379533966244098 0.23210041076573054 0.1240932067511805 0.14871285796663722
0 0.9261421829934039 0.5220923146925696 0.14771563401319227 0.1551599233996638
0 0.9532225170230085 0.351946344694368 0.09355496595398285 0.14390516565894496
0 0.7058953284544601 0.3806698177300251 0.18818618975055273 0.1982111388488273
0 0.8766667158648773 0.30968037246556246 0.14982296177635435 0.13796869518377752
0 0.6070690676013283 0.03996829491843978 0.15163813520265662 0.07993658983687955
0 0.11131187133898003 0.26729881646764325 0.1703781454610562 0.1849168400932255
0 0.30266083802902216 0.8780371219222018 0.13000351981804117 0.1292999361663864
0 0.4280045280025472 0.7838841152160998 0.17395933706999037 0.19952206958578408
0 0.9553925782202974 0.7994081030734228 0.08921484355940515 0.13611130673837615
0 0.24867221332265815 0.9425960137206543 0.13706798928073505 0.09877854644431275
0 0.5663969317372148 0.908845413648961 0.2083493216823908 0.12329174019004768
0 0.8379825902442429 0.8580319438049846 0.10861428391961042 0.10140040791822603
0 0.27489471098103063 0.6564099629693589 0.21310785874641314 0.15232004660568313
0 0.3895699475558386 0.06118197222166029 0.12681477669413638 0.11950239898152028