0 0.4126048922868036 0.541963981059045 0.16439310769827592 0.1630603672572753
0 0.4141514971676662 0.9196254957676508 0.155023102569076 0.13640822522670903
0 0.10086541000111013 0.5858076544452212 0.1560042237816494 0.14842745599593982
0 0.6029501438032663 0.501652519033554 0.13500743636824808 0.12623328237596831
0 0.16584120372571534 0.09829438810747018 0.14840023683508166 0.14340992934998897
0 0.11173088110667342 0.32049740595260895 0.15320792914277392 0.14354981890882798
0 0.8439242253797574 0.7224638674716317 0.14501526946866233 0.13132075380133848
0 0.28838959089077937 0.47723138376308316 0.17940485734889686 0.17069157439533073
0 0.73592279507736 0.7088194318582963 0.13500743636824808 0.12623328237596845
0 0.03394937271411555 0.7638064357350927 0.0678987454282311 0.13584866699135306
0 0.19454048693910758 0.18738944718540831 0.1628233137581585 0.143829598026506
0 0.5693712207114228 0.8983221068078792 0.13019974406055576 0.12609339281712934
0 0.4554085368037485 0.6786113773682599 0.17518583776874846 0.17776322329803013
0 0.3187310123472138 0.1789795987376113 0.15320792914277398 0.14354981890882795
0 0.38341485010104187 0.4001241961553305 0.11960323823259791 0.11379438293022058
0 0.15554121628844128 0.753285382077919 0.170623524947241 0.15125097082630282
0 0.3035723920638312 0.27654520230663904 0.14442659674111816 0.12410921533980022
0 0.7712179860099168 0.0854759960014461 0.1421698195861165 0.1552193257809612
0 0.6636090041925489 0.07125473196736545 0.16100814033185637 0.1425094639347309
0 0.8682308587314925 0.2337358162301661 0.18063135804765496 0.15633844225167337
0 0.7536567097691855 0.5356375916122439 0.16100814033185637 0.15097119170862497
0 0.7735984447384253 0.42354399395100994 0.1251958275103489 0.12354965710444418
0 0.15983277853759736 0.45099529731836946 0.1560042237816494 0.14842745599593982
0 0.276371550318046 0.8301071549225312 0.1461926149237501 0.1457438307244154
0 0.6798728239941774 0.3819056036713462 0.15659289650919342 0.15563899445747828
0 0.7536085463559299 0.8006330885974683 0.1435925445273894 0.14327003979114997
0 0.45069816315298195 0.44253197900860886 0.131426244759314 0.11174026067347197
0 0.8467445025422192 0.5557113112867117 0.145800166438721 0.14093613841672323
0 0.13601630905998294 0.8162050507544361 0.15978163963309827 0.16532432385228246
0 0.08543703097579057 0.7013671317783854 0.13858862797718233 0.14072630407846468
0 0.2954045083776374 0.36191671315788726 0.14300387179984525 0.1360585013296115
0 0.3207204111532732 0.9331356774676096 0.12622610396659234 0.10679267880694053
0 0.632974039836674 0.6038987871782265 0.1283845706342538 0.13323498649924836
0 0.5413825065043353 0.5801843258832797 0.15281548065774467 0.13874212660113563
0 0.07645868086728849 0.48819421665969226 0.1277958979067097 0.12602344803770976
0 0.538781245911477 0.23013206955419482 0.1693970242484829 0.16560410296996045
0 0.780883319333303 0.3489897907920695 0.12681477669413638 0.11400421726847904
0 0.8287650099981261 0.6437664474094842 0.1251958275103489 0.12354965710444404
0 0.6355990845870357 0.7333217831991115 0.17518583776874852 0.17776322329803007
0 0.9499618263283447 0.2901120349402945 0.05926170490025921 0.13841812635762096
0 0.35027713400573196 0.7032536182679141 0.1355961090957922 0.13344482083750692
0 0.6624564347253787 0.15458939074725425 0.12161463590141472 0.1090566354019477
0 0.049034160948951515 0.4164156941146138 0.09806832189790303 0.12149553484769544
0 0.7275590838808171 0.914103471284174 0.1664536606107626 0.12954641066226785
0 0.22596352212236742 0.5809686028384836 0.18082758229016965 0.15874228840551952
0 0.35093715920578633 0.040309439470693036 0.1442795277422735 0.08061887894138607
0 0.05616066956448176 0.8971278419312164 0.11232133912896353 0.11010580709324048
0 0.6361140244490746 0.6829459311374715 0.17332150909877636 0.21368102604688352
0 0.6001786251523088 0.5796726018644247 0.1768047869525359 0.16821778346206515
0 0.32366278296057877 0.6033062791079586 0.12038813520265662 0.12340976754560505
0 0.02867490395764003 0.3267610768013196 0.05734980791528006 0.11967697058278827
0 0.8288149587061278 0.9075600213177855 0.09114953287147341 0.11776273788487866
0 0.8637916323852433 0.3909429325791209 0.14501526946866206 0.13132075380133876
0 0.9524142326276123 0.14255527559643413 0.07908114685857234 0.14618922305451548
0 0.40352882678921 0.4475016714380585 0.17714808019389522 0.20180168483649188
0 0.35974584635443774 0.8516625767916002 0.12480337902531957 0.11874196479675174
0 0.11278533845258616 0.2341338063626962 0.1346149878832188 0.12142559006827601
0 0.4473365832119001 0.11648321182827577 0.14138492261605778 0.14560394116557657
0 0.5622060603683938 0.10474737326738752 0.15139275571647176 0.15069141259094693
0 0.6972880230664787 0.2566957693330877 0.21585499814161851 0.1765484383943157
0 0.5769754060240735 0.9520589213723201 0.16336322797419825 0.062308663133995114
0 0.7701165554472459 0.7893611398389339 0.13780373100712387 0.13111091946308007
0 0.8515508062873312 0.14429103325513043 0.15340415338528857 0.14595366506267413
0 0.45484325150154226 0.34768497310081503 0.13819617949215293 0.1359186117707725
0 0.22198789836757496 0.016957563899635174 0.13775497249561933 0.03391512779927035
0 0.02663932539915396 0.5335268184217986 0.05327865079830792 0.13967713238717203