0 0.3640928840033612 0.7025355824995867 0.08997724514027922 0.0956819527631258
0 0.5431425179332176 0.07335858760984829 0.14101744001860056 0.14671717521969657
0 0.0524633620183232 0.5426854909019239 0.1049267240366464 0.13097517204230621
0 0.22113228192483098 0.9139126616604126 0.11675520822111814 0.12653178487357708
0 0.08818203067622805 0.6778100510668909 0.10697199591146787 0.11138009767257383
0 0.28929225627972627 0.9387693903532648 0.09224123488223726 0.08384487456337662
0 0.6563428470964374 0.5615047369769314 0.143253458478181 0.13334315544556682
0 0.48453609117175334 0.7750676469715363 0.1313181415560831 0.13964393105969736
0 0.2937380060471378 0.7631064685530139 0.10216430360377557 0.11101579253361066
0 0.9105063578441308 0.7007593344809897 0.11426744822013891 0.11913809384255704
0 0.8841258871737765 0.010099531748291219 0.0827097641139855 0.020199063496582438
0 0.1248805362826632 0.9296122259781371 0.12399471796503422 0.129482088735868
0 0.4155780932037822 0.9219948419939434 0.12846675488419515 0.10100024002867733
0 0.4461313373402841 0.6699000874449054 0.10210836103902032 0.10620810022591834
0 0.6732108850316127 0.6598982080904349 0.09240906257650312 0.0982679514864536
0 0.010648637932728007 0.27913731407566905 0.021297275865456013 0.0907638333871234
0 0.3214225096093069 0.9639545614344941 0.09880943384909079 0.029102870733359838
0 0.012981713815316105 0.5084313929137544 0.02596342763063221 0.11294490648018354
0 0.04065054760566832 0.6345781024565222 0.0731503220633561 0.09440688477675498
0 0.23772229116685845 0.8297959776510901 0.1069999671938455 0.11378394382641997
0 0.9327728532781843 0.3352104979021856 0.11203142976055876 0.13337901819615253
0 0.8723855271630078 0.06120886928459955 0.12645450668363567 0.1224177385691991
0 0.3520638779195118 0.18827672677069843 0.07264683898055911 0.05113765400752421
0 0.5573071167923836 0.919661301932992 0.07055067693286678 0.07739780913035031
0 0.15547489527741754 0.7771860105289736 0.11432339078489437 0.12394578615024934
0 0.12023089635461794 0.40038383561772733 0.09732864001370567 0.10824764124080147
0 0.9707851670910531 0.5773062119133066 0.04444402462909052 0.10424028471220673
0 0.7676618512216812 0.386149487373212 0.09478493744797152 0.09604625790208911
0 0.6951162799906997 0.03250074927383348 0.094812908730349 0.06500149854766696
0 0.7660988276697913 0.10766763866602129 0.0900891302697897 0.10529733737851059
0 0.9733839701562282 0.6635714445975457 0.03695277334377559 0.0796553654653007
0 0.636725532304266 0.002744542284410059 0.08712585846839122 0.005489084568820118
0 0.14563742453364015 0.5905967733763815 0.08516955283258684 0.09531764762416277