0 0.2652210328436697 0.3238042936417675 0.24438277066934833 0.2924358710561007
0 0.7601825852670333 0.24661740279010147 0.11601394793628117 0.11691640025819254
0 0.7647882939965605 0.41821917393587904 0.11123422596421843 0.1213597874269216
0 0.7208082237342234 0.9193673028869237 0.1084807506150025 0.06108148101128618
0 0.8695583866221827 0.4451513063941998 0.10154891550975975 0.10861194637976464
0 0.5562698273509455 0.7466575237655169 0.10392479132797647 0.10398640664155377
0 0.6377916204196423 0.9112284896109611 0.11105241878262614 0.0901097874269216
0 0.39728813110860106 0.9090110542514263 0.1184457644257569 0.12190624513536637
0 0.7011718846368249 0.8511129849812378 0.12325345673344948 0.12227055027432954
0 0.8264437940540641 0.6816942058526858 0.08216430943302801 0.0807124181316044
0 0.160729842219194 0.13812723874485985 0.20555761784462515 0.22702142994439545
0 0.9684850831666683 0.30048166770674284 0.06302983366666345 0.10828350399138714
0 0.634972006394662 0.03454099999285479 0.11117828529295928 0.06908199998570957
0 0.7748076457682753 0.07355841108847119 0.11124821113203336 0.12376363358076785
0 0.65447169923451 0.8847130370092054 0.13538456884519853 0.14241208235250669
0 0.6933799617109725 0.7518998273050671 0.08705591274760903 0.09549980019364449
0 0.9689186233689271 0.4423085907836659 0.06216275326214589 0.09386042706831023
0 0.8591202811711734 0.924518530141733 0.1155104818949486 0.030377938719730935
0 0.500359827199875 0.8506977245329493 0.0894457737336404 0.09327810660927992
0 0.12426279288156289 0.897233447810662 0.1663688506567173 0.09910698883269038
0 0.8750451609240422 0.768195385232285 0.09922898036280259 0.12285287073335983
0 0.9632158803210876 0.1554132805380137 0.07356823935782476 0.13545442196162116
0 0.5536344245730058 0.500354369281027 0.10152094517413032 0.1038042540720722
0 0.4955854951014208 0.44342795402550783 0.0895436699083439 0.11010502968620287
0 0.5761501055299534 0.6501573038480005 0.08711185341886818 0.1051151848090289
0 0.4359236828126751 0.729322844547288 0.11123422596421843 0.1213597874269216
0 0.32893854379870646 0.7350247877353719 0.10159087101320424 0.11582348484130296
0 0.27172872439600926 0.822329141710622 0.09675520836988244 0.11065148739464749
0 0.32369112005999745 0.8664897845436913 0.09187759022311613 0.09826795148645354
0 0.840564587158824 0.21527490709708405 0.11116430012514436 0.10934055665769098
0 0.9097454905985496 0.3254681742514745 0.1039947171670504 0.11600563741078468
0 0.6261196147803332 0.35176986975799274 0.09189157539093092 0.10067179764029983
0 0.8227549151715555 0.8743662032993413 0.08220626493647223 0.08792395659314287
0 0.6713677467953576 0.6886353542765551 0.08219227976865759 0.08552011043929643