0 0.823763733352342 0.05042746138382085 0.12170330252608526 0.047466438640835065
0 0.5845886491728709 0.21415987811290849 0.10937882953881037 0.10705892754239645
0 0.18944588092798076 0.6744963656250473 0.0968559338249872 0.09221612983215922
0 0.8877785067755304 0.28491693995293726 0.13442462096645721 0.1367445229628711
0 0.06732285761473512 0.7255876192919045 0.11203450816495288 0.11435441016136685
0 0.17951764596633094 0.44189563059815273 0.1393162574315814 0.1393162574315815
0 0.4265376283774919 0.5359623614326282 0.12447345972134399 0.12679336171775818
0 0.35194584016846103 0.9757020978610209 0.11507937316657141 0.04859580427795807
0 0.350866105687675 0.3251335956935289 0.11958182325621973 0.12422162724904783
0 0.40537992211519547 0.8661554309567461 0.12679336171775818 0.12447345972134426
0 0.24054479367245898 0.5896367872352275 0.12190172525263379 0.12190172525263367
0 0.12597291498929056 0.5278731879074636 0.12447345972134409 0.12679336171775818
0 0.1655372161138775 0.18749239187177877 0.12936509618646846 0.12936509618646846
0 0.07305781614239051 0.21675443696628258 0.10946277369624255 0.10946277369624252
0 0.8028616891011523 0.26991769159486745 0.1073947041721248 0.11899421415419512
0 0.2894611073743032 0.9463446709420533 0.10448719307368612 0.10448719307368612
0 0.6758088867828765 0.22095552532609702 0.12919720787160413 0.12455740387877622
0 0.10700919448726007 0.8641598169736289 0.11435441016136692 0.11203450816495265
0 0.7630798685053642 0.8232907047182331 0.12422162724904787 0.11958182325621945
0 0.7373092159713125 0.0450016255624196 0.11192002959583647 0.04232296970341441
0 0.3140757403477576 0.8617636298974036 0.12447345972134413 0.12679336171775818
0 0.2579859797748808 0.9800328300969946 0.11946734468710328 0.039934339806010785
0 0.826468941236022 0.5932502664930173 0.11941393494135556 0.11941393494135556
0 0.6611530741321562 0.08927435668202494 0.10963066201110677 0.11427046600393487
0 0.6833065197684067 0.7988439600596429 0.09959555660856158 0.10191545860497578
0 0.04580660128744629 0.40565095323094363 0.09161320257489258 0.13822498338496422
0 0.5281936463819501 0.2783769038014558 0.10465508138855029 0.10929488538137835
0 0.21021812845481222 0.9411706675929483 0.0996795007659938 0.10431930475882194
0 0.15165967431530977 0.9294986511204777 0.07737333212192168 0.08433303811116379
0 0.6809255489486241 0.9359471349863058 0.10722681585726061 0.11418652184650295
0 0.8045633966344578 0.738095349698685 0.13450856512388917 0.13914836911671705
0 0.08619497488171259 0.5986874380826509 0.10216729107727202 0.10680709507010018
0 0.6480731037279924 0.050309153275893956 0.13173840792863037 0.05982144603979418
0 0.6399839302028278 0.35087386666409526 0.136660578805439 0.1320207748126108
0 0.7271672401278723 0.30096926886831893 0.10937882953881065 0.10705892754239645
0 0.31653304719675124 0.5501717484233144 0.13931625743158144 0.1393162574315815
0 0.47566007483290523 0.23201700641308004 0.12181778109520171 0.11949787909878758
0 0.453449288013297 0.3166819916151618 0.10473902554598237 0.11169873153522457
0 0.6273847494091935 0.16029846725079244 0.09685593382498708 0.09221612983215909
0 0.41585762363896434 0.9709516448378869 0.09867217087680877 0.05809671032422624
0 0.9485766973434255 0.5770567541356454 0.06876527739572215 0.11284341532758943
0 0.5523809504400229 0.033730233132456676 0.11639194527380042 0.03287547340289397
0 0.9259157062743721 0.36446899062928273 0.08724054920960246 0.09188035320243074
0 0.362904331302759 0.9452991985129628 0.09710776629728347 0.09942766829369767
0 0.5319864006722361 0.13530608556889362 0.14901558620439806 0.14205588021515592
0 0.46180173167778954 0.07749929930746949 0.10963066201110677 0.11427046600393487
0 0.881284323190975 0.16074111432141597 0.09587913834748626 0.13299757029011156
0 0.7633852126222076 0.1253358785285277 0.12455740387877622 0.12919720787160432
0 0.3141940484556845 0.6860730002730543 0.12447345972134413 0.12679336171775793
0 0.10820728802537267 0.9645032119214585 0.0843330381111639 0.07099357615708311
0 0.7558645005050152 0.9265301730974697 0.10440324891625388 0.10208334691983996
0 0.37648035852329387 0.7977564646024367 0.09445208767114106 0.092132185674727
0 0.571233920012948 0.4242865561808668 0.11477413094852743 0.12405373893418369
0 0.4150831313762223 0.3815285984844498 0.11443835431879908 0.11443835431879908
0 0.8853249785159475 0.8720849826721395 0.09238401814702311 0.10166362613267939
0 0.12848358063463222 0.6627404049951444 0.0897283395208808 0.09436814351370898
0 0.8461270903315726 0.3749199872801777 0.09478786430086927 0.10174757029011161
0 0.3597298224249813 0.24361268685633994 0.09702382213985125 0.09702382213985139
0 0.953113460434169 0.7228252230730661 0.0492826756926568 0.10496032360659441
0 0.20504039746569613 0.36577002317068075 0.11295789389670581 0.1407967178536746
0 0.434176495754412 0.6962798235292739 0.12961692865876465 0.13657663464800698
0 0.753094394259156 0.6267896340777471 0.10149573781781548 0.08757632583933088
0 0.5028043682975546 0.9020490644883845 0.11211845232238488 0.116758256315213
0 0.9276746530922358 0.7965469843466919 0.09512364093059762 0.11136295490549622