0 0.45200053979611915 0.7671274982320715 0.20842158449044546 0.22869666582031528
0 0.8629433991396188 0.3831425505684894 0.23436947278303186 0.2976437312533418
0 0.578057189297781 0.4238673229980845 0.34454514069909503 0.33709059688001264
0 0.39633020927392965 0.1613417554958245 0.26275349024618866 0.2926180236255822
0 0.06292546742340324 0.24648388764569498 0.12585093484680648 0.16517547590459714
0 0.6958045959337801 0.6768879329532702 0.26469520001703783 0.2855886377335253
0 0.6277608017434738 0.8614569798745486 0.24426435011500167 0.19074572231663575
0 0.33402574977993393 0.7043018946602473 0.17214896549961708 0.1852811452321887
0 0.0009012017775496339 0.849048936481982 0.0018024035550992677 0.18651751165142072
0 0.2914764793849548 0.49103440311998736 0.2210569971036721 0.23922281328310782
0 0.15277520524178562 0.3783476329352865 0.23021024533605983 0.23273988509949556
0 0.09926563612743654 0.7280713855693162 0.16928298296277408 0.1778874542011687
0 0.5779746393503132 0.14518539034611938 0.19936150049691947 0.1993040542657167
0 0.06945371447028369 0.5249657363528857 0.13890742894056737 0.23372237344807487
0 0.24111054311837807 0.8476964653613333 0.24278477672714932 0.2049866466702311
0 0.2855060764971458 0.13624908010761239 0.18780440611068566 0.2056048298798473
0 0.14446367982792377 0.08859593392863738 0.23030340957492168 0.17719186785727475
0 0.6929902825907935 0.17952914521075297 0.2250012978675079 0.263443427391051
0 0.17319728325808395 0.6196057290084476 0.13495207374279497 0.127442547720985
0 0.8744322426810912 0.0674461753810669 0.1633969724280891 0.1348923507621338
0 0.9332512931254786 0.14457804147041317 0.11655241303915777 0.17628394382642007
0 0.8243227281426558 0.9111510864766833 0.11815743368259664 0.05201255410434632
0 0.8475711360564481 0.6976820915833725 0.1099893394383396 0.11119794510309224
0 0.8911770559530893 0.5771613415026873 0.12564478004940802 0.13152162975075113