0 0.2462056197433083 0.9727613390973983 0.09248535329528369 0.0544773218052034
0 0.78399193754437 0.8347803371695443 0.12037495135871924 0.11604191827191074
0 0.6163674868245475 0.9545864500366462 0.11177700374819001 0.09082709992670765
0 0.13220416883891398 0.37562933255166586 0.2308264271800557 0.22722020356487016
0 0.8362515991992516 0.4878581081410337 0.11735492336087706 0.10641254848871148
0 0.5957738195757745 0.5225032984994317 0.09960372751796037 0.09189157539093092
0 0.260614397563679 0.9170401387118274 0.09750797228611209 0.0966852825308083
0 0.8588805806002784 0.07227941946585247 0.11766301428287508 0.11122024079640372
0 0.3942912103103637 0.8469308243227167 0.11991281497572223 0.10883037981037255
0 0.9163450647698573 0.6877689236090787 0.0946419897492692 0.08945975890145519
0 0.3843229950592063 0.766374007833241 0.11704683243887934 0.10160485618101917
0 0.4828949864696049 0.82341680657731 0.09673774498111734 0.08466605176157753
0 0.9576907897535285 0.3612234462170015 0.08461842049294296 0.08943178856582562
0 0.33266890095692647 0.8790121404525478 0.08983429744157675 0.08943178856582562
0 0.9404928320555429 0.6146194379305487 0.1023156645938044 0.096713252866438
0 0.9754920324559172 0.8072208187623517 0.04901593508816568 0.13277094517413046
0 0.7652629573359466 0.3925285855331111 0.11239318559218575 0.10398073199923576
0 0.5864771401737817 0.7711545311604531 0.1271243534372607 0.1088723353138165
0 0.92116196910583 0.21922170854239334 0.12339497935656087 0.12567128805511027
0 0.6808917465428646 0.6695784466702132 0.11223914013118676 0.1015768858453896
0 0.3699266739358858 0.9718880674641229 0.11427401414089808 0.05622386507175419
0 0.7324761875372694 0.18087824265213126 0.13029842689610158 0.12090555125086233
0 0.6916265042877043 0.9495845680898456 0.10921911213334513 0.09194751606219033
0 0.6195438428315871 0.06848404911443406 0.11766301428287508 0.11122024079640372
0 0.1748766039412808 0.9473041843808843 0.10533569259164637 0.1053916312382314
0 0.8538252384501827 0.9120810136236207 0.11750896882187607 0.10881639464255763
0 0.8750355276854942 0.5493589699974252 0.08968025198057789 0.08702794241197946
0 0.8772728716812913 0.39678466506726845 0.0928543254394188 0.09906115834902501
0 0.6018226474571963 0.8793765561708818 0.1023156645938044 0.09671325286643814
0 0.7910853983729462 0.5704971119246154 0.10758549328449345 0.10395276166360591
0 0.9102261436380176 0.7610232980462199 0.10743144782349444 0.10154891550975975
0 0.5670835535962756 0.4310242855590372 0.0943338988272712 0.08465206659376288
0 0.5648983189368777 0.2844316256778662 0.11766301428287508 0.11122024079640372
0 0.9990702000170378 0.5838379410523444 0.0018595999659243472 0.08915208520952962
0 0.7841801084277497 0.6689778858093263 0.12533668912741028 0.11847373476138646
0 0.8329737472101549 0.2679691183192773 0.0946419897492692 0.08945975890145512
0 0.5342516039412808 0.9483460793830866 0.10773953874549246 0.10330784123382677
0 0.9809034499105551 0.5080258836153944 0.03819310017888984 0.09654543085266044
0 0.7133113866030628 0.744258506869314 0.12037495135871924 0.11604191827191074
0 0.673560288042708 0.49892634749885834 0.11750896882187607 0.10881639464255763
0 0.6947309246386703 0.585555712628116 0.11602939543402367 0.12322548639781963
0 0.45239582759746777 0.2537402310353086 0.10037395482295512 0.10391080616016168
0 0.47024387249055866 0.04478742283228561 0.12318005267342504 0.08481988860754042
0 0.8844913396229115 0.8281561757562272 0.10610591989664132 0.11836185341886818
0 0.822928509228498 0.18621037875287844 0.10293184643780015 0.10632863748182263
0 0.49402406989522274 0.640857357979243 0.08681426944373473 0.07980241878262608
0 0.9672183172757484 0.6966159253497991 0.06556336544850329 0.12801919353769728
0 0.5118702723826575 0.525619586856683 0.08487255967288544 0.0869999720763499
0 0.29206686754976496 0.8078889013968643 0.08456446875088758 0.08219227976865759
0 0.9551506619814306 0.9019280014025158 0.08969867603713876 0.09197548639781963
0 0.594023965499617 0.17646832627201123 0.1024697100548034 0.09911709902028416