0 0.2920161687878086 0.5980679251657371 0.2269418662097802 0.26447143870241546
0 0.784706121472847 0.675213390881827 0.11101813007345686 0.10218764242813067
0 0.8009203892986397 0.5032894340042399 0.10419904009694775 0.10640666200827908
0 0.7955012319363143 0.01165255010253388 0.10061784848801326 0.02330510020506776
0 0.9087255953585223 0.47513046173905316 0.09620260466535058 0.09620260466535044
0 0.6144027007077104 0.17489408016405422 0.09821400233416724 0.09159113660017283
0 0.7100420037316836 0.02309519858905527 0.10581798928073519 0.04619039717811054
0 0.4655610585100123 0.03255072947947056 0.11141057855848607 0.06510145895894112
0 0.7667038366016649 0.06929709111375175 0.11621827086617852 0.10738778322085243
0 0.8822840811305462 0.2401422113896741 0.0798172853171269 0.07098679767180091
0 0.17403088790858368 0.7831391046578902 0.1955939524546058 0.20221681818860032
0 0.9846191892896875 0.6213238701271349 0.030761621420625083 0.09821400233416717
0 0.6416029473552469 0.9083123382072329 0.10581798928073519 0.09698750163540928
0 0.7867169240434151 0.8480695120944005 0.10439526433946228 0.10881050816212524
0 0.724612149653605 0.04943939416010563 0.12858079487676832 0.09887878832021126
0 0.7519124920832279 0.1697189137253334 0.08099463077221494 0.08540987459487784
0 0.04069353962862211 0.03902583193333031 0.07903238834706817 0.061371413056416295
0 0.9898441060703269 0.47861393795889573 0.020311787859346106 0.08683259953615054
0 0.9369357065282082 0.0012524668831734864 0.10944833613333944 0.002504933766346973
0 0.5659091482560888 0.06995870324246933 0.08540987459487791 0.08099463077221489
0 0.18953577692456897 0.03113979743390804 0.16615952261307368 0.06227959486781608
0 0.9357086107312013 0.1535058360960381 0.09257225781274606 0.11023323310339804
0 0.9731884328819178 0.7669282090555067 0.05362313423616445 0.12499960326783412
0 0.5945578876632305 0.42092024170400777 0.09581015618032108 0.09139491235765813
0 0.5326709396465267 0.47799910068085355 0.082171976227303 0.09983295151795482
0 0.6282612857929125 0.2705573657116137 0.08177952774227358 0.09502525921026238
0 0.4923952195891006 0.19211305499384085 0.10179519394310145 0.10621043776576443
0 0.38544864336478185 0.18632384474140937 0.09438743123904832 0.10321791888437429
0 0.33352096830307054 0.09860783938177692 0.0915911366001728 0.09821400233416727
0 0.3891774990708093 0.05413688390170597 0.08580232307990726 0.08580232307990718
0 0.863370638956721 0.7050900195503071 0.10542554079570557 0.09217980932771698
0 0.9403676471113859 0.595960597402575 0.09679127739289448 0.10341414312688904
0 0.6574988962936813 0.5694437633804305 0.08619477156493661 0.09061001538759943
0 0.8907227153890915 0.047074199733758156 0.07800211189082464 0.0780021118908247
0 0.7255680981460947 0.232365982724178 0.07780588764831009 0.07559826573697861