0 0.02309984266176059 0.17375426030819982 0.03962487605808729 0.12364532553744649
0 0.2901458488130691 0.25620456534128455 0.10382927441773834 0.10149537304331169
0 0.8469787311442223 0.49983756785931127 0.09153026453082938 0.09153026453082952
0 0.061191569218081096 0.4493222582577637 0.09986091946308016 0.13020163733062654
0 0.9623484621472483 0.4938315655653604 0.0753030757055033 0.10835718760775273
0 0.7541452394580048 0.28600942607225976 0.13358471039634606 0.13358471039634584
0 0.57326788293994 0.4777282234003487 0.11881190957617144 0.12114581095059804
0 0.8469678918722288 0.8715465501359299 0.11132059199695486 0.11132059199695486
0 0.5499360953770025 0.2546601445485929 0.11153042633521328 0.11853213045849333
0 0.7356472998752739 0.7665209882867308 0.1211458109505979 0.1188119095761713
0 0.7648061826740177 0.4456903333544802 0.11633811864290558 0.11867202001733232
0 0.8411604526256116 0.3412186940951749 0.11640806342232515 0.12107586617117846
0 0.6570764755262426 0.05623069350582699 0.12128570050943702 0.11246138701165398
0 0.7541174932496241 0.04447556220475162 0.10389921919715797 0.08895112440950324
0 0.11872187678863143 0.4007336111619857 0.10424894309425539 0.11591844996638861
0 0.8746028739053326 0.7877395480854936 0.09895163733062654 0.09895163733062654
0 0.2120779317656972 0.30178197383135913 0.12347971232502462 0.11647800820174471
0 0.9740621901452181 0.6365806326015286 0.05187561970956377 0.1053937832185504
0 0.39377294709280936 0.8823272949026613 0.12100592139175904 0.114004217268479
0 0.06288108319614281 0.1353055836734528 0.10672273402752107 0.11839224089965429
0 0.8149521123892788 0.7221105304838695 0.11640806342232515 0.12107586617117833
0 0.9351408069909218 0.8425162856051003 0.11619822908406646 0.11386432770963986
0 0.23818178685183222 0.7028046128471497 0.11379438293022051 0.1137943829302203
0 0.1675754186204981 0.1779710350814908 0.10403910875599685 0.10870691150485015
0 0.45586614024308364 0.8251852967095826 0.09654779117678039 0.09888169255120698
0 0.879918245122284 0.18491161114254678 0.13358471039634578 0.13358471039634578
0 0.3693200205043618 0.28998905231784283 0.09909152688946567 0.10375932963831885
0 0.9432302682858686 0.7484515340977125 0.09414394502293423 0.09881174777178742
0 0.9765580916414023 0.7122668140579727 0.04688381671719537 0.07888153074682308
0 0.5145469235833914 0.9401631052444726 0.1012155939256337 0.0942138898023538
0 0.31990894299193695 0.8243294844390927 0.1287770180886535 0.13344482083750692
0 0.9062612712909247 0.38744208051748097 0.09668768073561952 0.10368938485889928
0 0.14628127839685334 0.10761713177838536 0.12849723897097548 0.12382943622212217
0 0.3004570681319843 0.4038662418542742 0.12856718375039505 0.12623328237596845
0 0.20038270123998117 0.3959516425078762 0.1062331205715845 0.10156531782273125
0 0.6780928591870073 0.44219873002896715 0.13358471039634578 0.13358471039634578
0 0.3962776653061889 0.22424586881096253 0.11619822908406673 0.11386432770964
0 0.45359452544781614 0.2923486773458523 0.0991614716688851 0.106163175792165
0 0.22914041283446165 0.22670318482677226 0.09146031975141003 0.08912641837698337
0 0.78244874200519 0.8866562130264104 0.0942138898023538 0.10121559392563356
0 0.10365845757878543 0.7512276467305059 0.10163526260215075 0.10863696672543072
0 0.23032383843913085 0.06066293826283891 0.11493922305451552 0.07059509694040925
0 0.05179526767708193 0.539816212924092 0.07463339667448697 0.08863680492104684
0 0.8081345189506746 0.8185441557553937 0.0940040554640951 0.0940040554640951
0 0.3054818209592641 0.16313190257256133 0.1408661936373038 0.13619839088845048
0 0.34396908307438545 0.08021207209166042 0.10403910875599684 0.10870691150485015
0 0.1334673634193565 0.9488455066286186 0.0701054834844727 0.09811229997759231
0 0.02538229672902156 0.33488189739531166 0.034957073309234 0.12831312828629982
0 0.09158373439279315 0.25356154810493253 0.11647800820174471 0.12347971232502462
0 0.7393873230194198 0.5643181322459759 0.1188119095761713 0.1211458109505979
0 0.44525505379837 0.9566145807707152 0.10037625657259962 0.06536773595619995
0 0.731075165559423 0.6920717022969196 0.08898652881814438 0.0866526274437178
0 0.39412426152577346 0.43963490630816165 0.10672273402752097 0.1183922408996542
0 0.5161516084004443 0.33383431623988563 0.10884680106368914 0.10884680106368917
0 0.3034631031111567 0.9619432458333892 0.08588323487010313 0.06254422112583669
0 0.9254293219236036 0.13667268794386636 0.06592729419155592 0.11960702580336878
0 0.8964453010734086 0.46351295826073236 0.08672257222313708 0.09139037497199053
0 0.1256150506521176 0.5136094632236257 0.09167015408966858 0.09633795683852184
0 0.5058054166918193 0.1849707166499728 0.0940040554640951 0.09400405546409522
0 0.15215143624156108 0.8881548221573989 0.10382927441773834 0.10149537304331183
0 0.6983450539006884 0.22868895283996796 0.10480850132961149 0.13514921919715783
0 0.63653366242289 0.6262549609199553 0.12149553484769565 0.13083114034540208
0 0.3175087099287553 0.700496435126306 0.09846202387469 0.08212471425370346
0 0.6620244894117053 0.84083963345383 0.10651289968926256 0.11118070243811601
0 0.22686763952225897 0.9340984294620269 0.1039691639765774 0.10630306535100413