0 0.6899038461538461 0.397662511447864 0.14182692307692307 0.15821184569298088
0 0.07091346153846154 0.21492323053879814 0.09615384615384616 0.11121435431597139
0 0.054086538461538464 0.7123477377642724 0.10817307692307693 0.15065701399008338
0 0.08052884615384616 0.8707562044319338 0.09375 0.11822966853499504
0 0.7680288461538461 0.20091479932959083 0.12740384615384615 0.14741911562250826
0 0.23557692307692307 0.2295665142279761 0.11298076923076923 0.1294148470904972
0 0.3076923076923077 0.71742439534957 0.0889423076923077 0.09620260466535058
0 0.6334134615384616 0.5781473955949232 0.09615384615384616 0.10400281585443293
0 0.39783653846153844 0.3281481890592548 0.13701923076923078 0.13858862797718233
0 0.1502403846153846 0.07716786131101301 0.11538461538461539 0.132014917486858
0 0.0889423076923077 0.40990452774227354 0.13942307692307693 0.14840023683508172
0 0.1141826923076923 0.528551420750216 0.15625 0.14256226807114586
0 0.8629807692307693 0.5211656569089202 0.10096153846153846 0.1092029566471546
0 0.9615384615384616 0.23233585085202174 0.07692307692307693 0.1024330219143156
0 0.18389423076923078 0.028232308398526085 0.11298076923076923 0.03566484709049717
0 0.8653846153846154 0.2389099580745119 0.09615384615384616 0.10881050816212524
0 0.390625 0.45616528556248004 0.10817307692307693 0.12421470629777541
0 0.1466346153846154 0.18384467879339483 0.11057692307692307 0.12200708438644405
0 0.8846153846153846 0.3198066750915523 0.10817307692307693 0.10979162937469862
0 0.3076923076923077 0.040741703041877735 0.10576923076923077 0.03988386667064547
0 0.17668269230769232 0.9074513279786743 0.1201923076923077 0.11798428904881046
0 0.33774038461538464 0.5516079676117727 0.11298076923076923 0.12941484709049705
0 0.4699519230769231 0.7931695317193103 0.12740384615384615 0.1378037310071236
0 0.59375 0.650630849439585 0.10336538461538461 0.11901456550505382
0 0.0673076923076923 0.06078274032887229 0.055288461538461536 0.11509008065476048
0 0.5132211538461539 0.605595798853805 0.07451923076923077 0.09021756690257021
0 0.6129807692307693 0.5957102587643177 0.11298076923076923 0.1486456163212663
0 0.5108173076923077 0.7183803438420596 0.08413461538461539 0.09100246387262864
0 0.4423076923076923 0.24043218369962233 0.14423076923076922 0.13436960839703402
0 0.7103365384615384 0.7202438790477004 0.11298076923076923 0.11979946247511244
0 0.296875 0.42327215548902325 0.11057692307692307 0.11479554592490561
0 0.026442307692307692 0.8495142358984306 0.052884615384615384 0.10768231795070722
0 0.23317307692307693 0.3231202899854614 0.125 0.13279981445691671
0 0.546875 0.2309390920951643 0.13221153846153846 0.1430038717998453
0 0.11778846153846154 0.6069707571139881 0.1201923076923077 0.1251958275103488
0 0.8449519230769231 0.6170497443208295 0.10817307692307693 0.13623393706700618
0 0.5649038461538461 0.3658242354524859 0.12259615384615384 0.1350074363682481
0 0.25 0.7692053981446025 0.09375 0.1086142839196107
0 0.9314903846153846 0.4257965093590499 0.09375 0.1014027454580721
0 0.5516826923076923 0.11113923288788595 0.11538461538461539 0.12480337902531954
0 0.19471153846153846 0.42574993287445745 0.13221153846153846 0.13338848718446064
0 0.2512019230769231 0.08060158718893683 0.08653846153846154 0.09841022657668196
0 0.3112980769230769 0.6347860394056497 0.10096153846153846 0.11160680280100074
0 0.25961538461538464 0.5716729874223536 0.09615384615384616 0.08957973893135601
0 0.7199519230769231 0.5755960837100667 0.07932692307692307 0.09061001538759957
0 0.7764423076923077 0.6691496611014691 0.07692307692307693 0.09041379114508502
0 0.8762019230769231 0.867196813319674 0.08413461538461539 0.09581015618032122