0 0.16255136443321325 0.400878691174409 0.14549592886777274 0.15878787281904722
0 0.7982828862220841 0.9566749909777366 0.11989027973068016 0.08665001804452697
0 0.17112601175666967 0.5524890921646578 0.11768233202666273 0.12328500038784854
0 0.39102077993425116 0.6841199807919275 0.1427002858142687 0.14900439490572134
0 0.10174502515200527 0.7322062604766955 0.12489387048820122 0.12378928028167188
0 0.24281897695100463 0.63540475115598 0.17954157192127668 0.17075656360560743
0 0.6663550236311081 0.7644966470313227 0.13230130739956864 0.1291012524831874
0 0.3861539412099206 0.47643942843114684 0.14809567347144784 0.1637636584246805
0 0.08819740959241952 0.4879637359143991 0.14289618426409767 0.15381208721341366
0 0.4064906758099951 0.7990590929403549 0.12268592278418403 0.12842887929142294
0 0.5652303078672781 0.2828199364397858 0.13548874735273037 0.14850011501189803
0 0.5361330921892505 0.7158401940530107 0.1472141304472177 0.14212904304006513
0 0.5772310794365947 0.9008858079164942 0.15270746732931129 0.15929215271287042
0 0.6968050692580239 0.956805459271895 0.149422078151235 0.08638908145621006
0 0.29716674904859786 0.41029191585911234 0.12739566586696177 0.1263612197334593
0 0.731595610411416 0.5125800474549299 0.10527130435777411 0.11282914928275836
0 0.9485151976594332 0.39471521597602294 0.10286745820392823 0.11266105598481711
0 0.5622020621818145 0.09084843072797578 0.13401950897901352 0.11244242270420567
0 0.058332960688845 0.6668486744116962 0.06729951202080797 0.12215888728493084
0 0.5764087899378516 0.38067998556437843 0.09536207206764621 0.1049452376294553
0 0.6508667756642986 0.5608673671374993 0.11488668897315893 0.11350152247452282
0 0.9098393015481517 0.9717492894387253 0.13200745972482508 0.05650142112254933
0 0.11927395337709815 0.5153052867540479 0.18385951810439674 0.15907351943225917
0 0.8954774696678587 0.8284583867636827 0.10546720280760323 0.11763684159045067
0 0.4142776391906938 0.9773982881857832 0.12033514138623722 0.04520342362843348
0 0.1823677303873237 0.7989673695828592 0.12219617665961173 0.11640964852219217
0 0.816689267327965 0.8361324617777791 0.11758438280174843 0.12088115423400253
0 0.7658127181629446 0.17579768264452175 0.19975183340119046 0.19613977152759815
0 0.36361943071000985 0.3646018056196653 0.11778028125157715 0.1256888465416947
0 0.7735690590222514 0.45439169654376393 0.11007899666546642 0.11316533587864058
0 0.09206839549383693 0.9065103766218768 0.09889642445145072 0.0740314242253374
0 0.8645396694336674 0.9221748800973824 0.1173884843519193 0.11607346192631021
0 0.07699648528733836 0.3601396565157001 0.10806694741127815 0.12261262719608398
0 0.08052055875811304 0.8289989731560059 0.09815771512115018 0.11472871554278104
0 0.15589480017362417 0.8846065879739796 0.12768951354170516 0.13357275819499775
0 0.7221740256197149 0.8990362216727019 0.114886688973159 0.11350152247452282
0 0.9611109026608969 0.7878281087788397 0.07777819467820607 0.135522864437691
0 0.3011846587873869 0.832444325797359 0.13750079660691866 0.1390528236944545
0 0.9112208696099839 0.538324151997698 0.10507540590794526 0.10802145697506606
0 0.8457660322887818 0.6967428915210025 0.12759156431679075 0.1311689120411516
0 0.19110566212192046 0.7192789899187186 0.13740284738200423 0.13664897754060837
0 0.40863947709737414 0.5870751281657054 0.13431335665375693 0.11965396116574403
0 0.1251836280195024 0.18972695621450003 0.09315412436362898 0.10958483663920643
0 0.31633837186272884 0.204292296477743 0.10365105200324365 0.13189182521558634
0 0.5529233110840427 0.5396365116478066 0.1251877181629446 0.13100081874321035
0 0.9654084516812306 0.6244253469749366 0.06918309663753884 0.09275791356228343
0 0.7940874301245315 0.6344027481439786 0.09766796899657794 0.10270948477355027
0 0.42137287633625253 0.8995751281657054 0.13779464428166194 0.14626436215599298
0 0.8691658323480027 0.3592041068698592 0.08756283825662117 0.09001788081255505
0 0.16883647540150662 0.3198202951354042 0.094872325943074 0.09292600686022454
0 0.8871640559804569 0.44795305127289065 0.0879546351562789 0.09963326542793965