0 0.3214080113719539 0.6640846797844463 0.14110135386573341 0.14504190896402758
0 0.942998883183142 0.7878851607729715 0.09492479385985948 0.10150696000631552
0 0.944754337450419 0.28914302452115376 0.11049132509916203 0.14008037981037236
0 0.9137560789918174 0.1339131404164845 0.0926328328355238 0.11110835945388536
0 0.24926633960481978 0.8679780626591107 0.12656639181314602 0.13534261334175404
0 0.778363392927058 0.789331022931504 0.11194751591342576 0.11843177925794197
0 0.6922402902976904 0.3080932890404776 0.08997724514027922 0.08945975890145519
0 0.3709229292953816 0.47808728396938754 0.09484088001272675 0.09429542154477707
0 0.6139368452234921 0.7054473392124057 0.13606989129902017 0.12578316939762857
0 0.867782054485099 0.9340722507875134 0.11440730463202715 0.12325345673344948
0 0.920328488285241 0.5954585945388534 0.13618177642853077 0.13539855401301318
0 0.8913276503206963 0.4787112266474448 0.155328631812167 0.12829889689399315
0 0.14468252007538115 0.5560926086878124 0.0997045148851742 0.09913108418809895
0 0.049593266782512156 0.8535961398843288 0.08044577437202736 0.0966153566917345
0 0.8347575621847491 0.9854037111895371 0.11337236718405563 0.029192577620925968
0 0.14917106883167308 0.8385515243486428 0.09489682257748193 0.09910311385246938
0 0.6172480739239824 0.576869540317266 0.10948772719482437 0.11361010178243515
0 0.8689411785731417 0.8271150821091743 0.11186360206629303 0.11122024079640351
0 0.12901724728244282 0.7591127199292014 0.1069160533467127 0.09917303969154344
0 0.7109454996204833 0.9838521589172439 0.10618880000489493 0.03229568216551225
0 0.8172945487318176 0.10691142601158496 0.11901919796307626 0.10645450399215581
0 0.666568034936081 0.47740361345676136 0.11194751591342576 0.11843177925794225
0 0.5292953784948237 0.2482550594437481 0.12645450668363567 0.12572722872636943
0 0.40970529543894857 0.4025968853921778 0.10462409232237696 0.10877443913911314
0 0.9520005837168474 0.9417732701225698 0.05654716924545401 0.10849473578281714
0 0.4906537108284588 0.4391230808216658 0.07547025437006943 0.08216430943302801
0 0.39233377442097617 0.4589823812489514 0.11457513232629288 0.13767653365652613
0 0.49054098363363435 0.326149304174804 0.08511361026783167 0.08462409625813327
0 0.5717445088257993 0.7977436831148162 0.143253458478181 0.12342127874722691
0 0.2912315374822356 0.343017381400022 0.11186360206629303 0.11122024079640379
0 0.7124797098246816 0.601460415984412 0.10940381334769164 0.10639856332089656
0 0.9704833774420977 0.14867186136711655 0.05903324511580457 0.10371501381075451
0 0.7784744359912543 0.6955880155154115 0.12159087181118786 0.12089156608304755
0 0.4686168801106243 0.8175750132064723 0.1313181415560831 0.13056289136969157
0 0.8856108913357317 0.4005582563118152 0.12153492924643289 0.11608387377535524
0 0.15917468313908806 0.4588277430478393 0.10722373745286638 0.12561534738385113
0 0.4466317816309748 0.6840426777415849 0.12161884309356562 0.12329541223689369
0 0.7480593641360124 0.2507296327918177 0.09011710155216718 0.10147898967068596
0 0.07856360726873715 0.6578644855274596 0.09243703385888054 0.09428143637696215
0 0.4664096749987354 0.9377463431470578 0.11672723693874058 0.11605590343972566
0 0.8132874062331432 0.5888266391864796 0.13120625642657274 0.12094750675430668
0 0.7668904442295047 0.9394944891239073 0.0851695528325869 0.08943178856582534
0 0.6920033764627948 0.3910189887642626 0.09973248616755206 0.1015349303419451
0 0.7443573795475497 0.4490119775645884 0.09467305231846104 0.07987234462170015
0 0.2857122616045424 0.4884081182042699 0.08027794667776174 0.08219227976865759
0 0.22579707902852897 0.4003250969774228 0.07787410052391558 0.08217829460084267
0 0.12143787182342526 0.2110288042683709 0.08516955283258687 0.08943178856582555