0 0.8214452990761688 0.531889449930482 0.21650762733146295 0.212701155093506
0 0.9451541497118374 0.26844968656987245 0.10969170057632519 0.2112325799192569
0 0.5925532017421394 0.712747091662111 0.26964855036494784 0.2592553771211324
0 0.8839616396475356 0.14565863262342343 0.23207672070492874 0.20603508741097437
0 0.18962895478314915 0.7149675805454678 0.1861213844416316 0.18575533591288446
0 0.40275940874799004 0.16020696366402987 0.19207285004925206 0.16424659840034744
0 0.3645186151239858 0.2679543643880011 0.2029483075185547 0.18604905094773413
0 0.6225798132747872 0.5052820348442173 0.19501302004172716 0.2147273676311167
0 0.347314598543282 0.6749176723297793 0.23235449374422762 0.19616794705143276
0 0.37312462665816987 0.9114867220301612 0.22007895532612742 0.15032703296558453
0 0.7124869586351169 0.9127820005040105 0.20593589459281 0.15488296952911978
0 0.9031264080746971 0.8601254314493916 0.19204914150836208 0.20507002372503919
0 0.13693400772565456 0.38863193369209054 0.24194616981872208 0.23715920953889588
0 0.8252362503331371 0.7002635789264449 0.19629680143653544 0.19553855769104034
0 0.877978614472412 0.9447845379676673 0.17302950599514288 0.08466791957926745
0 0.9405034445885325 0.7788622977084209 0.11886110921571949 0.10293362512410144
0 0.925700392493073 0.6006629876436091 0.14859921501385395 0.31315918206673043
0 0.9718290565121245 0.40989897603055997 0.056341886975750995 0.14797731268678596
0 0.7943396352960279 0.3350468007046008 0.3328248822984564 0.3131889747730685
0 0.5143248780338253 0.5264219518015103 0.19389295528268902 0.19549659840034744
0 0.6126640686544442 0.16977765921990742 0.16154659906454108 0.13489693306587963
0 0.29309365986301583 0.05736271665894244 0.23522578126449323 0.11472543331788489
0 0.12079751400314612 0.173550641858899 0.1583715868136258 0.2453060189800314
0 0.15784375251975058 0.5410663680078571 0.17650599982624698 0.18558749875011302
0 0.0781668092056281 0.5364414092161052 0.10145044521838724 0.13384795079855885
0 0.09010306008174353 0.6794073164339121 0.11412229938023663 0.2277238286706374
0 0.09724347292061168 0.8020034702800659 0.11356226700071755 0.2181084440552528
0 0.28338968747836374 0.816801451050564 0.23051067996990054 0.20574137237612433
0 0.4714497198578828 0.8231440109919078 0.15064743305434847 0.1539179058431848
0 0.5723756955080861 0.8827427366419253 0.18327380546225613 0.2193252634853448
0 0.6076796838653065 0.3527427023017185 0.1612428743338915 0.17091266608287914
0 0.341399817322227 0.5113931949322015 0.2825315382443471 0.23306482517298177
0 0.318564400435919 0.38786785339862795 0.25002146539042924 0.2108847390093595
0 0.5169895181374625 0.08195881556076558 0.25994057473646354 0.16391763112153115
0 0.7064107039287529 0.5399131112683533 0.14749612934432305 0.2235035664326446