0 0.47368231345876854 0.8724435836865314 0.15424916055225588 0.13724818790746368
0 0.9215328844611596 0.24915305219625725 0.11414824896538314 0.1142704660039349
0 0.6243960108731499 0.8681166809893684 0.12117763485744003 0.11211845232238514
0 0.7134072052500758 0.6506563777625339 0.14463377593687127 0.13691241127773532
0 0.8181982058955571 0.9405945216326553 0.11950239898152021 0.11881095673468942
0 0.6933595882731927 0.7974016421774552 0.16401083498653646 0.17115386653360595
0 0.7382238129675123 0.377010932138359 0.1246743964281757 0.126625473402894
0 0.5060209706508282 0.650606746606197 0.15923900542942976 0.139819922376174
0 0.577795659135649 0.9391293029417044 0.14980577338352674 0.12174139411659123
0 0.8263148295713971 0.6378168021636349 0.12394578615024934 0.1170100887875094
0 0.27628660294777857 0.466369080129617 0.14408731822842652 0.12970087281619685
0 0.7168100517195174 0.5057273503994342 0.13778654261429596 0.14146827111313123
0 0.8926178439303876 0.4687119593588938 0.15479561826070062 0.14445972636900214
0 0.9420731650206088 0.3498780253913416 0.11585366995878242 0.14412394973927378
0 0.45747215418318493 0.7376183386775667 0.12190624513536637 0.12173383693776976
0 0.47387246154560675 0.3054449631356937 0.10824764124080147 0.0996795007659938
0 0.3121371142693135 0.08522211084182171 0.10806548867131988 0.09727565461214761
0 0.08443429206379019 0.4656631629196654 0.10802962592073423 0.12844171045471542
0 0.764148949592881 0.975022936473343 0.11844534631521651 0.04995412705331394
0 0.3715296862542168 0.4577076156576696 0.10271133865518295 0.08989622783574501
0 0.5375758040308065 0.3867865459909868 0.11138009767257383 0.10937882953881037
0 0.9360890272906561 0.13593571769903395 0.12782194541868763 0.12704519419005442
0 0.5982642141939268 0.9148886146125838 0.1525380619257504 0.17022277077483247
0 0.7580878579666372 0.1487447588862486 0.11323748611797523 0.1022512352347041
0 0.9910450486820619 0.6336310829084619 0.017909902635876253 0.11980312131683163
0 0.8696973262254912 0.8622978802030802 0.11192655538101857 0.11659036800034883
0 0.7808347395517116 0.22745736798827318 0.1165520951192293 0.11435441016136699
0 0.12904747750401013 0.26343484377854454 0.1895065170808505 0.19122407733869612
0 0.39846749634564393 0.6708257489814986 0.12358148101128631 0.1122023964798171
0 0.4070739447874969 0.2623550583483588 0.10861194637976464 0.10448719307368605
0 0.9803126904034016 0.9537145748208294 0.039374619193196736 0.09257085035834113
0 0.8577205343159263 0.18219257418532503 0.1115622502420554 0.11178267569265664
0 0.4501006527522876 0.9527606292026923 0.11804517842566767 0.09447874159461542
0 0.9211634226213931 0.9586252825559066 0.11378394382641997 0.08274943488818674
0 0.9795507957252915 0.27193618091204796 0.04089840854941711 0.09808456177478415
0 0.9479966720494516 0.890644198643452 0.1040066559010969 0.12198566941006561
0 0.8636598436076468 0.32385160894738385 0.11138009767257383 0.10937882953881041
0 0.7034355110130845 0.0761104421204293 0.13323272837725633 0.08137211726697748
0 0.8799115432669224 0.7439790488471523 0.13483623875200507 0.13417278849416084
0 0.46381678806525783 0.1252824178333803 0.10343994893310916 0.09951161245112959
0 0.6357111388488274 0.19481845985183333 0.12671393744305867 0.12190172525263374
0 0.7874200992862773 0.8522322403888509 0.13225024002867733 0.13168499818288273
0 0.6123725218790893 0.6303457721521794 0.11524116438227267 0.12869354292701182
0 0.2699570616244453 0.9048878476858337 0.10493303223954745 0.08757632583933081
0 0.24706247081219854 0.7134882739040521 0.12951795148645368 0.09562730587519014
0 0.5354286747641664 0.4850084616689508 0.12653178487357708 0.11949787909878765
0 0.5381345154814376 0.06194680579786989 0.09069210788595218 0.08947650704858455
0 0.5832281107620373 0.24573038753679466 0.10048964507081838 0.09221612983215909
0 0.9236885301774591 0.6256335126183505 0.14186562464406194 0.1320207748126108
0 0.2929077644468208 0.16366762026570789 0.08533795786981505 0.08209708027218193
0 0.39158723908903614 0.8647817900261483 0.09087426045543363 0.0918803532024306
0 0.37798900542942976 0.14745884070249377 0.09513549505468132 0.08483670305575641