0 0.6922021810794262 0.2799523451948144 0.08061778774537433 0.08560609883739258
0 0.0980437481736567 0.5942655349602876 0.12601427626077627 0.13481121212573355
0 0.47470032099026327 0.03381399742793983 0.11276347521744635 0.06762799485587966
0 0.8767781192347537 0.0960587095238323 0.10806774384376293 0.10939918088966927
0 0.6156315565951143 0.03604639532718927 0.09330878411865921 0.07209279065437854
0 0.9220560189614516 0.15223037851969276 0.08302163389922047 0.08580232307990719
0 0.6058117773778927 0.5923294570856391 0.1117031602717083 0.13603771282449165
0 0.7869235544336362 0.3799821160535325 0.12075874021704781 0.12480337902531957
0 0.7390541617369453 0.19949723190647342 0.09308486225064118 0.09620260466535045
0 0.7922908732624212 0.8046044538148208 0.09834039829436957 0.10621043776576454
0 0.06263462397858534 0.9431910981311742 0.08028190494334726 0.07839456037585425
0 0.0210482992957896 0.8932988032618661 0.0420965985915792 0.09801777809165256
0 0.8800546335181912 0.029350391825938342 0.11801901126117488 0.058700783651876684
0 0.9318030699259784 0.2771568440202705 0.1086275485138083 0.12141841165890004
0 0.11339896576962924 0.014864680651776378 0.13377899153766462 0.029729361303552755
0 0.6750064140759525 0.36636811699018357 0.09068101609679502 0.09600638042283577
0 0.7078632779823452 0.5863937729326117 0.08302163389922047 0.08580232307990712
0 0.1993776226380457 0.022272641721912408 0.08201398549313936 0.044545283443824815
0 0.9653515830005108 0.173840614648556 0.050039553349428445 0.09747826060777873
0 0.03409837596253461 0.04147863496476368 0.04718786345954617 0.08295726992952736
0 0.5645942966216476 0.009812501505272327 0.08452979258099447 0.019625003010544654
0 0.796163645416727 0.1301783402960472 0.09800451549234222 0.09899889930422595
0 0.43184893046198797 0.9082629845974801 0.11745920659112964 0.10537638555203553
0 0.1406773102417524 0.9128734608322431 0.1157271260413376 0.11960323823259791
0 0.17721598555895662 0.38545003192736205 0.039192598459944605 0.07025105594541231
0 0.9444841245172206 0.41621205008015316 0.0677028695040714 0.06539420839404997
0 0.7274070888216128 0.06394968295610265 0.10314809060206187 0.10660288625079375
0 0.34544580549792087 0.11548391770237011 0.09286094038262313 0.09139491235765813
0 0.6808972625229115 0.9082883556836466 0.09436909906439712 0.07236036736940357
0 0.4517054266118495 0.7390126326156758 0.08084170961339236 0.09041379114508502
0 0.0691316720784556 0.7522815531429194 0.08324555576723848 0.09061001538759957
0 0.17467366705232076 0.799941846845144 0.09252505758059605 0.08418337389611981
0 0.7701194725502416 0.8950184433259885 0.0682626741741165 0.07741343916328074
0 0.02155709438985154 0.7096989088564072 0.04311418877970308 0.08300602844103175
0 0.5391233622835497 0.09608209694916996 0.08268575109719342 0.07859078461836873