0 0.6951287052510331 0.4004612577617557 0.1959406759902976 0.17416896954710054
0 0.684199089345365 0.7461108240217785 0.208589807952834 0.187028666806037
0 0.6990885215532009 0.03198226978227976 0.145092187662829 0.06396453956455952
0 0.1640012350836777 0.13822171381259377 0.17721382771417288 0.1824396077789561
0 0.15296263177190023 0.2803007768364285 0.19682253766092558 0.1909958926240236
0 0.8275173320476537 0.6163371983468264 0.19201484535323324 0.1906597060281414
0 0.043900026963732075 0.6256053598591641 0.08780005392746415 0.16895807731092533
0 0.850467839126178 0.02822544056993948 0.1644489371322594 0.05645088113987896
0 0.7928198683170236 0.4786538310607961 0.1624128100751124 0.17421950952977083
0 0.8055558840434757 0.852586494615514 0.20215459416183115 0.10993749658501883
0 0.09124074644482658 0.9324742343781363 0.15748935914804324 0.1259744931549065
0 0.21571804265523908 0.5681069754225726 0.3290034112646115 0.33675597488619313
0 0.41248781181611827 0.4238179895006079 0.1869551925682186 0.18551582712456685
0 0.4709002252728984 0.2460932307389685 0.17746578819149514 0.18724730008664842
0 0.33456545419941075 0.7681645527183668 0.2050419180317533 0.21073094174861604
0 0.6487406333731259 0.6000980418462573 0.1806255157773083 0.20183847030766644
0 0.8782807266135978 0.7445144976577777 0.16709452214414383 0.1721518499718069
0 0.8046041314414839 0.27664670748874864 0.19226680583055555 0.19546739833583363
0 0.5529101694328258 0.09846596895019658 0.23071812267280997 0.19693193790039315
0 0.35237287513502163 0.07395233586350938 0.17418008036702087 0.14790467172701877
0 0.05232792592992435 0.1920473156858155 0.1046558518598487 0.17359767632067666