0 0.12139423076923077 0.2659805882171603 0.18269230769230768 0.198412877138531
0 0.7307692307692307 0.10351344245231259 0.23557692307692307 0.20702688490462517
0 0.2956730769230769 0.48863265127073774 0.20673076923076922 0.2500132557093903
0 0.421875 0.050246905580708434 0.20432692307692307 0.10049381116141687
0 0.5949519230769231 0.570847361140462 0.18028846153846154 0.2199355315891374
0 0.5048076923076923 0.25653628078118457 0.16826923076923078 0.15206803461139998
0 0.6225961538461539 0.3700405796301276 0.19230769230769232 0.19164918241302864
0 0.47115384615384615 0.8867095030880799 0.19230769230769232 0.1916491824130285
0 0.13341346153846154 0.4841707835471153 0.19230769230769232 0.24934149010533618
0 0.6117788461538461 0.741938634602399 0.22596153846153846 0.15956278933530862
0 0.4891826923076923 0.13586979608301236 0.16346153846153846 0.16386334351261278
0 0.3425480769230769 0.3049590284421774 0.16826923076923078 0.14245264999601537
0 0.26322115384615385 0.8350960469567824 0.2980769230769231 0.2638831558171174
0 0.056490384615384616 0.806263148820019 0.07451923076923077 0.19097078895427935
0 0.43509615384615385 0.5398312247905228 0.20432692307692307 0.20903591015999667
0 0.1045673076923077 0.9758989301398387 0.13221153846153846 0.044619389832034034
0 0.8341346153846154 0.6198034020527192 0.21875 0.23374613730251234
0 0.31009615384615385 0.1538262702820683 0.22355769230769232 0.24118159763206884
0 0.10216346153846154 0.10942435261230932 0.20432692307692307 0.15615129477538137
0 0.9375 0.4611429280441779 0.125 0.2606296608761608
0 0.9002403846153846 0.20927255329054834 0.17548076923076922 0.21730776356727327
0 0.8533653846153846 0.8580904068883394 0.2932692307692308 0.18433231087217633
0 0.125 0.7297549545084545 0.1346153846153846 0.1360775046121969
0 0.6237980769230769 0.8603692145477384 0.17307692307692307 0.1450804180178797
0 0.5913461538461539 0.09385184100301397 0.11298076923076923 0.13506985620611586
0 0.7596153846153846 0.43096649869930626 0.1658653846153846 0.1880137659850834
0 0.7692307692307693 0.27547057804019326 0.11538461538461539 0.12556643252474026