0 0.20686557325077304 0.6094177568585939 0.23082685746461407 0.21286705248086718
0 0.6727205455246907 0.8609429415055561 0.2985541190079705 0.24931632948737376
0 0.5580229106889547 0.5946326682826311 0.3405942974832146 0.3505156158017637
0 0.754819151752939 0.31330655121479906 0.29640201439552283 0.27093695970417436
0 0.5884667958918883 0.04429175073000976 0.16441256206237712 0.0826817606421754
0 0.35478434142881626 0.8098110606162494 0.28916250465160676 0.26849115804688384
0 0.14787175886259257 0.8242333361841768 0.23124642670027815 0.24892474478855975
0 0.23374227788524765 0.46893960112064914 0.18716602874209676 0.17896147330635473
0 0.045141622557902376 0.15050610280386575 0.09028324511580475 0.11831989791542383
0 0.421508847133149 0.3438215285493728 0.24058209849188666 0.2249422239213571
0 0.4897264481834276 0.1627157360488951 0.2358862913137048 0.2345296382011122
0 0.15215304919699457 0.24970012024713129 0.17987057643342552 0.17170797934137186
0 0.8165490994222407 0.48314831200804503 0.20186881848894972 0.203083845851705
0 0.3232465374210497 0.11126299765499753 0.23552266464279592 0.2032796382011122
0 0.0919178810042667 0.436843498467854 0.1838357620085334 0.2438793046280157
0 0.7489782061279032 0.19547613417289314 0.20896847182097772 0.1935104167397648
0 0.790054217426434 0.07431265867260652 0.25643002668559345 0.14090550471144533
0 0.8138786840204932 0.6093432425010608 0.2647044738774812 0.23229361406104354
0 0.272009701500771 0.27924553248402495 0.12897023796699217 0.13535659850956883
0 0.9434337927214731 0.735105434146967 0.09808386463790096 0.1664247913279766
0 0.9084373250135018 0.8502942571821753 0.16539155694559327 0.1668163760267909
0 0.3747266942295863 0.9540829839953135 0.11407164924349598 0.0918340320093728
0 0.49740676192287303 0.9472000969774228 0.13347024616853082 0.10559980604515437