0 0.9538458815770797 0.3559815969016771 0.09230823684584057 0.11007899666546656
0 0.5022299743731726 0.2024720765731362 0.12247070659056739 0.11527848587281658
0 0.8138878114121041 0.703129197252291 0.12068304228071697 0.12479592126328662
0 0.17827113130022618 0.7133627926297054 0.1337805912769405 0.1421125904647821
0 0.410480722960503 0.3315369694070859 0.10727740236249571 0.10267155975409913
0 0.6070172958230421 0.7657862928938436 0.11495107720703092 0.11017694589038084
0 0.025777701323224843 0.10137986773914595 0.04539358420649146 0.10974026452170811
0 0.620229677783458 0.42662564451719953 0.10277780097680121 0.10728335361196255
0 0.9778511388959885 0.5955336438745197 0.044297722208023006 0.10429181210862956
0 0.6490739892239558 0.5194451268805123 0.1026237555158022 0.10487950745811639
0 0.23111469178237903 0.44730111126103245 0.10712335690149671 0.10026771360025294
0 0.9302631080018186 0.4694255798790689 0.10712335690149671 0.10026771360025294
0 0.9797748647528193 0.848182363090652 0.040450270494361555 0.11439694284858658
0 0.41978248943692126 0.6083220993865941 0.08968025198057775 0.08996668441046733
0 0.7239838608626522 0.24043369710592138 0.11223914013118676 0.10527130435777418
0 0.9655148252477506 0.7201642892093694 0.06897034950449885 0.11007899666546642
0 0.7147711336712408 0.9240789646694239 0.10379523798165681 0.08574668745226159
0 0.9681748730584666 0.5165005684723399 0.0636502538830667 0.10007181515042408
0 0.18943618255388092 0.2670350919570785 0.09300837090041768 0.10448771055845861
0 0.11553313362864598 0.279686902544811 0.11060552128233551 0.11719258590209045
0 0.09763666421046809 0.6021675516819036 0.1029318464378002 0.10968719976580871
0 0.822329871155978 0.816060991870603 0.10743144782349472 0.10507540590794526
0 0.43791695652667934 0.7220640201821713 0.1254907345884093 0.12499181971311547
0 0.7982415828293161 0.2145117580595778 0.10006586390095698 0.10237771207935581
0 0.3079713602663504 0.6875918675641756 0.1352601646647929 0.12778746276661934
0 0.6180693565181604 0.5809615444879256 0.08441042328988857 0.08255924749909987
0 0.7083085939319091 0.4471379339587409 0.1023156645938044 0.10007181515042408
0 0.5757354529488601 0.0384554568007996 0.08712236036573259 0.0769109136015992
0 0.8589788319135659 0.522942775082186 0.13572230104778965 0.13499900122815808
0 0.8778964231479116 0.009741964844394232 0.11636976937274622 0.019483929688788464
0 0.6736123973791072 0.1689774246869882 0.11254723105318476 0.11007899666546649
0 0.5321812022460755 0.42539309891888455 0.10743144782349472 0.10507540590794526
0 0.30960866392651404 0.4874849414454582 0.10758549328449359 0.1074792520617914
0 0.09714592962205877 0.4816813963148527 0.08983429744157675 0.09237053056431349
0 0.9280492751370084 0.2092224999141976 0.1146429862850329 0.10536925358268867
0 0.9577883399352594 0.5791209599317619 0.08442332012948128 0.08265719672401431
0 0.13448809495414202 0.19938048721874344 0.10200757367180646 0.09526412284273178
0 0.7785357803759572 0.8660479248333577 0.08983429744157662 0.09237053056431349
0 0.8475684133657067 0.9090273980712874 0.09837136382996849 0.07593540438704813
0 0.3936717837975983 0.20087017630967097 0.10743144782349458 0.10507540590794527
0 0.5473403810517664 0.6055346366199744 0.10712335690149671 0.10026771360025294
0 0.6414127710764705 0.6631596176087596 0.1053356925916463 0.10978514899072313
0 0.7733378873413417 0.3336225341343844 0.10052800028395399 0.10958925054089427
0 0.09224138826419243 0.7060226824218605 0.07624232904563175 0.14216565522068145
0 0.16429957646875215 0.47653497186340193 0.08518065059488339 0.09457847826833064
0 0.9482633559502524 0.7988014775684492 0.10347328809949538 0.1026715597540991
0 0.5636908686429863 0.5410001451312786 0.09162196175142703 0.0828530951738433
0 0.8653468051509224 0.32143802743671657 0.1373559198966413 0.12307771968384174
0 0.5509710636766358 0.9066520758126876 0.0692171190618169 0.0699523213803824
0 0.47454793337024886 0.5602982410655704 0.09750797228611209 0.09987591670059523
0 0.6251660620155064 0.9361655221421773 0.10379523798165681 0.08574668745226159
0 0.25852048473748684 0.8185484181928916 0.154953070278559 0.13578259502747378
0 0.4070040857966325 0.038204448523350226 0.07991082190419427 0.07640889704670045
0 0.25246288497032715 0.12226969213272196 0.11643065059488346 0.09585181819221848
0 0.502982217764149 0.3458437450141829 0.09960372751796023 0.09516617361781735
0 0.24888939875628263 0.04770148675103395 0.08410233236789069 0.07775155519140757
0 0.2126057253315175 0.5721766296581683 0.10262375551580227 0.10487950745811639