0 0.3463345793150511 0.060953933635449535 0.14445162336738968 0.12190786727089907
0 0.058854819497953584 0.3875658139707594 0.11770963899590717 0.12686549962728264
0 0.2748109300843301 0.5701916682969066 0.16364652984757322 0.17164757007798356
0 0.6260579511422774 0.8732119902460427 0.13651147462792487 0.12910125248318766
0 0.6090559725372557 0.48225904032512545 0.13002854644431275 0.1382123572047488
0 0.7131787331397692 0.8910309997606825 0.11636994254974772 0.11573727533042771
0 0.869492463123584 0.37438096662310544 0.14481592850635286 0.14402860930008793
0 0.3135334436579046 0.23272869361976875 0.12689609001254026 0.12842887929142308
0 0.5941473290729957 0.14256854946704775 0.13964393105969736 0.13888473039651336
0 0.763855849022786 0.09603029602936995 0.12394578615024934 0.1210492475319435
0 0.8148637251784306 0.14865453479210855 0.14277638749146987 0.14866820830983912
0 0.6875509553093253 0.15636155650606537 0.12707824258202186 0.13083272544526925
0 0.4950016386731665 0.4412167657703947 0.11378394382642011 0.11316533587864058
0 0.8944832278931455 0.07613595024824117 0.14059055665769085 0.11982205446368527
0 0.7353890928743352 0.2665940563121411 0.12911778359690482 0.1261931264355181
0 0.5214510434068572 0.04946453273459728 0.1110157925336108 0.09892906546919455
0 0.2463569486103685 0.04160533110618954 0.13709379508695532 0.08321066221237908
0 0.4451225406849971 0.40525135678663804 0.10584379508695531 0.10304567136943249
0 0.551120621108205 0.8366077147368216 0.12984639387483116 0.13580851105090266
0 0.5694090229658104 0.5794802229242537 0.1136017912569384 0.11076148972479444
0 0.10685930736956702 0.13599419763165382 0.11006916693561722 0.12725222620583518
0 0.7747915793007607 0.5985939988061921 0.12707824258202186 0.13083272544526922
0 0.3753737200645964 0.4579508455569422 0.11564133227182151 0.1061218907150431
0 0.14511650366150125 0.3568876671636232 0.13651147462792496 0.12910125248318766
0 0.9020368818935244 0.29200309419190684 0.10639025279539993 0.11025720983097095
0 0.3561623016173966 0.39592985545943044 0.09586410533260753 0.09756560586997573
0 0.6243388569984153 0.2647950100510191 0.11877378870359394 0.11590536862836896
0 0.1831821324583207 0.09120389050598779 0.13982608362917895 0.14128857655035956
0 0.5455376214380908 0.4054029767346491 0.11822733099514925 0.10869383016683051
0 0.20195610085710938 0.17477544933914435 0.15647085413662046 0.14006138348210131
0 0.4851696581459912 0.3343043885818763 0.10307564379414612 0.09806988576379908
0 0.5163479326448198 0.26995536230452377 0.12172409256588478 0.12328500038784854
0 0.8158957494280585 0.48214204697629454 0.1571994644145468 0.14967676809748595
0 0.7290783814022682 0.8074259342612256 0.10566164251747359 0.10064182521558634
0 0.3860669275381308 0.26950106242693084 0.11877378870359401 0.11590536862836896
0 0.13023662590644378 0.44281253216795563 0.13356117076563404 0.12172162072370796
0 0.7074758914757117 0.045522856891165746 0.12081332971847686 0.09104571378233149
0 0.3736059884956591 0.528612167148492 0.10048964507081824 0.0954979463120118
0 0.7430474963099178 0.7335203000261239 0.11083363996412907 0.10578570411916087
0 0.5096219607244646 0.6111586928440718 0.1215419399964032 0.12088115423400239
0 0.950661682087169 0.20252299993947545 0.07026083498653654 0.16989962376597176
0 0.19502063006634648 0.02251738518202628 0.10515104755961471 0.04503477036405256
0 0.6279016664372157 0.6279944125623997 0.1211776348574401 0.11607346192630995
0 0.3963901522395957 0.40148573093289275 0.15370270284381113 0.1350855978764679
0 0.593621641556397 0.030620490082380634 0.13487210150259074 0.06124098016476127
0 0.9168256833638412 0.20728015226449747 0.1244922438586941 0.12826078599348195
0 0.5718430542371359 0.9260207956566524 0.117352430898327 0.065592692695541
0 0.8066984640775157 0.524629587913455 0.15862082221981366 0.19998944403031407
0 0.432555432799045 0.4922100515699524 0.10325779636362757 0.10047373191764522
0 0.287253937751509 0.29553961022431585 0.11655209511922944 0.11814112148427401
0 0.21643155249778825 0.2992964394366562 0.12984639387483116 0.13580851105090266
0 0.38584465399323375 0.47754307137492885 0.11505901181279107 0.12999225895556366
0 0.3198908522144669 0.13305312488412396 0.13891532078177107 0.12926934578112875
0 0.9284419074269699 0.33797885104456576 0.09065624513536637 0.12350363366845998
0 0.6505603105541026 0.3920813028895945 0.10693671050384476 0.11746874829250942