0 0.3274875687609517 0.10395889072259644 0.272909477862712 0.19829435731741477
0 0.7953813193183825 0.7892049693099366 0.29837026761028057 0.3044552390685901
0 0.1467335209702043 0.2382355596791668 0.28620396784220525 0.27298143850747886
0 0.5281847400835192 0.27119806859193424 0.19402415851448834 0.1724654912900643
0 0.7235093305283538 0.2239634124363254 0.22983647133599605 0.19969110094626089
0 0.11489623680524061 0.6577626636655984 0.2015789902173861 0.206231237724466
0 0.40764933751593513 0.36111648892195547 0.24926346480927983 0.20254254822232923
0 0.15720951908198177 0.862258442102404 0.18259360047280165 0.17939727905021385
0 0.44679944612102107 0.8846534090760154 0.2638827659748714 0.20528209521784208
0 0.630545020962744 0.44819049654925275 0.19701667739587844 0.17973297989188042
0 0.566647468741555 0.6261300571350966 0.24425954825907284 0.2000268017879276
0 0.04152838530668249 0.523005393821421 0.08305677061336499 0.1950492491813035
0 0.018103570849765823 0.770293821896047 0.036207141699531646 0.1896261053305556
0 0.5378730641000774 0.07875050093354748 0.16885750676460903 0.12869270925833345
0 0.07790439650173317 0.048777304769444516 0.14226813007345676 0.09688320785555568
0 0.25122868272567 0.6693652831998934 0.14153199161490243 0.1760422805116454
0 0.6889718801849429 0.056979025015385196 0.22483295151795482 0.07961069353450874
0 0.04594422422759416 0.8647991487897971 0.09188844845518832 0.15267522065651726
0 0.26013210977216955 0.4865331001568913 0.14658506340877947 0.14976782324017096
0 0.9501081018628578 0.07389489799797087 0.0974291053641084 0.0766453360997864
0 0.3507916771356049 0.5560787980756948 0.1348112121257335 0.12310171498675232
0 0.41844325778290514 0.7009539988587077 0.2681509407986899 0.16939225333098307
0 0.859988448715462 0.08624781973076996 0.11239169977105945 0.11298277910886761
0 0.1349113079078198 0.47157648702307703 0.15178520420150113 0.15468741582841888
0 0.7456844552272576 0.48338397649978704 0.18676346480927983 0.20108784457510692