0 0.40263234874632103 0.2440476748493425 0.2686757401797038 0.22773202484523322
0 0.2039763264115411 0.703105954204747 0.10663064920129053 0.11169873153522457
0 0.36599420293811835 0.7593368982196143 0.1086565546391532 0.10457113723111834
0 0.8798708120257884 0.8796322977634063 0.10612672824664589 0.10208334691983968
0 0.36500680426739746 0.8700817096114015 0.0986632293077851 0.09702382213985153
0 0.7290753983593383 0.6552160671367404 0.09398151723875395 0.0992597799788333
0 0.8773205423947127 0.7904381575988022 0.09904117002376858 0.10423536060138999
0 0.9224964695764127 0.5487829421856739 0.10663064920129053 0.11169873153522457
0 0.7922461860297807 0.8284074687827799 0.10928645583245902 0.11659036800034911
0 0.5994499051963701 0.8999428524243611 0.07374290609869541 0.07935745748860731
0 0.2527392399890674 0.09431856330677166 0.20605998156032673 0.177556497832508
0 0.1962489849724483 0.9424565348273035 0.10106707546163125 0.09710776629728347
0 0.03130110809642088 0.5099244563722392 0.06260221619284176 0.10638737428293975
0 0.04589954815157156 0.6635340449519388 0.09179909630314312 0.10465508138855029
0 0.8432257654055526 0.7976764009332146 0.14344422294094983 0.12738097081978267
0 0.7003228994903676 0.7902778774121594 0.08588811710658735 0.08218102442961403
0 0.9845214234772295 0.12348532847561101 0.02642186445373932 0.09210165126304262
0 0.3342862792702525 0.9687214058324206 0.08778804230578899 0.06255718833515872
0 0.8628174825197535 0.9814561021839292 0.09968129283635872 0.03708779563214156
0 0.8434419502153803 0.6327191348437409 0.08361025119140236 0.08450092642602804
0 0.9667173233488697 0.2793995518458827 0.049432040844343175 0.16488858913788393
0 0.6691137859675043 0.9623264336111397 0.11296032599220086 0.07534713277772062
0 0.05984170276339325 0.900244214154195 0.1196834055267865 0.12679336171775793
0 0.4970889120842582 0.5784799243237807 0.09385553700009279 0.09685593382498722
0 0.45759908847486214 0.5048535448746185 0.10031119402966428 0.08268468937420656
0 0.6344384258790682 0.6458906575335577 0.09550350172197196 0.08251680105934238
0 0.7438508619501882 0.5341156409185219 0.10853057440049205 0.1021672910772719
0 0.7769752331011793 0.4305136910366833 0.1057487875306624 0.0948718084583015
0 0.8748298124769511 0.40141953425704363 0.10081511498430892 0.09230007398959117
0 0.9027413361524305 0.46621273138058383 0.08854392373775583 0.08707266089473843
0 0.15458683244796004 0.7724244767519989 0.09448543819339861 0.10887516459421785
0 0.24083078662833704 0.8729701239651875 0.10587476776932356 0.09727565461214766
0 0.33799924590474006 0.604231582011979 0.09335161604544814 0.0872405492096026
0 0.7832913674655545 0.953323524625348 0.07842461816772656 0.0771214996496256
0 0.6458481986935615 0.7498436512509669 0.07602077201388041 0.07703755549219338