0 0.803282296000855 0.3037713549352193 0.2405584954397437 0.3240923359113847
0 0.5550757153068915 0.5431216830101314 0.33699209229497906 0.3389093578573959
0 0.0983769409024579 0.7644837729663696 0.15865987578814128 0.31450267494958306
0 0.821401096999413 0.6171585265047546 0.2832682248061967 0.3013128804024744
0 0.9361932112158656 0.8011263151440693 0.1276135775682687 0.2325620713805552
0 0.883135720715171 0.07998012719048357 0.20377144143034195 0.15996025438096714
0 0.34345734831421004 0.7525417131578872 0.3127298301954063 0.3285945254478161
0 0.11022028173846182 0.343181193028517 0.18990786591004288 0.21211651724607145
0 0.5305266679325856 0.16016286253789666 0.19913159954348322 0.19556937328682641
0 0.37704218012013896 0.08108739311180325 0.16972594429455143 0.1621747862236065
0 0.46691168488322676 0.3207751625154891 0.21651802402318396 0.22009744828122446
0 0.5946333061990926 0.8474658900264296 0.20142354541677376 0.19083162575855375
0 0.21621733282500047 0.5565896661390515 0.15748291296420958 0.16072646588284856
0 0.07419357931805598 0.5005852818889389 0.12824510813611123 0.1430602054528914
0 0.039832316898344065 0.05777511429851862 0.0786575312716881 0.07675746371065507
0 0.27320825388573755 0.4214275851151022 0.1454636821949788 0.16037674198575103
0 0.09455139086677432 0.9618439643097224 0.10264004266987184 0.07505306535100413
0 0.884661448588409 0.9063802088037807 0.17565062952970087 0.11561294719512788
0 0.4415994343260158 0.9385157898374494 0.21142857113600427 0.10464288811718948