0 0.22193441605303657 0.3273470149258392 0.2452417277420982 0.3218123160416415
0 0.49950227688182197 0.5359709381425423 0.33949600763592164 0.33393708381096504
0 0.9500141540552092 0.7025735509537164 0.09997169188958156 0.31259531538080854
0 0.24387059143435413 0.6410489380027623 0.2866619322339765 0.29763765264523445
0 0.1346378547745202 0.8385796994052505 0.16707498440083285 0.23149444734334532
0 0.11008911653302984 0.09596487579585443 0.20575515614298276 0.19192975159170886
0 0.7355576498947933 0.7202312276048469 0.31495326620363673 0.32546574296281494
0 0.9095948326424526 0.28619402376440317 0.18081033471509483 0.2088417684301563
0 0.4750952420140578 0.15243149636541964 0.200275090643526 0.19251876630787793
0 0.6164601885048626 0.06844240945683824 0.17231994326974814 0.1368848189136765
0 0.5580526443466453 0.3037001661286619 0.21878294669986034 0.21743908951696758
0 0.49929955698470074 0.8435951449058774 0.20234275020148978 0.18783705423884675
0 0.8366543349544127 0.5098572530721882 0.15962833930875264 0.15925308248929942
0 0.9521241169208784 0.43644462999907196 0.09575176615824323 0.14116635702576483
0 0.9512589404062776 0.01531522501237196 0.08917741432284934 0.03063045002474392
0 0.763791327139698 0.38218611401209357 0.1476091085395219 0.1586231812959936
0 0.9791371578731701 0.9084854486331883 0.041725684253659794 0.08929980516972282
0 0.21862085021112462 0.935509870229632 0.17790108873454555 0.11230998156032666
0 0.6614328224126402 0.9195410447775175 0.21121874829250942 0.10926601259389065