0 0.7097769837601846 0.3272821027678025 0.18028628144729317 0.19325868371909843
0 0.7044604089757118 0.15666496651598474 0.1500584065831905 0.14983561610390497
0 0.4717983946205838 0.1336877750211489 0.18404242731837578 0.18126742328549733
0 0.5746777777863948 0.5955898509227951 0.17556903313290562 0.16680239085897597
0 0.38171191640719304 0.33978921170025234 0.14858624157193703 0.13300869302698193
0 0.45639187428475647 0.740260351584581 0.19951705067806239 0.19337056506161687
0 0.6170436586681609 0.764019911121896 0.18885011962606796 0.18129539362112668
0 0.8659806717179479 0.4375101980045051 0.17409686812165204 0.1499754677820529
0 0.839255591532122 0.20069638893112193 0.19449904908304808 0.19093874857214108
0 0.10104653222692221 0.4546835448562004 0.13605594823475753 0.15455939740470848
0 0.14703289298981356 0.6507648284084394 0.1994266066847574 0.21979888758610971
0 0.8531000429211522 0.8807191322811024 0.17839349786139552 0.17162406833448293
0 0.7393118180241444 0.5412873437152768 0.21006411643603956 0.17661356782376758
0 0.5749196884655975 0.4610443921464845 0.17316518697905947 0.16678840569116118
0 0.46103774943853193 0.43635562030463493 0.11952977843846131 0.1304370248593581
0 0.3690900890311244 0.48387313666896614 0.11712593228461515 0.13042303969154345
0 0.27137363387271984 0.4929151294039441 0.10718037308789154 0.09913108418809895
0 0.24079869368575388 0.5828355974881382 0.17839349786139566 0.1716240683344832
0 0.4367121552242154 0.5839753886650441 0.16186732806509951 0.14750169578913266
0 0.7612902285948705 0.6963843687257055 0.15934361661723637 0.1186555419429791
0 0.8868012911628192 0.6754909672352744 0.2147519434497149 0.14780936948105824
0 0.9490795413618939 0.7961587706332851 0.10184091727621226 0.1739300183136257
0 0.9082729993479336 0.9648801152910484 0.1834540013041329 0.0702397694179032
0 0.43990874639394417 0.895133613909973 0.23984195142478598 0.15996845192843714
0 0.3093954829269215 0.8451205464458501 0.13145856521438717 0.15693527322292494
0 0.1814952848554826 0.8936302083698824 0.17514841455826177 0.16199469855128365
0 0.33671607938831866 0.23741597264456882 0.15811118219401676 0.15949295622273402
0 0.3152487313855412 0.06069831741733952 0.17376669354031316 0.1187394529498677
0 0.6570007931559828 0.03986165795331696 0.17614111839344723 0.06349294691485055
0 0.5797012296093302 0.11749717707979908 0.1508996437324783 0.15945100071928958
0 0.10518134481274896 0.17239944379305486 0.13665745479601116 0.10651044466341499
0 0.12466655528190833 0.2578059080936673 0.14314762140227894 0.12576918422981379
0 0.07666427550234986 0.29957253467795686 0.09005269673034165 0.1230576643840422
0 0.2153954018708682 0.3748609496770015 0.25501582150384583 0.19609607007520327
0 0.17926524635697977 0.1403950460862053 0.10844222881182318 0.11355416111117587
0 0.2681023994056265 0.13971057421842967 0.1353051550787747 0.11851569026483097
0 0.7025736156754968 0.9294299764281504 0.1929070187777775 0.14114004714369918
0 0.7413369974632464 0.8115941695126359 0.14537057956951516 0.1786398144466144
0 0.9582617768434469 0.36488515611902983 0.08347644631310604 0.20974996276846639
0 0.9617634814761395 0.16423392811194995 0.07647303704772093 0.19759088032108768
0 0.944876625752208 0.07159494759807686 0.11024674849558408 0.07036884134883391
0 0.588939037555555 0.29174106031410824 0.12235424316695123 0.13525870233486526
0 0.47761132132264905 0.2550540354547501 0.1310085253390312 0.0968670897124008
0 0.5249510718483612 0.34302517533907884 0.13957236351780614 0.08490379961442916