0 0.3029175652195272 0.3147720016557516 0.1764085488354767 0.20506461093002437
0 0.29225864455831235 0.14482667080373324 0.14630338895977163 0.16045184895268555
0 0.5238672126805772 0.1052322672927143 0.1784626710922253 0.19315734109480268
0 0.4622909471756888 0.5714137936652022 0.17083146395416987 0.1783983813696988
0 0.6321395711273211 0.30303912292728624 0.14581377550383504 0.14362492587576242
0 0.5940164852719553 0.7057130008936932 0.19323547191239962 0.2058483374680874
0 0.4357601972317078 0.7406906728405142 0.18334030817933702 0.19578510911666697
0 0.15656634204325434 0.43561636953698013 0.16793800434438702 0.1614594973587667
0 0.16101708427252012 0.200151407394066 0.18835783482528795 0.20322056944622333
0 0.9235331546790164 0.3950931392804132 0.13195025681611428 0.16218392950247754
0 0.891355375074309 0.5934400941698968 0.18693321558331497 0.23676245466606033
0 0.2110041949377569 0.8747891556924201 0.173375199666855 0.18331803461140012
0 0.2930517382307119 0.5300841738259959 0.20236124307184783 0.18946925812720053
0 0.45058285482318144 0.4375261551208762 0.1684276178003237 0.17828642043568976
0 0.5631660659403519 0.4046757409202264 0.11689767687826183 0.13987754851380801
0 0.6592278567518602 0.4446124769390153 0.11442388594499611 0.13736174142595298
0 0.7576106871110037 0.4460316940292612 0.10389921919715797 0.10566389768991705
0 0.7958881148878666 0.5330706658434157 0.17337519966685513 0.18331803461140012
0 0.6009667420880695 0.549351039959684 0.1558488287957367 0.15849584653487542
0 0.28613645380430736 0.6852442116830818 0.1550094914427026 0.1296496926887216
0 0.15802029802947473 0.6744071985756409 0.2111372903341983 0.16107094801708263
0 0.07731861248187771 0.7994401597001646 0.15463722496375543 0.18253430807333698
0 0.1473279955144167 0.9593749287404191 0.21342697058278828 0.07475640834663913
0 0.6255977116967989 0.8578797407297117 0.23312162961591124 0.17409782719239458
0 0.752171469233738 0.7979712336997048 0.12721250928784128 0.16436385378830592
0 0.8842909523529385 0.8362285557083584 0.17069157439533073 0.17359068906200648
0 0.668801042796206 0.1981062852357755 0.1537247617595686 0.16799927021625102
0 0.6714332207605647 0.04277517019928072 0.17155663540194763 0.08555034039856144
0 0.32813786182679144 0.03160558821716031 0.17503537690066928 0.06321117643432062
0 0.4136749858904615 0.097161316410975 0.14658316807744975 0.17006723356807013
0 0.8932201830198507 0.1168364373014804 0.13542899831483568 0.11673477444741868
0 0.8811217587350737 0.20262081949905492 0.13839240270403808 0.13607750461219692
0 0.9340542083361902 0.2397651600223137 0.08536789776058384 0.12880667175630642
0 0.8019733106973638 0.32393605045880025 0.248593878230281 0.21082728510414098
0 0.8160044651523045 0.08922516765677327 0.10431888787367481 0.12008697461299386
0 0.7269922126805773 0.09577156836895284 0.13090108512482163 0.1261262371947853
0 0.36599518890820576 0.9107809257510652 0.18922289583190485 0.15044791499561683
0 0.31646792293572684 0.7978594509146479 0.13986124307184783 0.18655827384296614
0 0.047765784660199775 0.37259283991880626 0.09553156932039955 0.216352781700849
0 0.03377162514976683 0.17385733568763856 0.06754325029953366 0.20516994400933825
0 0.048614370749360813 0.0794355700835845 0.09722874149872163 0.07670578290975408
0 0.4206232201517779 0.27088035789477605 0.11944141259094684 0.1447972017555095
0 0.5287484628583535 0.22623463479291356 0.12793768073561937 0.10678350703000704
0 0.49010281371213943 0.31685635649535643 0.1347994953000603 0.09510015906280331