0 0.836439624131069 0.6928878401189457 0.2518415706238662 0.24074992618615235
0 0.8799674056996302 0.889720143649298 0.12161385403153482 0.2205597127014041
0 0.2140901668138004 0.8672595333692291 0.23702217795704017 0.1925331466973413
0 0.24834585455279373 0.32041250465160676 0.2517252710698766 0.1975086666992992
0 0.5200730609505086 0.23938270161090575 0.23772221843143898 0.204552377466572
0 0.6059566559458907 0.08643162880083534 0.23746591078256948 0.15890727182587272
0 0.8593772431504607 0.2577637149904141 0.17424216176728072 0.18699820104783116
0 0.8607677129792742 0.461042557043491 0.24262250175223096 0.2886869928511875
0 0.08798595956903942 0.05875521642265677 0.14133577316961346 0.11695100719776139
0 0.33289200467729463 0.6653792554350327 0.20014814562095928 0.13685308720559317
0 0.7603232761163964 0.8639936298535613 0.1796335949953822 0.15583211489496415
0 0.6754626685660312 0.5863765283013941 0.2040920808184828 0.16332336618027854
0 0.13391021932192324 0.7364308892547542 0.2050958460235314 0.1393128759241945
0 0.2554077737994682 0.5502175682441242 0.25160897151588696 0.15426740721244606
0 0.5596569073215462 0.4683634544385977 0.2821115139597079 0.2242866297801382
0 0.7794191620713484 0.14377597959405103 0.3346924046136736 0.26093171901776024
0 0.9600113483404595 0.1819594893624415 0.07689712523172595 0.2891608205209787
0 0.3193389312586793 0.09271843081328468 0.3276682913287952 0.18157682465845953
0 0.06754253456613248 0.16195277334377572 0.13482427518247386 0.12888632411985934
0 0.05424176555255454 0.8782989271899295 0.10848353110510908 0.19890554668755145
0 0.02764647391969161 0.5882298820569928 0.05529294783938322 0.18607514872937012
0 0.45904875382289834 0.8328250175047521 0.3113302750087209 0.3135086502962221