0 0.34512834038490686 0.44350961538461536 0.16944398486567364 0.20192307692307693
0 0.8939596611686795 0.36658653846153844 0.1838111211174914 0.19230769230769232
0 0.9340225013450123 0.6418269230769231 0.12579715456544321 0.13701923076923078
0 0.8700486688508499 0.8016826923076923 0.19563455953731518 0.15865384615384615
0 0.4165250915681283 0.7331730769230769 0.14010835014600184 0.11778846153846154
0 0.2538179508134394 0.65625 0.25589853539724644 0.1875
0 0.19701370127737133 0.8088942307692307 0.15945100071928958 0.13701923076923078
0 0.24517912387964233 0.20432692307692307 0.15482511559318957 0.16826923076923078
0 0.5715567792579421 0.11057692307692307 0.1497377199292014 0.1201923076923077
0 0.5819623258548627 0.24639423076923078 0.1451817606421755 0.16346153846153846
0 0.91297285894317 0.12259615384615384 0.16008033327095544 0.24519230769230768
0 0.9152680291750954 0.9302884615384616 0.15454541223689341 0.1201923076923077
0 0.7180897113045444 0.9194711538461539 0.22204889689399307 0.15384615384615385
0 0.5339087845951102 0.8701923076923077 0.1377464594956002 0.125
0 0.23500753797226354 0.9350961538461539 0.18101569026483097 0.125
0 0.5905522047013081 0.6899038461538461 0.24875692277478192 0.19951923076923078
0 0.7540417134984762 0.6947115384615384 0.10630066714619292 0.09134615384615384
0 0.4065538865286158 0.8786057692307693 0.10173072269135239 0.13221153846153846
0 0.21907326157003915 0.46875 0.10180064853042624 0.14423076923076922
0 0.4910636973787824 0.3233173076923077 0.10152094517413032 0.09615384615384616
0 0.7815444898792602 0.25721153846153844 0.14994749744642333 0.15625
0 0.16162409160419156 0.09735576923076923 0.1691223260059334 0.1466346153846154
0 0.04648421665633513 0.13942307692307693 0.09256286344604114 0.2091346153846154
0 0.08684773794068591 0.46634615384615385 0.16927616285189612 0.17307692307692307
0 0.07584243183802789 0.640625 0.14523770131343458 0.17307692307692307
0 0.0806159625813326 0.8413461538461539 0.10219223322924052 0.21153846153846154
0 0.6549308057069501 0.39302884615384615 0.10400870233486532 0.11057692307692307
0 0.7381711717065679 0.44591346153846156 0.10191252987294447 0.16346153846153846
0 0.5944158981815016 0.5276442307692307 0.14748771062131802 0.1466346153846154
0 0.3901013575620945 0.11658653846153846 0.12835483756525243 0.16346153846153846
0 0.69935920269451 0.17908653846153846 0.14498596829276822 0.12980769230769232
0 0.6660891473004213 0.038461538461538464 0.09179367921622728 0.07692307692307693
0 0.38904948416782453 0.96875 0.12536361436318472 0.0625
0 0.5501071764755169 0.96875 0.16863284513241547 0.0625
0 0.8016711112053257 0.6177884615384616 0.1401363204816317 0.12259615384615384