0 0.22329712350254372 0.137706213984115 0.25457356268551856 0.27541242796823
0 0.1028266208831042 0.5725082298325798 0.1295018106884877 0.13059219254558513
0 0.8391162281472564 0.02730212772436894 0.1342675437054872 0.05460425544873788
0 0.6104063561453376 0.1662108598836557 0.15885147602295563 0.16179303730191508
0 0.3889080226049571 0.34151918902941375 0.15611195554356663 0.1423660438286312
0 0.3082925281009111 0.5593368263283447 0.12747559815087697 0.15203058368768596
0 0.02788003715308612 0.8621469153831233 0.05576007430617224 0.13711714452440524
0 0.41954017607437055 0.05165870978410595 0.1945734940051051 0.1033174195682119
0 0.23817902285442757 0.31301593169245334 0.156531548450495 0.16640450536709273
0 0.32487713224921777 0.9156457729475321 0.1413951635856399 0.12436177529662018
0 0.49660527473179283 0.9100292011461948 0.12908221778155932 0.10655373100712386
0 0.8945974837717479 0.7311156978679164 0.09542837162771314 0.1038065916119184
0 0.17433967907562015 0.6698887750512669 0.16610497377518685 0.1647855561833052
0 0.6955844942596452 0.5121197232834829 0.16112944430472326 0.1547777230828913
0 0.0981962025537238 0.9065447330959379 0.1397885439549576 0.1698386279771823
0 0.6281326742033423 0.31959103074535794 0.1999266570918043 0.17714808019389522
0 0.8648938942352052 0.5763128020649413 0.1931347115371942 0.20059786900481272
0 0.6909859746508681 0.05148745989559213 0.19975881992903302 0.10297491979118426
0 0.9545847621132574 0.016313371777464534 0.06198432192733131 0.03262674355492907
0 0.06666948988630823 0.43421334312092075 0.13333897977261647 0.1940733137581585
0 0.9537218668852403 0.2318026810828006 0.07816968905950716 0.2152175669025702
0 0.9672732355193082 0.6243655442521951 0.04371861638249733 0.16679735058428782
0 0.9473413249311158 0.8036237293344132 0.07703678821080064 0.1503137207487238
0 0.8122367014260371 0.29256064542375493 0.16909624999873238 0.19863562657966602
0 0.9089691645885913 0.38908275917296115 0.16597909590310833 0.1575740177217668
0 0.3477854227077871 0.7721509438092345 0.20063996503358245 0.21801346480927983
0 0.04314335289715228 0.14911219440396672 0.08628670579430456 0.2835063804228358
0 0.4279509078440178 0.23631425173197482 0.0904108828665568 0.09139491235765813
0 0.5918353927358477 0.473780477832871 0.18297385614280268 0.16856297203475415
0 0.08000833229809794 0.7796068699265433 0.11259096903017894 0.12441093054029022
0 0.7114165609442952 0.7052614678049041 0.1759301548440358 0.1775896839225946
0 0.037176320557778704 0.982363800697266 0.07435264111555741 0.032525259210262246
0 0.6312565353456929 0.8282252941481693 0.1760140734254213 0.1823973762302869
0 0.8173259421842245 0.13851826733508643 0.13025707792095859 0.17386142331481597
0 0.5114771135135872 0.26430217247473065 0.1001941046447127 0.10179519394310145
0 0.5325060489519706 0.0909554906558706 0.11765041708202818 0.13922645594839647
0 0.29668072365425385 0.3994564794757404 0.10972557067871168 0.09777239860546785
0 0.44511685876984675 0.4905578489339582 0.12536546703188065 0.16866128252209436
0 0.4911560264793533 0.8096563354122005 0.10293362512410144 0.12122218741638537
0 0.18721634553523975 0.8260652405518447 0.14729379745134585 0.18725422378164952
0 0.24378121191646945 0.4733868391513443 0.219031548450495 0.17150633567247417
0 0.1358538074453721 0.3993823498780694 0.11267488761156458 0.12921862284798252
0 0.15819564747958823 0.28833944381669474 0.11950879245686757 0.1081726801909111