0 0.11701332848203662 0.57645168288957 0.1565521199631421 0.1478018257967044
0 0.27376816834229994 0.4186446670951198 0.11316533587864044 0.11007899666546642
0 0.3665936552036237 0.4092435330206295 0.11763684159045067 0.10546720280760297
0 0.4199748737735373 0.19568893208453747 0.14044811006065386 0.12317566890875623
0 0.55948967405411 0.4254929325522469 0.1390528236944545 0.13750079660691866
0 0.7240696489100409 0.25961527750653585 0.19301301219931724 0.22359439648982302
0 0.7874612153488567 0.0692400373191828 0.1278070460823288 0.07951464123986764
0 0.5593227006890487 0.08031857864754527 0.23403001676271273 0.12459184252657352
0 0.3820752719305779 0.5620836622396892 0.19200445241167033 0.2091713195667461
0 0.5120164309370312 0.8777894542839163 0.16941181722207851 0.16031080269050746
0 0.5458471670302235 0.7617151041814576 0.15275298744309657 0.16202900426995234
0 0.7237570524061739 0.7521853983606609 0.26205217746909104 0.21681953939695747
0 0.8397799743498138 0.9031297796415121 0.13614469764678488 0.13019130892046576
0 0.22800336806172725 0.1926606863990739 0.12809269269554086 0.11787823047649165
0 0.06874416204871708 0.24609629295104526 0.11462763557744039 0.1652695089790136
0 0.05784336767387875 0.07306834448657941 0.11013965651570017 0.06680976589623573
0 0.14184995320249857 0.6745420713071977 0.10013754532176297 0.09516617361781735
0 0.16548409487959753 0.9406874399531617 0.1310008187432104 0.11862512009367657
0 0.8917423164615126 0.20652249324176505 0.10354995126325597 0.10968719976580871
0 0.5647263962480601 0.3118489609815841 0.13083272544526922 0.12278387200909845
0 0.40559410015816566 0.11000957133579845 0.12261262719608396 0.10806694741127817
0 0.7224815592210051 0.11692925363989025 0.12484838005198913 0.10576105048234642
0 0.8545837810422378 0.13789248639772772 0.11936831455253237 0.09594976741713292
0 0.908048486294682 0.09692506241398645 0.12378928028167188 0.12489387048820122
0 0.9164407961792911 0.2950954462689225 0.16711840764141783 0.11242977806341323
0 0.9117542155579123 0.3727307001443503 0.1378761706088666 0.12067387352999558
0 0.9252351860595028 0.5997962124578973 0.13323657159911553 0.12288182123401288
0 0.9324895877951864 0.7943342947041145 0.13502082440962718 0.29570978110520774
0 0.9923835817106591 0.9586508438119332 0.015232836578681814 0.07765360596649301
0 0.8484285425188169 0.9689948195078617 0.12987470564029271 0.06201036098427656
0 0.4520460670811133 0.9527474650479655 0.22614610510940983 0.09450506990406911
0 0.39952346825015517 0.7773258422338345 0.2342145834105841 0.230067225621061
0 0.489685292302196 0.541299967357912 0.1364303442599968 0.1685548981570898
0 0.27587813120796906 0.3288432586130897 0.16426793831850398 0.15530721193298624
0 0.38821179723830895 0.3070535391042183 0.12172162072370796 0.12960361357097908
0 0.17281542652216644 0.29468131424360594 0.14592817556011073 0.13298695197396976
0 0.09139613386238425 0.1415514274932451 0.17169811006065386 0.12444900883264404
0 0.1590306561581139 0.44033643737907685 0.18702866680603694 0.20657157496307108
0 0.06726426906710724 0.4306047514477124 0.08544529513540428 0.15928642597234782
0 0.13228454860334435 0.811979631354036 0.11669529513540428 0.1605597658962359
0 0.26930433933901504 0.6461774832987317 0.19323164547992858 0.19244234571473756
0 0.251880293077893 0.7569278625909761 0.17611907578979358 0.15339311190371227
0 0.32066675843431536 0.917932490142769 0.1597964326066939 0.15991900579084975
0 0.621695230799493 0.5095255085685058 0.18948305294255346 0.17311362725905377
0 0.6582659996424136 0.3983567999986538 0.12434410015816565 0.09854951202080806
0 0.7926627509771869 0.43499400736894844 0.20693180922857068 0.21697055337777124
0 0.7997561761570147 0.5707133658363417 0.15246734082988447 0.1236654150333283
0 0.6327382885144974 0.8731205055267114 0.12960553237701114 0.1395128458611071
0 0.545369837027055 0.22356985562917006 0.1227807204940252 0.11047079356512426
0 0.3312259293705059 0.17769070845208318 0.09907844555144589 0.11429899362367214
0 0.3087091041549196 0.07849634618244697 0.12278072049402507 0.11047079356512429
0 0.21535406740843724 0.09746389025986471 0.13977573686888933 0.11356028429337159
0 0.5054712688580518 0.15003420725252592 0.09482557312024735 0.08775873670644997
0 0.584966285232916 0.15567037782854884 0.09331273343877719 0.06612412132183464
0 0.7053102128732346 0.059900148287476175 0.11735119497723846 0.06710361357097906
0 0.6193919046445477 0.6137010193611556 0.13669951752327864 0.1038469504530725