0 0.186106759881678 0.8184127663344414 0.2595759737851181 0.27307822094443096
0 0.30933195457427176 0.6057009799244691 0.12260278170084901 0.11091361220433349
0 0.3465981978135823 0.5044152090325704 0.11975109181096687 0.10114418212794987
0 0.5376710059198279 0.5950178913734858 0.18996976840289348 0.16795745503592047
0 0.4586633960081939 0.8419065415424382 0.25270031812560656 0.2798276230229724
0 0.738329551444282 0.7127560859812043 0.21222348285190598 0.2340936648777584
0 0.6895972542510906 0.8939395209486904 0.21222348285190598 0.21212095810261916
0 0.8367060466415706 0.9132302501987687 0.16543079658873885 0.17353949960246268
0 0.9136919100352994 0.3900674168299425 0.1440201030721415 0.21054962273901842
0 0.48359440924033226 0.4360416551949356 0.18320607367739108 0.17711070326830836
0 0.07937627568923239 0.10755505267342497 0.14580485016159056 0.1459538675071702
0 0.22084098269430003 0.09853786598801771 0.13870527263406113 0.14789557727801947
0 0.3459726490434423 0.2331352666893839 0.13881723356807013 0.1502994234318657
0 0.696064833302737 0.3001740805718847 0.07754217598747405 0.06967925544481378
0 0.08233661258577601 0.36290190409461365 0.16467322517155203 0.15757184311554126
0 0.6515772879687975 0.11649661889144618 0.1631915779085587 0.15905141650339366
0 0.838626130305414 0.18996428723344058 0.16599060125878395 0.21914757034954752
0 0.2533221966704946 0.9424133132436042 0.1430651212057174 0.11517337351279157
0 0.4240775873304044 0.970842070420536 0.21053744098707566 0.058315859158928
0 0.04798457848357121 0.8359670194082405 0.09596915696714242 0.2700295947411765
0 0.05212547607823083 0.6463712641763923 0.10425095215646166 0.14231765766533236
0 0.12860227715446937 0.5000894794275497 0.2558285964231638 0.2440780216372781
0 0.2280359515191005 0.3581836912144709 0.1612882420304055 0.11818603188800904
0 0.20677349398838335 0.21939293764375215 0.14580485016159056 0.1459538675071702
0 0.08017970764242875 0.21971901247976852 0.12964969268872156 0.15929862620325444
0 0.5856525376994799 0.3413189579038548 0.16213126296282082 0.1877435248885485
0 0.4608797734948456 0.27666416385552556 0.153016388623129 0.146416003890167
0 0.4887018874471326 0.1193197041201705 0.20528853279804243 0.1881124970326836
0 0.7671362944601694 0.45662286574665845 0.26321139021306333 0.2996745740977375
0 0.8983236148788888 0.7459136703296726 0.14580485016159053 0.14595386750717027
0 0.9046790548475739 0.5835770322145579 0.14966418845755397 0.177357912968169