0 0.1955756042244508 0.4442665951917904 0.15253806192575037 0.1828263343575086
0 0.34605193553519553 0.38903747027740415 0.16543219279180327 0.22676793831850398
0 0.8244682754599055 0.14896545139665565 0.19005297478929523 0.20457850305739486
0 0.6636120865052642 0.22666965818536292 0.265082800516385 0.24808284045716725
0 0.5921606837080176 0.7028998099437432 0.17471913501881053 0.1915507125005174
0 0.36916596107578614 0.6302878221430603 0.18320574146671995 0.20888191547126386
0 0.19969764604618556 0.8016327122914618 0.23623664667023123 0.24606572088187362
0 0.8862948787161342 0.530580426640435 0.22741024256773146 0.2875529387063524
0 0.7392162371740277 0.8098209837736666 0.16605037600141953 0.17181566337592466
0 0.6160198314935506 0.8583093434540375 0.1616069888326903 0.17628716908773476
0 0.47309999299973815 0.8538037711094874 0.15774592212299154 0.15688830655902455
0 0.5160516157145012 0.4001074778830635 0.2770303057844445 0.31108712035099073
0 0.09645068401646775 0.300161615951257 0.1597496003872888 0.1833306142513321
0 0.1303390574573974 0.1733378596652398 0.16845422215526554 0.17198375667386578
0 0.2648440150044718 0.09868460223080804 0.16029605809573347 0.19054215271287053
0 0.38388961315401154 0.12298400035758626 0.13483623875200507 0.1385485438006311
0 0.5182124181316043 0.06727474560783199 0.20950175934013174 0.13454949121566398
0 0.8741694791034231 0.3424415601149708 0.20855513374213813 0.19630786482553925
0 0.9146007017249366 0.18679691997413483 0.17079859655012689 0.292848437557938
0 0.8485218295571066 0.004102932382507376 0.14415904372959787 0.008205864765014751
0 0.7015601911923904 0.053423521877618854 0.19638961315401152 0.10684704375523771
0 0.7495573932507854 0.659269682553735 0.13796869518377755 0.1483320217139569
0 0.9363231053397527 0.7935159338733769 0.12735378932049457 0.20284703009531313
0 0.48207926303021387 0.9244650927010372 0.19220010405593527 0.10669318394146697
0 0.23519378808669347 0.9671031336533288 0.20039413086605296 0.05705288120040345
0 0.3608492534551718 0.951066697049881 0.1077370462829424 0.06492031950377654
0 0.3424532633458093 0.7880253918331953 0.10675455793436314 0.11506490213866326
0 0.21593940984752502 0.6651683013987248 0.22133883753988093 0.17568180922857068
0 0.14323886595655677 0.5349233425298097 0.1804734529244963 0.17282422316357163
0 0.31627424864978776 0.23525009308888573 0.08348056942441369 0.09191744707257772
0 0.7276825729459802 0.46626434706294295 0.12059531439840973 0.1399438301668305
0 0.8159765123111925 0.8660762617585097 0.1215419399964032 0.12088115423400253
0 0.45014309161195326 0.23193053043776837 0.14281225024205554 0.11758630160778025
0 0.12101341366325138 0.08215979911702706 0.1420836399641292 0.10797091699239562