0 0.3167853071882972 0.6622061990158024 0.19566443556311885 0.19454539489790085
0 0.33702036962688015 0.513433464659928 0.18786546703188073 0.1608076348969219
0 0.2706093425314553 0.15095533644664166 0.22172910963919096 0.17321846361943918
0 0.5055860451997749 0.7389071898104864 0.23116449050744947 0.3007062236204182
0 0.8134258341640564 0.2690277211354495 0.29872393855929885 0.3159124964500681
0 0.7260624594103583 0.7715146390711143 0.2051959015971177 0.18984958771971897
0 0.1376066608389304 0.03524820924936977 0.13579024475478388 0.06887408412083831
0 0.8814313143058089 0.7228520031948897 0.17622386987888533 0.18230239386964933
0 0.8510651891791726 0.9742595005630746 0.18854898226732075 0.0514809988738508
0 0.6397161682033777 0.5061405385471989 0.20561549450404606 0.2138880492581805
0 0.27704065683726414 0.8636257928560822 0.12194243131705179 0.23935136206727192
0 0.15049697614262106 0.9114221610439153 0.2070123176812642 0.15622371284825057
0 0.06339541770316949 0.6027788297507689 0.11017495629197802 0.2536345825784609
0 0.47170415271593247 0.928556768226992 0.2693864398091857 0.14288646354601597
0 0.726176170698082 0.9120593497833198 0.25314694680196226 0.17588130043336037
0 0.34363566495772735 0.3416703497894385 0.16391092407480473 0.16533561438083816
0 0.3637150568178938 0.04629097133132641 0.27550703671271065 0.08732334157566263
0 0.49542246003656926 0.5008564923737732 0.1523952047938881 0.1940419118151039
0 0.516928467780292 0.28720788314643036 0.29100888860944624 0.2869824287567815
0 0.10245990634212557 0.22470451488517423 0.19071869879899314 0.3242691733584604
0 0.8629205600635441 0.53163434883461 0.2741588798729118 0.23404187080741076