0 0.48552504375082606 0.6126037593690827 0.18630371256853942 0.20987771603273148
0 0.21394751131883877 0.5740969080934882 0.16807789390322608 0.16150707792095859
0 0.8199687749973668 0.8025799812745087 0.17232602797556223 0.14236022727157513
0 0.12259210873655799 0.6585820941568153 0.1332349864992483 0.12005426323587433
0 0.7526816027167264 0.3076123663888342 0.16828772824148458 0.16871861638249705
0 0.29148159378443744 0.7169010614407012 0.17825283675396675 0.1809056843144991
0 0.8105194356133354 0.10007629870376769 0.19111140487623146 0.20015259740753538
0 0.36693423980383805 0.31194298639118745 0.13372459995518488 0.13688118631279744
0 0.6565241434722157 0.18555560002950974 0.19062179142029506 0.19313471153719414
0 0.9420572499342617 0.19859129059090905 0.10613745213858213 0.17964690559371424
0 0.9495979922658458 0.6825886569746735 0.06541195708203663 0.18374128995962843
0 0.43647611994335883 0.8945670673108608 0.19748360598473597 0.18124135864004168
0 0.24714469385166016 0.9194954870148635 0.1965043790728629 0.14758751248619553
0 0.6780260954793209 0.43745593469504196 0.1776233337391912 0.1592710689298837
0 0.040812926030819985 0.08462323051976034 0.08162585206163997 0.1648881543450947
0 0.5292545512317461 0.3895976211325746 0.17386481312279153 0.19524484265619038
0 0.04979418326336556 0.26352095217318106 0.09958836652673111 0.2710350187305609
0 0.06841192439681511 0.5695288049455981 0.13682384879363022 0.13953678821080062
0 0.26151632346757137 0.7558661113905537 0.17867250543048385 0.19532876123757603
0 0.35821166240345115 0.11628128059688282 0.20856783096793036 0.23188996503358242
0 0.12181346742681647 0.7679151348661224 0.13860223704229668 0.13936895104802935
0 0.032519845301544656 0.7660926354897986 0.06503969060308931 0.22262242132809526
0 0.9703623430173133 0.056658845532704914 0.05885564528885659 0.11331769106540983
0 0.9169418704961267 0.48374077485652806 0.14191536532859644 0.1706609103387221
0 0.15785309428118632 0.1486100555705416 0.17031612684465045 0.23843015484403554
0 0.7002624676703312 0.6641158847451896 0.2909281032134751 0.25495119630175395
0 0.5822456743213572 0.8391648944846756 0.11379438293022058 0.11250705044879329
0 0.23730502253535904 0.43193431069102256 0.22535053291901674 0.14809102397450966
0 0.24946052977276434 0.3031816839428284 0.12114581095059804 0.11744062062856407
0 0.5198638853362093 0.09303731581277086 0.15379470653898808 0.16606301448449395
0 0.8891814512668417 0.901080817938339 0.09208982276618563 0.10972557067871182
0 0.7183684847849258 0.9088676198852225 0.2305079491238066 0.16019417332512623