0 0.1292913066963216 0.7253399998489294 0.2061715977765289 0.2823827985929986
0 0.13855778736376678 0.4514204122368937 0.25008158865114577 0.23937928601224895
0 0.36536825481084667 0.23764672791351296 0.1801292672707634 0.17408385515958844
0 0.48823990424067853 0.15665017999302056 0.14760592734687555 0.14265204797799608
0 0.7974912192447332 0.31466231113768495 0.1380884919564052 0.144999953460583
0 0.77270387657179 0.1486920377636893 0.16992618730589207 0.1596048375652523
0 0.917403994764345 0.3358292247556541 0.16519201047131013 0.2750174232854973
0 0.2148687351855528 0.08296146399847132 0.1467243843226455 0.12101743259338069
0 0.6360232708374689 0.9208137299563744 0.2806010596077296 0.15837254008725118
0 0.9471439085106309 0.741017153356879 0.10571218297873813 0.28921673752353744
0 0.7772156225785936 0.5248310275854458 0.2220720933602071 0.2007639107047477
0 0.5299092262637408 0.5894823393634762 0.09315412436362891 0.10388283582453212
0 0.4082721139495206 0.9072087853504629 0.18743875495721626 0.17652965681687888
0 0.31516088253761004 0.5389658058580206 0.1345092551035859 0.11613981444661438
0 0.6346439085106309 0.29929523538710917 0.15991900579084953 0.14993351227860854
0 0.11093400731174684 0.15685835479994364 0.1791497750216189 0.1500453936211269
0 0.39940770909476303 0.689660708427386 0.24390260719465123 0.2056974695227732
0 0.5873933650758931 0.7616510278875871 0.19842542872140315 0.21023944364198416
0 0.8159322059065991 0.7377462267985154 0.16914259350657637 0.14037406833448293
0 0.9276232746397118 0.9426745120914747 0.14353694436948372 0.1017726781947966
0 0.16206969148667658 0.9687919555034443 0.2188928336939295 0.06241608899311128
0 0.2992215841456558 0.8260645918127658 0.2672554241587116 0.189010398123998
0 0.12989326399343148 0.8875646523140078 0.1687507966069187 0.13075868371909857
0 0.29159790517609746 0.4030436094071019 0.09325207358854347 0.10628668197837826
0 0.4405873921021018 0.4027087667346962 0.22805517636687256 0.22963803488653112
0 0.24485556706584596 0.25857509232348114 0.14073312102909546 0.20990379961442918
0 0.6222430526459235 0.4962917460760681 0.1336725965483709 0.15458736774033804
0 0.9078396298331388 0.07377503106688627 0.16664079812781607 0.13795623701282214
0 0.632595155074312 0.13105397495350804 0.18974465188614786 0.1741397958308476
0 0.386472329745317 0.10679094937486035 0.17193823656008037 0.1500034381176825
0 0.06274078291884395 0.06525347534921606 0.12450207358854343 0.10646848915997059
0 0.04585670494257932 0.18171414730042137 0.08328977654251607 0.1566975253700735