0 0.3153328758763151 0.31971153846153844 0.16437247627242588 0.18990384615384615
0 0.3123023701308906 0.14903846153846154 0.13717490134764723 0.1466346153846154
0 0.5445672390118943 0.13221153846153846 0.17137421828050028 0.1778846153846154
0 0.4644166502288326 0.5925480769230769 0.16150707792095859 0.16346153846153846
0 0.6443031449823491 0.3401442307692308 0.13692314560349045 0.13221153846153846
0 0.5904629027273391 0.7391826923076923 0.18360324550319523 0.18990384615384615
0 0.4314524026026039 0.7596153846153846 0.17377806443434643 0.1778846153846154
0 0.16562914897894562 0.4266826923076923 0.16121336288610882 0.1466346153846154
0 0.17935654408222768 0.19110576923076922 0.17875359390481002 0.1875
0 0.9306247596185531 0.46274038461538464 0.12523958915980196 0.15144230769230768
0 0.8971779801493569 0.6574519230769231 0.1865106031453551 0.21875
0 0.20233783404692576 0.8713942307692307 0.16399484265619046 0.16826923076923078
0 0.29837734515849923 0.5336538461538461 0.19292491508373003 0.17307692307692307
0 0.4571509858922465 0.4579326923076923 0.15910323176711244 0.16346153846153846
0 0.5705303683845977 0.43509615384615385 0.10803503246664356 0.12980769230769232
0 0.6658030694338943 0.4855769230769231 0.10563118631279741 0.12980769230769232
0 0.7629700218565458 0.4963942307692308 0.10027802322609822 0.0985576923076923
0 0.79865616384018 0.5865384615384616 0.16159099650234438 0.16826923076923078
0 0.6027846615924114 0.5841346153846154 0.14915217282618526 0.14423076923076922
0 0.284853663216504 0.6887019230769231 0.14864866133787125 0.11538461538461539
0 0.15784843032423973 0.6658653846153846 0.20684448051849294 0.14423076923076922
0 0.07263137456532788 0.7836538461538461 0.14526274913065576 0.17067307692307693
0 0.13347764798359874 0.9603365384615384 0.21051927197747877 0.07932692307692307
0 0.615379779601536 0.8954326923076923 0.22624308691203346 0.15384615384615385
0 0.7436018319238923 0.8485576923076923 0.11807000998895653 0.15384615384615385
0 0.8737303022039581 0.8990384615384616 0.1614231593395728 0.15865384615384615
0 0.6845269736529864 0.23918269230769232 0.14455427697195697 0.15625
0 0.6960664023480638 0.06009615384615385 0.16555950299617997 0.1201923076923077
0 0.3539798776226081 0.03365384615384615 0.17172205919039768 0.06009615384615385
0 0.4343259902605139 0.11298076923076923 0.13734273851041864 0.15625
0 0.9115374943818456 0.17908653846153846 0.12920809565363783 0.10336538461538461
0 0.8968267857160963 0.2644230769230769 0.13194761613302658 0.12259615384615384
0 0.947775190436664 0.30649038461538464 0.07665915459456503 0.12259615384615384
0 0.8131029501774176 0.3786057692307692 0.23889170704165663 0.18990384615384615
0 0.8364037706053915 0.14543269230769232 0.09808397352571638 0.11057692307692307
0 0.7475034222037766 0.14302884615384615 0.12461019979940985 0.11538461538461539
0 0.35281507805329837 0.9266826923076923 0.18284797827072416 0.1466346153846154
0 0.3092609453102094 0.8052884615384616 0.13046687437442278 0.17548076923076922
0 0.050723711913934606 0.35096153846153844 0.10144742382786921 0.20673076923076922
0 0.04160575549468656 0.15144230769230768 0.08321151098937311 0.1971153846153846
0 0.059886357392689694 0.057692307692307696 0.11977271478537939 0.0673076923076923
0 0.43609163399297596 0.28725961538461536 0.11292664335572165 0.1346153846153846
0 0.5448521409857525 0.2536057692307692 0.12182872002932808 0.09375
0 0.502476221905426 0.3401442307692308 0.1312762674819414 0.08413461538461539