0 0.15932121752701928 0.8032948813620769 0.1741976573412747 0.21086767386801897
0 0.36403185751235523 0.7671911917676059 0.16370112762134068 0.1598829836826051
0 0.5012730513194049 0.6494980456099528 0.1660210551938011 0.15520127161357394
0 0.707884025970273 0.5846741824079891 0.16711199675181485 0.21770127161357394
0 0.6702352341396165 0.2164499008438556 0.1443864398091857 0.15406744946562362
0 0.07234826672846041 0.7050725828896058 0.11549832667233907 0.15015184044784363
0 0.8949765996476996 0.9073650393130076 0.21004680070460077 0.18526992137398487
0 0.18653704232833013 0.6426100189607259 0.15627979270633807 0.1474858121973909
0 0.941442808440719 0.40256066781256633 0.11711438311856198 0.22264516577921173
0 0.7454379801442872 0.12192357617332031 0.2120298064424206 0.17682566537890526
0 0.397725556942629 0.08328673937909087 0.17521684690225733 0.13166673102975712
0 0.41023277909245576 0.5246444690871824 0.15433749875011302 0.1738021396510375
0 0.0652212706028566 0.2279721114704749 0.12574310064811617 0.18671345371018053
0 0.9175227765977515 0.1429503940068238 0.15931302822057675 0.18366948474374445
0 0.3118693631305096 0.933616716243698 0.1563637112877237 0.1327665675126039
0 0.1637789629105489 0.2331373012555823 0.11031300074841131 0.12826526458590592
0 0.9111247258969528 0.7481527137020794 0.17775054820609443 0.15646107400018558
0 0.5569513130584567 0.5371369559532053 0.14434448051849294 0.15166360331177747
0 0.7705153633799801 0.9881586229682812 0.1644266021474737 0.023682754063437655
0 0.37661207916831074 0.38718941829227965 0.14206651223672528 0.15874916153465476
0 0.7617844773925081 0.7832332289583349 0.11001928571356136 0.11143834150898285
0 0.19245330231601926 0.9750013542426536 0.15000352522439664 0.04999729151469295
0 0.4854619642801014 0.8444036652391251 0.10491787837101937 0.09435945795473745
0 0.2258681830646122 0.35046949952980355 0.161171403595416 0.1525454649824056
0 0.5017020810418737 0.33010145774506733 0.16610497377518685 0.1600089639212664
0 0.2935297995743794 0.16788783964723072 0.2180664847645599 0.10989591378719644
0 0.10144952984213444 0.4460189985385543 0.10550530844071898 0.1280133041085836
0 0.2848910214747357 0.5673093527113179 0.1825123039451816 0.13685236405343298
0 0.6246752447497143 0.8396912883122416 0.17622386987888533 0.18935903872206475
0 0.49582653283577965 0.9409389025149714 0.24037244880026057 0.11812219497005735
0 0.858544003492586 0.6165864088627729 0.17672738136719948 0.2182051925682186
0 0.7971173189286164 0.3996205754425975 0.1396207067921864 0.15621933514214745
0 0.06888054195412449 0.575201900462583 0.11001928571356147 0.11143834150898285