0 0.0700522140056346 0.7987544023607913 0.1401044280112692 0.1836572842715286
0 0.1580113714490636 0.8642308390398947 0.1632508723029108 0.20281812766322377
0 0.7298172065322497 0.8933472995929888 0.31698506521505554 0.2013093322495245
0 0.8845459702900376 0.6413132590310854 0.18276485779605003 0.2606083315302351
0 0.9063387634425759 0.3540046955591182 0.1561512947753813 0.20518001831362567
0 0.8633330435205819 0.16800729974405934 0.26086021059887415 0.23462753437581577
0 0.6417214118486569 0.3339154412180378 0.23626194439036752 0.222468451928437
0 0.3011225313397427 0.8874301905094684 0.14452061334783453 0.16185484687313553
0 0.31779476872504264 0.6842632350060242 0.2740517172478519 0.2082691376903968
0 0.521492829104478 0.4643874289969329 0.2166359979632192 0.16227440190757966
0 0.25009207736992345 0.3061539392326801 0.29122115098149715 0.3189159866063939
0 0.5460813316798941 0.16865141881868942 0.3716610555438151 0.24007854440298873
0 0.6485771839440828 0.6510972670153969 0.2980375122466564 0.25887577343149926
0 0.4733597474115982 0.9044521045806492 0.2273709919186939 0.18636880411730034
0 0.07795688045003421 0.9417133226755634 0.15591376090006842 0.11648944364198417
0 0.2007143478425064 0.5407527019177168 0.14267657186403343 0.17386009247455164
0 0.32865166539656915 0.5027588652228245 0.15447188076524612 0.1691223260059334
0 0.05276602659591119 0.330193202126291 0.10553205319182238 0.23865205728587952
0 0.21323758096372997 0.09128241923583784 0.24157014697375276 0.18164502281649678
0 0.10106337946455243 0.5905979473680621 0.16565471845675697 0.2028321128310387