0 0.8003054951869822 0.5049025299643348 0.3614938262202925 0.3952973776200732
0 0.24888062687054474 0.28470555818998117 0.22965494471420111 0.24892668456396966
0 0.3097903454723548 0.9071040821670256 0.2765926683419944 0.18579183566594865
0 0.8121780501178386 0.8743550905318896 0.24771423147911575 0.2512898189362207
0 0.0927505469091629 0.309475577546753 0.1855010938183258 0.1812833179307347
0 0.28551528852542646 0.6330893300427246 0.48039288900247124 0.3397449937530999
0 0.08332517558281416 0.857699358141101 0.16665035116562832 0.23918542207650645
0 0.5501514497259834 0.5029426098861266 0.21859226972768872 0.1887046528457372
0 0.5707916990941873 0.0869723270440099 0.19255121719624094 0.157035059938809
0 0.7980949069909415 0.1450869574120601 0.3593085915608945 0.24878864010753635
0 0.40736060124371737 0.06486734640078175 0.1564326436664114 0.1179860914075709
0 0.14466430740835365 0.10841266608287911 0.28759446210636963 0.21632182067744424
0 0.4452276265865907 0.3940203490227561 0.1416083115824747 0.14894237637272106
0 0.4365794120453185 0.20976946428263626 0.22407702510151412 0.23682353521335317
0 0.04422947136326142 0.5647509053442439 0.08845894272652284 0.1391171953038723
0 0.05094659042507833 0.4397928646349367 0.10189318085015665 0.1584318831160273
0 0.23130883002526983 0.8030071397333308 0.1901473710423947 0.1569931006481161
0 0.5727177074992169 0.8574983747486283 0.32648585393418017 0.2850032505027433
0 0.6089811144617647 0.354764313806868 0.18906905281540204 0.14016617757119307
0 0.8526615657494954 0.2699759758931506 0.27372668580515125 0.1872658703778263
0 0.03188785056932652 0.7028252016729728 0.06377570113865304 0.17007348026902244