0 0.4579664622919425 0.6396208436702188 0.22539173451382205 0.2530888674672906
0 0.7340730956587075 0.6717271203120243 0.19806828171696475 0.2013765279624222
0 0.08932937812408376 0.7351916876625867 0.17865875624816752 0.18192183686363486
0 0.799618497757301 0.7758235649258152 0.1563637112877237 0.15139626900734598
0 0.28019828796386503 0.2800942937569909 0.20059800574288958 0.2087000273579697
0 0.6189733822479504 0.7878591871828315 0.21282703296558453 0.2212790627972455
0 0.2797604451804045 0.09843596774059281 0.22894064810072942 0.181197404719924
0 0.6549316358665389 0.3817507953140166 0.15906127247641969 0.16833515301827806
0 0.4069186188822711 0.1873585700177672 0.22750186563281838 0.23637390532437655
0 0.1252849019738582 0.12732816027170837 0.14286373875988906 0.20360911878790725
0 0.01853571116552331 0.5888040134884702 0.03707142233104662 0.1920311039000174
0 0.43028362575538215 0.9031579967543142 0.23201584290566102 0.19368400649137166
0 0.6074549331982193 0.9482778968620411 0.22097384240672005 0.1034442062759177
0 0.3186090540737191 0.42262262963514413 0.20768366633234953 0.2018243716984582
0 0.4763127328947991 0.4155329938896575 0.2106749425558953 0.23559017878631344
0 0.9478442126648807 0.4158427215708083 0.09633930943860054 0.29031220780003475
0 0.8826500049995479 0.7051110059128908 0.17356826798088212 0.17381461093002423
0 0.6386298276778254 0.8332820089680619 0.21548263486358754 0.23581410065433145
0 0.7170986913098106 0.19699383819723737 0.252253635113058 0.2783588992798513
0 0.7713299812745087 0.8803612254209466 0.16391092407480473 0.17096292104014202
0 0.8707539223335815 0.8916854930946904 0.13632354894943596 0.21662901381061936
0 0.13668355644368813 0.025612542469282882 0.08240211788185452 0.04226821021784485
0 0.07906635427177447 0.40645090252553717 0.15813270854354894 0.20232488197415127
0 0.8961073944821408 0.2787082159402209 0.20417671203613488 0.276119680599671
0 0.2355267744797876 0.6340721495820775 0.3371015584394516 0.32314291658555133
0 0.30304153347212986 0.8320865355968817 0.13451929944964414 0.13836938983203403
0 0.7497908273010848 0.5293140592952277 0.2509109378108874 0.20143582235677443
0 0.7724473620154971 0.4028618810804581 0.14426056193710715 0.14602877202960857
0 0.5654405038718614 0.13339393427228055 0.186049050947734 0.20081672329237718
0 0.021098581421149176 0.8137875507411036 0.04219716284229835 0.1275751014822072
0 0.15092787712873687 0.8634945352158526 0.2583322727258901 0.213790935928032