0 0.8084648813376555 0.8967714123319508 0.20243118785126712 0.18613296952911978
0 0.8682776429754667 0.7835747633555399 0.21890838703109294 0.17440745379473882
0 0.8669306267131736 0.20994276098303602 0.235404083683172 0.32846340409435687
0 0.605725009643394 0.09475031592990156 0.2789345960978272 0.17305258990821346
0 0.32065940607436627 0.09698967844433957 0.22110239884668043 0.16723787462389322
0 0.13721056763523545 0.16112944430472315 0.25776387051556554 0.27119068930897744
0 0.31409745863572386 0.363837581166609 0.24504519195213964 0.2469424313170518
0 0.884493560509868 0.6395537905782349 0.1750795980265062 0.15442141733149867
0 0.6810887813921901 0.6456236151300753 0.2365489238074671 0.285236132615819
0 0.45054788243347166 0.4684346815652548 0.1867233812450564 0.2243007929558084
0 0.30746917950832636 0.7569503459018408 0.3476854051197464 0.3063970292184584
0 0.15445513683387763 0.47769676573311354 0.277808253445786 0.3820613274207504
0 0.6304701451573798 0.31885347901660066 0.29013298698627765 0.3101976985495227
0 0.8883976063305691 0.4640520417021193 0.20390002821907688 0.236613738759889
0 0.9294615539932874 0.8712251460973615 0.09715157053797305 0.20111368381555841
0 0.5436884674268165 0.780314105265854 0.18702888401631712 0.15222736763111683
0 0.4992137004899981 0.6556768425289204 0.18497476175956867 0.16420463910965458
0 0.3427389817701503 0.9456705188552962 0.2484797123250246 0.10865896228940769
0 0.09928546556873577 0.8193846771969875 0.19857093113747154 0.25107877497365866
0 0.5987228735011828 0.8726672820886358 0.2189783318105125 0.17681129994858497