0 0.2741010698601612 0.09673349239732264 0.24179406884177082 0.19188079744984626
0 0.4468522300660523 0.679040294780904 0.26080754405921713 0.29085815843405577
0 0.3188357345535519 0.28198239762910693 0.2964700591705304 0.23188112105861391
0 0.9210848237561939 0.7741115873896143 0.15783035248761207 0.3323787697177986
0 0.1226556263894582 0.4886838301156289 0.21485787872846535 0.3351323397687423
0 0.13510281733063947 0.187433668311245 0.18259360246768905 0.20936294719512774
0 0.742518679134434 0.5669318127380806 0.13881723356807013 0.1456738859449961
0 0.3685988776442576 0.8594429222246216 0.18594580263326427 0.17825283675396675
0 0.11708409110778838 0.7825126191202157 0.13792817395069326 0.22966861177077263
0 0.8988294523435078 0.5238189464451447 0.20234109531298444 0.19323547191239976
0 0.7337297458147266 0.37822988966115745 0.2705875561482678 0.24313095925423014
0 0.6449785770148656 0.7466920753402313 0.22150298466526352 0.22009744828122443
0 0.04361505535330057 0.16121044369332274 0.0818559858741686 0.21123295876720066
0 0.8519991903627001 0.9019443509561044 0.13931774384376291 0.10487844610903078
0 0.7451663307203837 0.8821853827890244 0.19008172933690248 0.16396964938972866
0 0.0936216475782053 0.1754015757152228 0.18030171724785188 0.2116968485695544
0 0.9209662349674897 0.18623131321539058 0.15123164153367996 0.20604981890882795
0 0.24591378220657564 0.7835782657289643 0.16078773175471256 0.1535149274213101
0 0.19503120792473208 0.6213757332969769 0.2040042959842864 0.20518475790221105
0 0.9610165888839616 0.3604530764166086 0.07796682223207686 0.2045809785410183
0 0.17931413055480863 0.9299423507320286 0.1864463129089571 0.13745739691800168
0 0.599289108604003 0.9285542944156318 0.20707327988749158 0.11645228454816184
0 0.5330249834563585 0.20353701047625672 0.2087000273579696 0.20292080130720389
0 0.5872695215368677 0.060173324806902344 0.1937698123045046 0.12034664961380469
0 0.08961738722370936 0.0635877571716669 0.1763237901631844 0.07474756257974313
0 0.43062765826783617 0.05378826187160658 0.15933223961259543 0.10757652374321316
0 0.5128097633109413 0.5447304129367802 0.1318296169745497 0.15027174391442985
0 0.6172617961418924 0.48753133179107344 0.17543473054580752 0.15874228840551952
0 0.7865451250229472 0.16847863308855793 0.1995851530182781 0.16184558235356078
0 0.31392933702124093 0.48672898938254705 0.23922559521425873 0.23981783096793036