0 0.7900676283088237 0.8477641542496973 0.20719596744672777 0.17996034398635422
0 0.2817541257529851 0.2699824880582472 0.2607806233057421 0.19382634621909076
0 0.8660072838420511 0.49512756217832765 0.21001983788521328 0.1872558266053246
0 0.45832388323237894 0.691655286742288 0.2918669066699723 0.23329521456981434
0 0.721144235033862 0.2528084016339638 0.1779297893159346 0.17174147563563064
0 0.4589742634745368 0.3496375796366774 0.17678601601600646 0.19329214686281387
0 0.8850065755400713 0.7065553746864832 0.16306297956732863 0.2048077126874521
0 0.3202642028715342 0.4772741615181672 0.3500718296600188 0.326488139879474
0 0.30399394744843894 0.09492143961463842 0.162806671918459 0.15921857992180735
0 0.8212312836900171 0.33338304940533636 0.13624806467216152 0.11510990757825573
0 0.3720439724932477 0.8909760947849701 0.18061365165954044 0.17663311210075522
0 0.0855654535847561 0.4062538295388105 0.1711309071695122 0.207883112100755
0 0.6218576688918181 0.9343101729669804 0.210323562615863 0.13137965406603933
0 0.9027379433575609 0.07126843681164188 0.1320241132848784 0.08377596342082363
0 0.015575020508688532 0.6490117566655876 0.031150041017377065 0.17998321932041741
0 0.9219816884340055 0.2164645638528801 0.11344596744672777 0.17668652184650283
0 0.6116777655959929 0.4573413555656566 0.20152451802886695 0.2061508192063655
0 0.9389723281466984 0.25559765557387526 0.08247598363648752 0.18040294010757799
0 0.8335531176146671 0.2458944972622481 0.11984116587987778 0.12173383693776962
0 0.01863629561514543 0.24719170026483558 0.03727259123029086 0.20592186206813273
0 0.21164739312292785 0.4397588841224451 0.14030829942367493 0.18482144603979422
0 0.06754477771659331 0.9090315948622905 0.13508955543318663 0.18193681027541905
0 0.8300122276122751 0.9605464498045184 0.23580952218490234 0.07890710039096323
0 0.4864140899776 0.9637553735821907 0.14700722258747453 0.07248925283561866
0 0.6635908138612036 0.12433998630637438 0.2221790767493239 0.19007939354633124
0 0.011122153998187749 0.38052121764586505 0.022244307996375497 0.12161935836865317
0 0.7885089555433187 0.10943234118335757 0.20182824275951652 0.17017707105610536
0 0.46935744946129926 0.08865238362950553 0.22206277719533427 0.1468941069345326
0 0.9481925185935643 0.42814420883333193 0.06763288242877125 0.17268773670144702
0 0.09742633406582434 0.2127861862329111 0.19485266813164867 0.18228024598276812
0 0.7662262030670064 0.6987943696628256 0.12012118206963752 0.12654152924546208
0 0.044833028353798314 0.0869314774527481 0.08966605670759663 0.1161706472131885
0 0.19822471667920813 0.09122789668762664 0.11374969217737754 0.14071277369624255
0 0.7373207778686273 0.5954137178415989 0.18161741686458902 0.15267859471972564