0 0.06958597246673445 0.5669868646256639 0.1391719449334689 0.14110135386573328
0 0.2393450699328352 0.4067132102898586 0.1051696341151763 0.10456814975762185
0 0.33450678946322243 0.3957988451745433 0.10993536713217586 0.1022202461685308
0 0.4091756075186923 0.18147976723545198 0.13422558441479432 0.11692303591538379
0 0.5254027622405275 0.41004179289279385 0.12966964785125895 0.13129017027370546
0 0.7086493537728337 0.2426684852249606 0.17921514610243114 0.21598421130587303
0 0.7925978821181455 0.047692061646148885 0.12153500499447827 0.0783216410419573
0 0.5626949001002951 0.06425157340985663 0.22557173826094817 0.11798594464573288
0 0.3342462206580738 0.5484710472261517 0.1789633903582742 0.20156113438279605
0 0.43093399476112093 0.8633617498041232 0.15889343531364838 0.15326044104685202
0 0.47623825112895407 0.7472786944253815 0.14210847152741807 0.15546848822405496
0 0.6567784684115725 0.7349534636806252 0.24871688811050555 0.20477614772559277
0 0.7563404539270787 0.885180704720135 0.12713992382533454 0.12405066052978952
0 0.21802787899723028 0.18165989644027836 0.11971858891033176 0.11194751591342583
0 0.05152093843709838 0.23619229128923044 0.10304187687419676 0.1598845825784609
0 0.05898423264279384 0.06440120513636326 0.10686017232724436 0.06373073642461471
0 0.08096731269185563 0.6645384328330763 0.09530249375563472 0.09003318770503445
0 0.07618395355287294 0.9376818133354544 0.12477803696218105 0.12463637332909108
0 0.8827123201810382 0.1881920329407637 0.09555424949979169 0.1044562646281113
0 0.5429998489030905 0.2972428369974791 0.12461019979940971 0.11681115078587331
0 0.40465554695367245 0.09607330056796949 0.11478501873056092 0.10468003488713216
0 0.7219632392613646 0.09976550984181366 0.11710494630302129 0.09990031386181747
0 0.852658159965784 0.11931879088523942 0.1145752222770966 0.0926608041179014
0 0.9111476941812554 0.07431702473922508 0.11520461163748927 0.1287184964255937
0 0.8992096522245959 0.2761422021739804 0.16286194180748426 0.10523946053468432
0 0.8846458010762716 0.3529114370439804 0.13177977897025528 0.11449121847916001
0 0.8746710327211837 0.5800049703764979 0.127014045953256 0.11683912206825092
0 0.896512714790449 0.7750102073030013 0.18532357642160127 0.290559384639859
0 0.9417364061002597 0.939031171412092 0.08539339410540017 0.07309437949860062
0 0.7574645417147934 0.9585259836948203 0.1261748601393993 0.06876219899132799
0 0.3596699625439478 0.9486677907873419 0.22059620879048458 0.1026644184253162
0 0.3280870179872194 0.7635873067130048 0.22016444929920148 0.22126741541398467
0 0.4427969311973862 0.5280951395485286 0.1254493856132663 0.16488807386279639
0 0.25173585102612406 0.3166948502913271 0.1540018244245704 0.1483968061744046
0 0.3663381362407447 0.2939850246658019 0.11271684690225747 0.1238828328355238
0 0.1513197833435924 0.2842700564314675 0.1367972677314118 0.12656639181314602
0 0.08350522602422292 0.13078668719090858 0.16701045204844583 0.11734260515104791
0 0.122317958919022 0.43059698770992927 0.17170989260604289 0.1990733743818172
0 0.034259526100077986 0.4223085548768529 0.06851905220015597 0.1571171097537058
0 0.05692003809240249 0.8025078451378318 0.10605077921972578 0.15504891898839082
0 0.21132047577855476 0.6347988820814672 0.18107352147727054 0.18476218258825072
0 0.18292706106903042 0.7462700441291596 0.1659371366124155 0.1437289702786004
0 0.23424428634484207 0.9055532441365018 0.14927805069826378 0.15314855591734153
0 0.57922264860474 0.4948197477720942 0.1783340009978818 0.16550344207510376
0 0.6268678121903799 0.3823704329064996 0.11938291458478918 0.09271674668265653
0 0.7585129002275652 0.41636077651419107 0.19351234515342952 0.20894050053860022
0 0.7513135283503817 0.5533240647186666 0.14624481518402524 0.11706289232727175
0 0.5524541034024302 0.8575627611026537 0.12013818181726012 0.13598597745188756
0 0.5337350349664176 0.2081746585344722 0.1148269780212538 0.10708388104097835
0 0.3228889017243878 0.16604972414678118 0.09327628121802406 0.11163983180727215
0 0.31140905844198635 0.06613626670908895 0.1148269780212537 0.10708388104097831
0 0.21487757867190477 0.08665203079860005 0.13165390109817687 0.10727968001762155
0 0.5001380444564333 0.13565369032461225 0.0904108828665568 0.08516955283258687
0 0.5806039516742403 0.14019649751503133 0.08999128995962845 0.061131091294125334
0 0.7097491083918388 0.04191936009642913 0.11415562937016852 0.06862234257943986
0 0.5666010914126406 0.5980592616167797 0.13148606393540546 0.09766429540223694