0 0.9200639196407224 0.25835442223067207 0.15987216071855506 0.23762567651324223
0 0.9216561380974795 0.6854778860504793 0.156687723805041 0.283690550335977
0 0.4667580788282232 0.739629652589395 0.22597479417092878 0.21554619947306966
0 0.4951959779175598 0.9106720841776222 0.14351296494175342 0.14500618274320068
0 0.11859538556795776 0.37449190178436237 0.2156942718061853 0.3039008118158906
0 0.06848990996948211 0.12605908938299357 0.11416630081990661 0.18459822743469728
0 0.154689174778569 0.06799742702553561 0.14110911878790727 0.13599485405107123
0 0.28681839950327453 0.0822409660725523 0.15094842527130992 0.15010772272563613
0 0.4442999697773737 0.10231657414542085 0.1710748819741513 0.1701220857557209
0 0.5563093656539331 0.20613091055980481 0.21451536807174312 0.22707568411772808
0 0.8146801024347804 0.40152201193500553 0.1471483813696988 0.17154643966042252
0 0.567752400265333 0.3742532174916639 0.1286420442826404 0.13480310277832921
0 0.32861906056995005 0.28163980538236105 0.24928882356567933 0.25248543480499197
0 0.6415240013994197 0.05929321219712455 0.2012052726340611 0.1185864243942491
0 0.22722311223071817 0.9227953458325063 0.20030958516198907 0.12812619491037827
0 0.8455743360686678 0.0878516535836983 0.22463126296282082 0.1757033071673966
0 0.7895977174383666 0.25081432342955623 0.20998426417172583 0.18130465796973672
0 0.7124969354811855 0.534535496286925 0.2032205694462234 0.190626194910378
0 0.7678513192686943 0.688826511788636 0.17644237895188844 0.18233721497478056
0 0.764255491819968 0.844315360223828 0.16397530444662187 0.17223208423482378
0 0.6266434952561686 0.759607311437349 0.1704624107644492 0.20848567499234497
0 0.6099384748952972 0.9180387267634167 0.13769762422798004 0.12317566890875643
0 0.0916264124790809 0.8813565278152582 0.11047821785230444 0.20844079052332987
0 0.43448386078540413 0.4603651694656336 0.11181512120571732 0.13411745820392795
0 0.5500957119653851 0.5122519405100392 0.16615522873244998 0.16752234115204592
0 0.41959323471115795 0.580188122492791 0.15771211999681228 0.14078618578499494
0 0.30298367690713857 0.6620086606615904 0.12668604186483032 0.14432053816879942
0 0.30733358369675207 0.4968554529985566 0.17476296494175342 0.14627952266708824
0 0.9193332159402209 0.8644889175216109 0.11729457911746376 0.14873643357683372
0 0.14206427880328373 0.6456857456568628 0.23576143411467454 0.27112850868627447
0 0.19567646211000542 0.21962137122004902 0.13859331170005215 0.14240643813952542