0 0.5074700165254492 0.8746356017105518 0.20156113438279605 0.18593712903964524
0 0.6287671898716725 0.9566115602053757 0.23689157334867053 0.08677687958924861
0 0.13416952822797096 0.1751981438955944 0.16539155694559338 0.17443204084434333
0 0.9398495877197189 0.5611515238470819 0.12030082456056207 0.22289712625653407
0 0.3049972892694388 0.3006662891827444 0.2606240349116066 0.30674911630597457
0 0.8273074257576869 0.8847881275432545 0.2024841867012571 0.23042374491349094
0 0.10132769132838947 0.3464483535119307 0.19527264823971865 0.2648861114005848
0 0.14812130367719878 0.6516006131924469 0.22859083900503355 0.23780368089568726
0 0.7583312318219568 0.23914001582816458 0.2771432738823761 0.28118867028429495
0 0.4923837200093003 0.09427257419082194 0.21553667078783134 0.14823147201007372
0 0.43947534366887747 0.6056091352667005 0.23362230157174674 0.2572864106037788
0 0.28019382779216323 0.7498126900456337 0.19488105028643216 0.23123226524673868
0 0.31405156410664314 0.04648849806835787 0.18098774359790165 0.06954467174574058
0 0.18328644114474976 0.8864744233374494 0.1651677866865725 0.15520127161357394
0 0.9000381785853789 0.9343691472696484 0.09338805745971913 0.13126170546070334
0 0.4581780267957284 0.9601696717457405 0.17422374565440507 0.07966065650851889
0 0.4884299938794391 0.27064031590186133 0.2090523856681107 0.21035353129409026
0 0.9658574984698597 0.2825522196686083 0.06828500306028054 0.2224034269211736
0 0.14987760000978975 0.07992615941237634 0.15071673848111797 0.15204154402776096
0 0.9388616595871982 0.7855331985157138 0.09598770259020849 0.1972209216154774
0 0.06182228216957497 0.8741028059004456 0.10440032206335609 0.09435945795473745
0 0.7425277867477585 0.6359057222610832 0.32035656208685165 0.27864862227250353
0 0.9500087282108389 0.18918527119423384 0.09998254357832217 0.11586809310069167
0 0.07275063292607906 0.7809827070937515 0.12966952002643237 0.20138849111057985
0 0.6902009128800672 0.47460629109535274 0.17964680617440473 0.16076484535323324
0 0.6992322688267781 0.8378390208034443 0.22177089849678155 0.27107958633354995
0 0.7140846903001379 0.3593425451397564 0.20354541130097806 0.1500054169706141
0 0.26312409642314627 0.10868376909098917 0.16980765129999917 0.14103015516781942
0 0.4015969918106986 0.13756224819862106 0.1867744307888102 0.1539312476076783
0 0.28513969238111553 0.5554790923000787 0.11163983180727215 0.09714124482456708
0 0.274587269806081 0.474446325191588 0.1070279384762231 0.11371620742416784
0 0.17574986467461265 0.44524267386801913 0.17534259694950932 0.20378211564514168
0 0.5084752985604151 0.7545692742569052 0.14098946873622295 0.14192223845773155
0 0.9525672584830759 0.4200174920827952 0.09486548303384815 0.11093442055433819
0 0.43857942056748 0.42538366384756954 0.17047896207706176 0.19872246286012704
0 0.870966570349576 0.7315249826024322 0.10954366975957988 0.12345757227821362