0 0.5792746128351708 0.9351706137472224 0.13618946554620592 0.12965877250555516
0 0.4217831007790288 0.7554022033539532 0.10314809060206173 0.10085164805908119
0 0.4113510285010574 0.6603104049263357 0.09856432016238746 0.10554744008621816
0 0.19818581949211767 0.5689042811837074 0.1139950454915455 0.12751775631250012
0 0.42769051886272563 0.46979211216848327 0.12819420054660433 0.12304576484647452
0 0.26253962460900926 0.2750495838196583 0.2119402665895359 0.16821730038514973
0 0.056138110325571894 0.17419592588247867 0.10152797098627869 0.11762262099572658
0 0.08136541738051842 0.40650278057029926 0.11355382961020465 0.22115585603194454
0 0.5643871225393198 0.6722767003724364 0.19740522873244998 0.1654777533896368
0 0.8803479697115564 0.5991892228755349 0.1487685009854818 0.15233951981485055
0 0.7637581173226702 0.544848898904648 0.15268050582110193 0.1332206508646368
0 0.7553610472719945 0.36456043736618654 0.19836021059887415 0.23753718786474373
0 0.9060986282357244 0.27562114449102637 0.12087070115105683 0.12047406827179494
0 0.19626940605352639 0.7597582747832268 0.11103139466765431 0.11544257540299167
0 0.24913762995035607 0.9408135384028847 0.1568164325247402 0.11837292319423053
0 0.07597507920925246 0.909437148117735 0.05999082076684002 0.10224839168792735
0 0.677384461406827 0.9330400678025647 0.08587332378910272 0.09084461246175234
0 0.9447956873109974 0.9503800074513359 0.11040862537800514 0.09923998509732822
0 0.2098393421131931 0.09733181391682709 0.10270024686602572 0.09123626344369665
0 0.3148480438357939 0.44435389218402804 0.11354720175550949 0.1179023716971155
0 0.11284928103057922 0.5669180512038463 0.10119208818425166 0.11041108253418813
0 0.11976103359300962 0.25131583323557705 0.09649635681056837 0.11270302840747867
0 0.1401574508488307 0.12212359247094029 0.09157670356886705 0.110187281973077
0 0.08922552395467781 0.05970651274230777 0.14423739708546443 0.10661049275149584
0 0.29822184513545574 0.08738273833787417 0.10102746071058571 0.15843205547083342
0 0.3748386864536816 0.10837593698739346 0.11147923840369026 0.12505796001837616
0 0.6030097963982244 0.13529784062825906 0.11365916268951838 0.12030621785096161
0 0.7988936107395097 0.11344344443872928 0.2804795291713272 0.19622621200523527
0 0.9629116399437456 0.07764054257943456 0.07005404911826055 0.11208757686442314
0 0.9733403982943696 0.27973146992334486 0.053319203411260875 0.1215910611992522
0 0.9586770080154887 0.6758625340454602 0.08264598396902247 0.21405621785096166
0 0.7802590993796092 0.6929092379272976 0.21373164153368024 0.20667883884668825
0 0.5448138426518283 0.5613640764538466 0.1615121638984234 0.11661752834882495
0 0.33085514347173495 0.7364771500166134 0.14602877202960857 0.14507203121303427
0 0.3098000381722979 0.6195269356432694 0.12260278170084911 0.10610694148899597
0 0.29818592638148905 0.8341676151500003 0.12372239104093914 0.13014540302745722
0 0.14507083253374137 0.8978385483396368 0.11153853279804242 0.17788662526271373
0 0.4428941865454703 0.8735543408042203 0.19477746071058577 0.1606141109416668
0 0.4330055274497584 0.9651752206565173 0.15502505758059607 0.06964955868696548
0 0.8158591843181748 0.9594348857248935 0.15340493796481305 0.08113022855021293
0 0.6483900715747928 0.8002970030083874 0.1783983813696988 0.16983784457510717
0 0.7605904281948466 0.8377264786919343 0.13948899917212396 0.15932725771527792
0 0.9207787663002953 0.7970319593145305 0.1482086963154367 0.14032028904561963
0 0.5131357043309256 0.422555446134776 0.15916761213892955 0.16939024345288473
0 0.4012975637827273 0.3671250993675217 0.08939677928303894 0.11493902414049154
0 0.43731898103854844 0.23829653451469052 0.2028846866441964 0.1800127305932694
0 0.5738080543349101 0.25588079436346206 0.11215100400774439 0.13948103694145308
0 0.8758958656210243 0.477822967176443 0.13255404911826055 0.11354228051164537
0 0.22612965801150425 0.44709142930144247 0.10359593433809781 0.11046703267446595
0 0.1805258172648222 0.6537372683827457 0.10968786345954615 0.08659642155683776
0 0.08110208468223384 0.6586268760227565 0.10359593433809781 0.11046703267446581
0 0.10120552204259431 0.7551443980884082 0.10437966087616089 0.12729395575138888
0 0.15295395845038162 0.4742031287989852 0.08324555576723848 0.08598097001378208
0 0.15767270916654577 0.3950720312130343 0.05920709422877691 0.08542146861100428
0 0.051587301010421256 0.2569327926991988 0.08436516510732858 0.11001943155224368
0 0.6161948533414592 0.4441640963273509 0.0947642762607762 0.12707015519027792