0 0.6946657398530166 0.5069456936835999 0.22188529524832554 0.1731368929733977
0 0.8500932144737963 0.672500337710309 0.21081552889364155 0.3120564186339745
0 0.5354904644074016 0.14565247311260668 0.32805753272365845 0.29130494622521336
0 0.8724814685530138 0.28204318813114243 0.22786046729063203 0.28365786591004283
0 0.1209194985619574 0.06923596226917733 0.1812379259530083 0.13847192453835466
0 0.06137734870361809 0.38528477642061965 0.12275469740723619 0.17878182750715824
0 0.28154489752204204 0.812912591478739 0.1952608349865364 0.1701175952764958
0 0.5079080232814059 0.754852588118429 0.2608215659171375 0.2436317333988252
0 0.7431730159369677 0.8801552891947109 0.3302046619902985 0.20925254529946605
0 0.4430013383110065 0.9147373373583864 0.25870746058453 0.1523974798332267
0 0.06515204659139268 0.8547890983753205 0.13030409318278535 0.20869103401858988
0 0.2397621739501695 0.17678956789300193 0.13225024002867733 0.1302573033080129
0 0.3393131889403509 0.6363967446528308 0.22108495946922807 0.22590960807745747
0 0.4992241717052753 0.6002800873877132 0.18214868880041626 0.15541476765203013
0 0.7105984120495481 0.6133573461269759 0.20320098372600126 0.1799008303127137
0 0.23100749534884105 0.9256705650874463 0.20105101564280792 0.11986062660683781
0 0.13627500700026185 0.8774837516080661 0.09437102202616926 0.1053795896653846
0 0.15902330799361272 0.719780052899893 0.17089393105969736 0.13355635170630364
0 0.15973540630452276 0.6153805956284187 0.18214868880041618 0.15541476765203
0 0.014890712088967294 0.7082114380700321 0.029781424177934588 0.11242327770608977
0 0.044338537177720974 0.639086371142361 0.08867707435544195 0.13528879617681638
0 0.057670118092185044 0.5186982379590811 0.11534023618437009 0.15491121638953012
0 0.15937535939038944 0.38262714475742504 0.12784271561053387 0.10375904547542748
0 0.4830017586875052 0.4026901315190167 0.3227392454581071 0.269068948444231
0 0.7480293456697351 0.1985540092378199 0.18950651708085076 0.18918051408643174
0 0.7484682151264229 0.09776032119711475 0.16018563102742325 0.1189094742221155
0 0.9572385253720751 0.0977003513006402 0.07896545675451322 0.15541275777393168
0 0.9050216290981244 0.4384600336129266 0.13494666582031528 0.19750904547542747