0 0.1853173979092326 0.27767006072700584 0.17489505643146755 0.16835271745176142
0 0.36023453116587945 0.8298828628862965 0.179618834892027 0.16147736558610531
0 0.38328506457182016 0.2938504405699395 0.20877267284433465 0.18993679285370652
0 0.846565836801684 0.8343055085147562 0.2881835097683903 0.20269541014730225
0 0.10086363897321685 0.09510354302493405 0.2017272779464337 0.1847929139501319
0 0.8738349814547591 0.554980344766114 0.15365203900013868 0.2004937239241374
0 0.13027730965091336 0.6730269430606927 0.20240027285412435 0.26154789757526775
0 0.5298167280762297 0.9116982387324762 0.1622324861675518 0.11222378942359403
0 0.14953436603343212 0.8758410264561456 0.23074294361748124 0.22029578638133038
0 0.571146165046787 0.5593331772297735 0.20871673027957927 0.1851291005460142
0 0.26293807276112163 0.4187575972795639 0.15077268104587313 0.15946024601081168
0 0.3996941025437072 0.12216880385921577 0.14613281643244655 0.1735471363380063
0 0.9197483404739878 0.22150986589829808 0.15261878568279522 0.3181140921646578
0 0.955020310679165 0.5961401726361155 0.07686881848894973 0.20713396915925186
0 0.7300962358615402 0.21315462105103203 0.14574121847916016 0.1398932901841602
0 0.8767884779415388 0.025989687714034457 0.21757689027076857 0.051979375428068915
0 0.04448345535671457 0.5183567960747634 0.08896691071342915 0.22770948477355027
0 0.37690677012441165 0.9452087016132766 0.13285487795622344 0.06453359292522375
0 0.6895953199823784 0.1076528836457633 0.25531285952111726 0.2153057672915266
0 0.03226016969227509 0.8481039523965392 0.06452033938455018 0.19444236519825664
0 0.49675701537482564 0.057743407641417936 0.17475520001957945 0.11548681528283587
0 0.023227294349510926 0.2326940670205887 0.04645458869902185 0.19326571211266877
0 0.9391452532683946 0.4123047185245202 0.11203142976055876 0.13273229170529205
0 0.6519284368726596 0.32550476043130205 0.2739282605395793 0.21610992728273237
0 0.5223017158351078 0.4222381364865372 0.1653635856632158 0.17489188272153527