0 0.2688896580163219 0.6777142614944076 0.27300739161788645 0.255340830803495
0 0.3109809482322159 0.515118990721261 0.25230513893434015 0.17824992618615235
0 0.12720821700958018 0.6077246943397211 0.25441643401916036 0.505704457474404
0 0.8381106358715738 0.6770946829555301 0.2057488545538642 0.22573945233314577
0 0.7516685011596234 0.14735513220392085 0.31966158975353665 0.2678915159379003
0 0.3414202834438248 0.1599528266537768 0.3556209715738889 0.3199056533075536
0 0.14631629649725703 0.16568357127993016 0.2842904839285629 0.33136714255986033
0 0.16407776430216103 0.8878698286858058 0.24450492774525762 0.17095447387748117
0 0.7724224878459176 0.8639801568085368 0.2261569692397215 0.24038629951524343
0 0.542805628177774 0.7201566553028709 0.4553068540929989 0.370335532365452
0 0.6315503230649866 0.3096575465774167 0.26226381679108407 0.21198768618713137
0 0.7750701265572852 0.41966021630028477 0.30950629092211257 0.34942648619202615
0 0.5349554682806897 0.4632807722298637 0.2732527711040713 0.22892649439356477
0 0.27938864682127124 0.8432999332860162 0.15821184569298088 0.1435331713019572
0 0.10464203238822736 0.3362019640846162 0.20839808019389522 0.19935308720559325
0 0.2744075225981532 0.33062421944622566 0.2765885832268207 0.2697918790089494
0 0.406128500453405 0.33509541430007267 0.1933863305432744 0.19197372104978905
0 0.9059073018568894 0.19959556602853723 0.17641194173534067 0.2782324697644746
0 0.8770131829635629 0.5241427680801457 0.17454800979753424 0.19655764309846055
0 0.5633126484492201 0.9396610378617523 0.24661463590141472 0.1085383877246139
0 0.7368311752548428 0.9616575957866484 0.18980553566650607 0.05984609643538345
0 0.36921436033706073 0.949124264554688 0.19495652121555743 0.09352791387160736
0 0.5390506079212483 0.10800356509818321 0.22959109184981122 0.21600713019636641