0 0.27302256212356313 0.5355567354208375 0.21598421130587298 0.17797021336237615
0 0.0852839641580394 0.409590884113496 0.16469395901678127 0.3143740759192997
0 0.5495233385765681 0.8495794861797891 0.31845619901580224 0.30084102764042175
0 0.17260814779901607 0.7879597395093696 0.21724291901286533 0.2861432902854534
0 0.9466851979997879 0.8595224349997144 0.10662960400042411 0.1936503138618175
0 0.9351118236179707 0.5168624729471271 0.12977635276405847 0.18185485335160756
0 0.5750794984820969 0.15811345853936706 0.1894859610488102 0.1728548369485303
0 0.374373172342446 0.2603311785119557 0.25285307080251596 0.2481013210595789
0 0.12936183592027867 0.16975170873524398 0.2577167056749635 0.2529649559320264
0 0.38196063898545407 0.08616421748762002 0.25430589335552345 0.16639852311118725
0 0.8254282974465029 0.08771914985551933 0.2325873641237751 0.15893524310825033
0 0.8236169006144708 0.7582803416490858 0.12651044924839064 0.131262198991328
0 0.5771773446604175 0.3384019200778286 0.21416776208195656 0.2284230113107679
0 0.43256980518286464 0.4076231190324449 0.1772989025853137 0.1582919036135653
0 0.22261087903342383 0.43762755490132726 0.19440553848601283 0.18252616412867
0 0.5882718389805592 0.05251205546440192 0.1957744471918876 0.09361182771874005
0 0.695382849238601 0.06577600829943622 0.09017304411692241 0.10680416821720226
0 0.7260331507981106 0.22115974061104443 0.16502793027468463 0.13651743181706194
0 0.7584439590167812 0.32128298266656874 0.17729890258531356 0.15829190361356532
0 0.9131835097683906 0.1932934237134209 0.11189157334867052 0.11426744822013919
0 0.8924299897786697 0.26876283601817624 0.14101744001860056 0.13864156514713202
0 0.9130453374871306 0.38797699089258175 0.1556363159183207 0.1556363159183207
0 0.835536547764752 0.5433039385741207 0.12379891898839081 0.10479192001664253
0 0.5140365313616747 0.5924404021201367 0.31082509131859976 0.2728110933751029
0 0.322261977549785 0.8425785744013966 0.18249819284629254 0.19200169233216668
0 0.35464481448607804 0.9396533677104189 0.15524471796503425 0.12069326457916237
0 0.12527330577041365 0.9534466697473426 0.11887934155118823 0.09310666050531488
0 0.08324542880573024 0.6475157107795101 0.14412056823188688 0.19876569027566343