0 0.14950025630313737 0.7739998760580874 0.1899115052314671 0.21204657246665176
0 0.786126420208682 0.3686760651269282 0.20609740946061778 0.26294701037393825
0 0.4914798208688423 0.899546572466652 0.19712304369300562 0.20090685506669595
0 0.34552814546131566 0.4735247424727805 0.24805406812261951 0.2953860716240699
0 0.7508395434731201 0.8023033786052723 0.18160869272331143 0.18058673812839332
0 0.686107364223549 0.5302619563709313 0.20083946195408067 0.18114629636374957
0 0.27757948525525067 0.9001981860443459 0.2129426368807436 0.18389986641469327
0 0.5761676304555878 0.37337320462002876 0.34141488174714346 0.35573628093431897
0 0.9369047827697542 0.41772860202505985 0.1261904344604917 0.16504454473460448
0 0.6577916311442612 0.8884478951207997 0.1224893343546584 0.13804267880694054
0 0.15773051137149288 0.35639512069334184 0.186584273345868 0.18553431999492476
0 0.6763660124226166 0.1481553350785221 0.2178342733458679 0.18644360212737837
0 0.08555410888213928 0.5932346628904805 0.13702688984685168 0.2105077873194227
0 0.9230007398959112 0.9736039359883268 0.12287852073013447 0.05279212802334635
0 0.44434905695893623 0.03694327334136102 0.18196734468710327 0.053322781533386286
0 0.7596231455918049 0.9732099909653926 0.18040294010757799 0.05358001806921482
0 0.5598405937338465 0.6622672735848757 0.21369813429763232 0.20553448179930867
0 0.7204213769192199 0.9858366141864807 0.18188340052967134 0.02832677162703863
0 0.7427656881031974 0.914934423938944 0.12670941756032597 0.12135564528885659
0 0.8448985133311754 0.09182333749423034 0.20958487058346018 0.08774602026084705
0 0.6266445701475466 0.27158157754158313 0.18988097081978267 0.14240497878453298
0 0.16547619823990856 0.062448552692834336 0.2107600887875094 0.12139986641469319
0 0.04975590812436416 0.805917964553237 0.05216731145703188 0.2560666983372434
0 0.06149655059902511 0.4544539508089706 0.0964667474495111 0.14929251700255664
0 0.8853137446465146 0.7677937201809362 0.1999466106340121 0.22434558235356078
0 0.7119734495314642 0.06754368231846504 0.12469475778195588 0.06366333759654882
0 0.8872749946791368 0.8927237754015167 0.18485198045147846 0.20469514444627443
0 0.9332456037932372 0.5822172016149726 0.1335087924135256 0.22549042247785586
0 0.5460585866079416 0.9809497283632419 0.1748397503829969 0.03810054327351618
0 0.8664110420184531 0.19210753872449204 0.1922314072278811 0.2097126710922253
0 0.300858619838013 0.7760025510076702 0.1316010540254505 0.12389938100154187
0 0.9696314136530368 0.14357236149067767 0.06073717269392631 0.13162625657259955
0 0.9511866762508407 0.31601978155282523 0.09762664749831848 0.11365449337138148
0 0.4072421645821422 0.7622881706149153 0.16005802149612827 0.18236108126746395