0 0.5965303327774218 0.08514579187677944 0.22520856521438717 0.15871147284922943
0 0.7762930210975785 0.09325325343971538 0.2791447270356123 0.17134607183076758
0 0.6925959150291315 0.252297855481534 0.38875836757806215 0.3263110769720257
0 0.18145606307457446 0.9489047046222374 0.33596637627792003 0.10219059075552514
0 0.8600598702232921 0.7860372996131411 0.16631324439957224 0.2540821230965025
0 0.5952161747255713 0.7877681508592965 0.34464789965954357 0.31619220927384417
0 0.39707648488312064 0.5496458410860112 0.41889579844885966 0.3963023282573403
0 0.14300105992151035 0.5670156779733555 0.2860021198430207 0.3349754379865716
0 0.12228505009750787 0.877209731307831 0.24457010019501574 0.19996845541790045
0 0.041815046545086006 0.6426241046246849 0.08363009309017201 0.17455940104293624
0 0.05426851649373248 0.4454947343681115 0.10853703298746496 0.2948356225823768
0 0.00848919488141036 0.17202884205307684 0.01697838976282072 0.12771153025999984
0 0.05253973015292034 0.21942131077706256 0.10507946030584069 0.20326569847720205
0 0.1686920294350431 0.18965378874307576 0.29392739984074023 0.257968447216362
0 0.2212023382872513 0.3045637343925858 0.37139096063247806 0.2924894031239139
0 0.5266264658156702 0.34782150571656995 0.2753569797726489 0.3201887343925859
0 0.7399411157827648 0.6462777252362188 0.33461189646951517 0.3112726318366414
0 0.8831192485313402 0.5637234873059381 0.16057387094928707 0.27082513232629285
0 0.7227366160366818 0.471621266770275 0.32508695584743535 0.28474641029720094
0 0.8823357639378925 0.3663983180727216 0.19452847038376028 0.24720624002349545
0 0.44416615435277956 0.9289203948979009 0.29407886652663784 0.14215921020419814
0 0.32870580562521534 0.8773093149267807 0.25814103951296263 0.1783058687509076
0 0.3602249575139616 0.7645802872374099 0.2718427445807689 0.19767649439356477
0 0.0629470447325149 0.7584982174509084 0.1258940894650298 0.1627919118151039
0 0.19927241984993024 0.7615042882411872 0.22418644007848965 0.20192476105370524
0 0.42342398839978657 0.13847626364880847 0.2634892156893158 0.21198768618713132