0 0.5006452554230952 0.3536089134758138 0.23261080139309698 0.24944497094893456
0 0.5508493731897962 0.7260314293929022 0.1903690443698047 0.18252544097650977
0 0.5224243652035121 0.843751790002391 0.15505880961829155 0.1111761594123762
0 0.5011171830904365 0.921556728596096 0.1619903318900704 0.10674640782066766
0 0.32011682680713105 0.9226547750765519 0.14784727115675309 0.11079821869639297
0 0.11899687253822236 0.2647686923775824 0.23799374507644472 0.26690179521916335
0 0.19054061203218764 0.7197510706960215 0.13680809705168068 0.12699524058000997
0 0.40074787509406096 0.6080812119482849 0.12308506060300263 0.13825858991727402
0 0.9199538142087096 0.41670993981365806 0.11696987835961235 0.19785082280878322
0 0.9362303160260979 0.19897289253258943 0.10653815371583902 0.1421844205543382
0 0.8116847815468419 0.13600129683942286 0.11799735210555085 0.13319893713225936
0 0.3739047653570824 0.1637373925834457 0.20420838037247258 0.2144053421698156
0 0.10773046567277794 0.08938834933726382 0.17876983788521333 0.17877669867452764
0 0.648339542639293 0.10142470253781191 0.19391666382357925 0.16114278606921675
0 0.5492725997595532 0.5679444943130313 0.1838575463826652 0.19416673102975707
0 0.0029909517999465863 0.8579892173747272 0.005981903599893173 0.11094464217362252
0 0.08041591132554775 0.4091833211567012 0.13144037236446932 0.1171278954873033
0 0.7871607779772228 0.6393551055928698 0.2781675787621843 0.20869534495292677
0 0.34448560328573397 0.04461757732338335 0.3446826395823782 0.0892351546467667
0 0.7197074696984986 0.0480778180781186 0.30748117397475766 0.0961556361562372
0 0.9450508260035233 0.05690755140487927 0.10597812133632008 0.11381510280975854
0 0.9012452713956635 0.10015301812829065 0.15445136015699226 0.18303958355043862
0 0.8027242634745367 0.2898474506855767 0.26019688238533306 0.22932211842825298
0 0.6578990206281438 0.369332679262639 0.16294668001333873 0.16431273527431395
0 0.7368651907726528 0.4742353807901679 0.2908868500058138 0.22134447691546336
0 0.30592186269111177 0.34344361061900575 0.16591055854670395 0.1740541001283598
0 0.22881360374183568 0.5152402880707488 0.1500874006748294 0.14925975715793144
0 0.3339431869641233 0.7469850354877908 0.13454425899271433 0.12927310649519524
0 0.24180440163047104 0.8476741702334387 0.1663542913722334 0.1405262342131747
0 0.1031765186044238 0.8881258384653452 0.2063530372088476 0.18023735344204075
0 0.05100860352464441 0.7211691785827724 0.10201720704928882 0.2547770274498398
0 0.7669747821984157 0.821349411162899 0.3026260645852851 0.21716668580107687
0 0.647669940157167 0.8947041549263268 0.1762496921773775 0.14583784747551165