0 0.18623319769469956 0.7161171967079211 0.27714010501624564 0.26876529777548197
0 0.16328997079915566 0.9011866456812009 0.14567602411088626 0.19460471897004303
0 0.8216293595271374 0.810752338000969 0.25256531963915524 0.21752903112782407
0 0.7298213721907162 0.26837978809061735 0.2698122670007176 0.22532817869138702
0 0.45256272447002005 0.22266096049941358 0.2580730524212464 0.22971615021191888
0 0.35161416185415706 0.08740077844684581 0.25074521440571823 0.17480155689369162
0 0.1177625098471106 0.28493588384939084 0.19190913341348226 0.2058150425766372
0 0.14642011694137405 0.4874732747473662 0.2533579511266536 0.3135149889668061
0 0.860553214536033 0.027140514875238574 0.14899104445668135 0.05428102975047715
0 0.6830948698303498 0.6240956091141003 0.21074358690050232 0.15849361691660294
0 0.27988836353113916 0.8766406896593365 0.1950367285826174 0.17713677704534747
0 0.3354127889032713 0.5892665957056047 0.21949521440571826 0.1851877570812068
0 0.8868962017638585 0.6699708873531365 0.2158312953979541 0.16346919753915928
0 0.7468679185299432 0.4990231026236999 0.2651682913287952 0.1867826960724166
0 0.43722735177976385 0.45563944423475244 0.3027423641392748 0.25526560658415814
0 0.18521133182491312 0.16093938419976542 0.3604109632906924 0.2980617068204806
0 0.03331343703663095 0.2204403208156734 0.057946372190716286 0.29469628144557625
0 0.6349879918182437 0.0808416965001114 0.3420913682518721 0.1616833930002228
0 0.8915457853119331 0.08809893468037701 0.1449996921773775 0.14180404774285965
0 0.9574392992499218 0.7990345199109719 0.0851214015001564 0.21598750188236202
0 0.9696115139597079 0.5050517638035683 0.060776972080584156 0.19532968197524744
0 0.575737011360431 0.807295411289811 0.3417165178985523 0.3477869786343609