0 0.6643332073845151 0.462189892217137 0.23936530084443403 0.24074992618615235
0 0.8507135926041818 0.8590326080889563 0.20769574580999015 0.16827091489985882
0 0.2700728651078173 0.8850184420139178 0.22485831291446837 0.2261590215688097
0 0.31904644163518625 0.31717929534105094 0.2108687761936501 0.3005104246437749
0 0.1586732211952695 0.40798169331146955 0.2200086651033317 0.21889154054251614
0 0.0286363763289319 0.17394319076531486 0.0572727526578638 0.2049982338539857
0 0.7442738751349902 0.7689311763086061 0.19591426289361089 0.20899644310335547
0 0.5241129758959946 0.600831457364269 0.22765374376712882 0.2934946851588798
0 0.9171837775532853 0.5890466142339918 0.1597027337399558 0.18213456617538362
0 0.9618079668902524 0.7688036214072788 0.06894395694202352 0.28203319590657283
0 0.044414411819745245 0.5211031610194409 0.08882882363949049 0.1789475241149644
0 0.38169408725239096 0.08550310305783304 0.20291602383792745 0.17100620611566608
0 0.14238931559767523 0.9345778430568541 0.18583736774033804 0.1295576348969219
0 0.7941285172346914 0.05481042354210009 0.18578142706907877 0.10962084708420018
0 0.4791445472372662 0.8934022481393737 0.22954013871182746 0.20458034874894956
0 0.18386545907845175 0.20938467279538578 0.2009177475507104 0.24270623182195672
0 0.9230962981183464 0.39908682551539043 0.150115319460201 0.18683037335356548
0 0.05943185837495101 0.3214161025559444 0.11886371674990202 0.1888985641188804
0 0.5573814285797845 0.8732624122313323 0.34274467062763353 0.24435653748223546
0 0.1966888369970333 0.07102366253734388 0.18561360505530133 0.09109609643538345
0 0.35897401865183 0.6844782594379044 0.19377613492824594 0.25464154874405465
0 0.5404660059775135 0.26893286043923414 0.24920444814485548 0.27932334977720125
0 0.0833840048410755 0.7477771251162942 0.13584607938308668 0.2131048533516077
0 0.9010996710808452 0.05390135686482785 0.08722373476138646 0.1078027137296557
0 0.19811911127745227 0.6514965661264349 0.22531982345235665 0.3054859446457328