0 0.6990126646895831 0.17259203072186435 0.25878216214551314 0.2755069041590152
0 0.8065612456181618 0.6634863033765703 0.19561076046217954 0.24629713594967675
0 0.6103660235002131 0.7799967247702769 0.16055816080138902 0.18600518975411562
0 0.4040248953732899 0.867723925572996 0.25844646130384635 0.2610838272359381
0 0.4613585518490379 0.6246347829265164 0.18476447276068397 0.19335657989380195
0 0.09600995104695495 0.21215300756716315 0.1878956707381412 0.22462056506161682
0 0.4795642928751601 0.15223705819230282 0.20209494710010703 0.21508909145312097
0 0.5477891328631407 0.42223621029773645 0.2536947191364317 0.26345970305415484
0 0.912223600802083 0.4093001496814871 0.16016650981944464 0.16917826667719255
0 0.9099097094929486 0.09854210442957867 0.16575750409102596 0.19708420885915734
0 0.9228960084484503 0.6736253304298605 0.12880661941698734 0.2675401666354776
0 0.1593361389434822 0.84751579730549 0.26906894844423107 0.304408998676428
0 0.863031694675801 0.25095397721956647 0.17498123772446605 0.18608910076100435
0 0.7865161845362173 0.8534810531212127 0.1606141109416668 0.1884090359079618
0 0.2632090945775636 0.6185770208096988 0.21282933452104727 0.2632219552013032
0 0.3519056562729164 0.31882267895014943 0.18778377045758562 0.21981287275392455
0 0.09397078574396356 0.36962590839580844 0.18794157148792712 0.15978664474684465
0 0.07109077726864298 0.5440236284760803 0.14218155453728595 0.19078491172617837
0 0.1815362853651705 0.5132972709139858 0.1793992889283122 0.2726415474672808