0 0.28278431380265023 0.50809355572244 0.1431770821397264 0.1433963202848746
0 0.259937833559069 0.6618661750691716 0.1534642323591651 0.15860429417801022
0 0.21419569860854948 0.42648567460084597 0.1311578513704956 0.14241519907230135
0 0.21809131195638404 0.2651336459293817 0.14820869631543676 0.14859646107759625
0 0.05102234730040253 0.6268885095596415 0.10204469460080506 0.16365736597188732
0 0.5749634042800147 0.9449068700566801 0.1726950015899343 0.11018625988663981
0 0.055207715690826234 0.40021560862746663 0.11041543138165247 0.11921078974756856
0 0.7874076732215435 0.37193116949402705 0.18868553158913726 0.1950052797270618
0 0.8813221225462571 0.8682268914098347 0.11572712604133747 0.11960323823259791
0 0.8532366758956855 0.7718278641358866 0.1234984691729213 0.13221114172937257
0 0.8651538875129499 0.6195760818516851 0.13618946554620592 0.147615339865023
0 0.8381849144240731 0.11064768045118477 0.16016863269031545 0.0968891911480689
0 0.9262344922737517 0.9480213843998725 0.07117365845835075 0.10395723120025507
0 0.1849278561472358 0.887816218184124 0.2174790188956343 0.22436756363175192
0 0.6145084551787243 0.6389303342898783 0.22625801043329885 0.2818870345068825
0 0.8012904727407564 0.929943779734522 0.17884622510573459 0.14011244053095595
0 0.5084197330952521 0.8184832524680343 0.20333253038023222 0.20099031748984195
0 0.46921074314752187 0.7018723347507436 0.2547616536227306 0.17405725082516482
0 0.3993938716066696 0.5948278447712504 0.18253430807333698 0.16576667739587853
0 0.36737008685064926 0.4534671030448619 0.1666030724684859 0.18362387692904514
0 0.4185885439345199 0.28632606248704895 0.1995851530182781 0.17194793940117356
0 0.34362809728394816 0.18610066248406484 0.19812966087616085 0.14069793940117356
0 0.2778351915127252 0.09627554406652407 0.15463650823891215 0.1323582107282172
0 0.15143567983761252 0.11611996037883816 0.15620396131503828 0.16601205688206336
0 0.10767901635312686 0.30438047809314467 0.12120658395308397 0.13441876364070418
0 0.04472140898400033 0.17319941445393255 0.08944281796800066 0.2646680596770959
0 0.0332783743726003 0.46256853962862216 0.0665567487452006 0.170329386949552
0 0.08235282592460944 0.7704322955755264 0.13943633263246727 0.21732687832656147
0 0.06498598174172684 0.9645064027980166 0.1299719634834537 0.07098719440396686
0 0.24149724057210578 0.9642854025675839 0.20595367054740132 0.07142919486483215
0 0.35059565216443084 0.9285709043182094 0.17085096010613327 0.14285819136358122
0 0.4332747754069291 0.9589867529214392 0.14239335560166333 0.08202649415712152
0 0.701119288671976 0.8257677303307462 0.22256329961100144 0.20256011142995936
0 0.9224477040815309 0.7364567583109127 0.10763315581711744 0.3057296685349951
0 0.9224149211059595 0.37450626553638694 0.14688504867141405 0.4286691156225082
0 0.9220956079406704 0.12232322124689053 0.07407801488788998 0.09944050303292541
0 0.6068129760782308 0.33788546995340024 0.22597479417092878 0.2243909510570895
0 0.6550974295353863 0.1560270161087384 0.24268975631384285 0.223360674600846
0 0.508940305083983 0.1079015328863939 0.11673477444741866 0.14123785361721325
0 0.7668530781977991 0.5283038592371194 0.22245133867699268 0.20015626527611333
0 0.34196821053999404 0.791624513767111 0.198300916204522 0.19579017669712057
0 0.14142825380424406 0.5641183540855388 0.13842868422638618 0.19569226294194608