0 0.7915476774050206 0.8627189529165228 0.2647068473806625 0.22328160339482558
0 0.3752896368686424 0.919207231517642 0.3067451750637822 0.16158553696471584
0 0.22259749547152735 0.5101006462271663 0.24860727612735067 0.254237888359976
0 0.07241808569166647 0.5722771384859786 0.14483617138333293 0.16378504620272635
0 0.5023179110653311 0.11578260489164831 0.33190263940779935 0.21964877122653267
0 0.7338434736673611 0.03565510176819826 0.1957745911268161 0.04907177946919621
0 0.8218626040450855 0.07687105706229452 0.17839017652521358 0.12806302822057664
0 0.8251586376262285 0.19356249375056506 0.1721857405886754 0.17120638111772893
0 0.840724672668803 0.35135009115303084 0.19678370352991473 0.19566443556311874
0 0.7631281841842945 0.48226089160309155 0.25805481032190186 0.24719418706120885
0 0.6276405476993584 0.775689146474102 0.19141650981944464 0.17154205544327156
0 0.6008955389307687 0.5299303883574411 0.15239546995512837 0.14683224525372474
0 0.6404521248839207 0.27691204919637147 0.29020001256634653 0.286201196301754
0 0.9195170545959398 0.5306823020665489 0.142054743394231 0.21873783341564518
0 0.03602770735945504 0.31557519480493146 0.07205541471891008 0.2128811588406321
0 0.9110995733012816 0.7373501323612788 0.1499376835391026 0.24770986513387755
0 0.7696083510660251 0.7204514572873248 0.2145058288512822 0.2344196890595071
0 0.4741590747040592 0.7056750799167221 0.2191456707381412 0.2272920691793542
0 0.3362995868916126 0.7910447646079617 0.21143058101410275 0.2055315759226603
0 0.184073977235416 0.8220551754481595 0.1966158531090813 0.18845289710158014
0 0.23693363236704007 0.6690691870612088 0.2329532961181625 0.2011015172312036
0 0.07537238879684771 0.6878925299694044 0.14775562806826936 0.15395986513387755
0 0.055483282090384584 0.16564950486974306 0.11096656418076917 0.15822208666256304
0 0.48808462999893126 0.41733941932726215 0.15205976911346164 0.1324091683306478
0 0.4623386842429482 0.5419408060656802 0.19426795709551298 0.19081478396473367
0 0.36755662146495693 0.42966453171569746 0.16508610240769242 0.17588819555334276
0 0.2627954981597754 0.33284542020294344 0.1620108545705129 0.14700008241649604
0 0.4258663905784186 0.3008219030939403 0.17514908814529934 0.19528680194688328
0 0.19539182137307612 0.9531189167078226 0.16329569791880352 0.09376216658435482
0 0.24379154430726485 0.16778334540290002 0.3094307817971156 0.28653687062729666
0 0.6726552871467414 0.1331847914539162 0.16229060527190187 0.15901931318572682