0 0.23616037979364302 0.1632751276672271 0.26588180032649594 0.28890324673477935
0 0.33186260506907017 0.3815862582105394 0.12511391015865397 0.11746285796663723
0 0.35587108165929443 0.4841498876385497 0.12248626344369672 0.10766532078177103
0 0.55575499327938 0.4018146083486274 0.19376440583301283 0.18025543760442903
0 0.5075991696872861 0.1511053488542706 0.2588381122857909 0.2955683274878731
0 0.769475510288675 0.29203518223424885 0.21690967500512834 0.24679865688360939
0 0.7451892928751602 0.11085343998568545 0.21690967500512834 0.2217068799713709
0 0.8932216568276709 0.09356971607678183 0.17062114653899568 0.18713943215356366
0 0.9033575134461531 0.6226343344809897 0.15150227758878232 0.22024592212299154
0 0.48251859598034136 0.5585393405559008 0.18918051408643174 0.18950651708085048
0 0.05916594195822616 0.8698086517697751 0.11833188391645232 0.15461346569121906
0 0.18214369739583258 0.8860504155711145 0.1428360354800215 0.1571994644145468
0 0.3219604351789523 0.7554754114183571 0.1428919856202993 0.15960331056839294
0 0.6783171424210998 0.7032764465196993 0.08089352700470115 0.07331872710058435
0 0.08024407075721132 0.6136348151909711 0.16048814151442264 0.17176883115651947
0 0.6106147843143155 0.8799784896109611 0.16681854687820527 0.15661714395551649
0 0.8051874523642086 0.8196421308446175 0.173304743394231 0.22909683370986428
0 0.3182848098844551 0.05191721959477579 0.14708422638493596 0.10383443918955158
0 0.4929832820903846 0.02851487264122317 0.21114882043461536 0.05702974528244634
0 0.08074963189780972 0.1390573523758372 0.1432296963400643 0.2772096195373729
0 0.07152187850817279 0.3293255036686465 0.13070490443023514 0.15148100925944655
0 0.14000050400550174 0.4801109265841992 0.26040270633547025 0.2596927877496623
0 0.2205822854824781 0.6263798174215748 0.1637992491813035 0.1299926836937272
0 0.18259330839615318 0.7636364142944423 0.15004757394155993 0.15774592212299154
0 0.062325617475346935 0.7586852709844073 0.12465123495069387 0.16608623875200507
0 0.5725768916610571 0.6584976204770141 0.1677696992629276 0.19748252857090082
0 0.4416501965478092 0.7164107823059422 0.15720316226282066 0.15588853367759015
0 0.4500046931288454 0.8729519425354574 0.21098297989188042 0.19835742866772293
0 0.7658926914327987 0.5490645681263058 0.2713049441772438 0.31570985956605024
0 0.9249152381936963 0.26345941842576415 0.13797239303205144 0.15443131312173747
0 0.9163309114172539 0.42608333894934264 0.14831512947104714 0.1864099233996638