0 0.3965376311178051 0.6253938855382353 0.21784556006695105 0.27690075926399244
0 0.20724891212998447 0.6885603343129743 0.3235537681435891 0.3649473923957187
0 0.24207198992328885 0.9148783882215976 0.17641027028219342 0.17024322355680474
0 0.436949705721081 0.855068656572111 0.23725721728433002 0.22555659848936654
0 0.17809056448960042 0.3962619584291681 0.24176415631139556 0.24974910548882703
0 0.24335727666225035 0.19965344991055514 0.2067285891396008 0.2044772837266098
0 0.4158032718772076 0.2035331846409415 0.21375923961452953 0.2575159445722242
0 0.5690593596757112 0.575495172729081 0.21907799449017049 0.23634346557060554
0 0.7362285518749272 0.8742473164664809 0.2185375106215096 0.2028436648777584
0 0.8325077135507115 0.43102780808984503 0.19585134880028468 0.18943802495953713
0 0.8377981371712248 0.25926027143141306 0.20429532168504247 0.14934286764914725
0 0.6679379661423076 0.10734337065905843 0.15799131689999976 0.13920446542862858
0 0.5581864795187319 0.17799716580060906 0.17767212600612498 0.20022489204077615
0 0.7118315844999987 0.6910158496606769 0.19365781193376025 0.1916878256523843
0 0.563998316175213 0.3946979926881917 0.24687260189971466 0.22617278033336227
0 0.1249841993040597 0.07613486570406368 0.15056946915113936 0.13633848289178557
0 0.3600920116729338 0.3864118208109728 0.13605594823475758 0.16170247235710059
0 0.32095323330719283 0.4854943731294553 0.14335793068960084 0.13587634650878863
0 0.572495681433474 0.9379888921827532 0.14074377524843293 0.12402221563449373
0 0.7851205609371785 0.5451191785643317 0.14816562299729313 0.13618443743078665
0 0.9507925270067658 0.8307110496777148 0.09841494598646851 0.23116680111877813
0 0.9210887902925917 0.9620317396640837 0.15782241941481645 0.07593652067183253
0 0.9521459167695864 0.595827331175287 0.0957081664608272 0.19131885350824918
0 0.9518694095556623 0.3416358207115906 0.0962611808886754 0.18737455274441353
0 0.9564300159501424 0.17999238717097102 0.08713996809971511 0.14737255967288546
0 0.84400444123839 0.138944358889175 0.18320119016908784 0.18145625919300382