0 0.35171907823515336 0.32856917225678556 0.39182580314404325 0.3480296062037739
0 0.4684160532698774 0.6862938665965067 0.3978101485373235 0.3649124718454523
0 0.2001103571442243 0.8479406399647569 0.26200163748642075 0.24323768618713124
0 0.7403116052428095 0.799621750661054 0.24690618737157932 0.23345447387748117
0 0.7226530123175857 0.9319311886109141 0.22458272544526936 0.12030587695244623
0 0.8658230018787182 0.39584468295553005 0.22565829856551672 0.20438454977230636
0 0.759238014644677 0.25417244399699784 0.1478947551527341 0.19147023796699217
0 0.6108384196316797 0.28111907683741655 0.23695461616031246 0.2285348964402783
0 0.1265216363228752 0.0970052861357351 0.21340396116574414 0.13218525130978895
0 0.5274931707876598 0.06854988817755371 0.26232135073237284 0.13709977635510742
0 0.07738589345885495 0.4364650625520285 0.1547717869177099 0.21601218258825072
0 0.6389287136035383 0.46333587272930493 0.2894525049663753 0.2579684472163618
0 0.7473275405493118 0.09818817117958513 0.1464324554539342 0.1362097477109082
0 0.8927014561993689 0.11451076910839725 0.20888191547126395 0.17056287592419456
0 0.29115982787000155 0.08055597537090972 0.20133419041384304 0.16111195074181944
0 0.2142301941712793 0.64601756304168 0.17969957502922765 0.165419528227971
0 0.09381813326548032 0.6549353497282524 0.18763626653096063 0.218975454389649
0 0.03912679491121773 0.8682211743500005 0.07825358982243547 0.19624995899230685
0 0.4582887120521442 0.9169931691597935 0.1910464326066939 0.15594400002447437
0 0.8015756155331462 0.6620011373207046 0.1629231919349748 0.13159785437985916
0 0.879934602230808 0.24556234141657904 0.21592536063486115 0.16824294361748127
0 0.10266006472375978 0.2149755610096511 0.19328218546259895 0.15356812515300583