0 0.8808722851686694 0.7379807692307693 0.238255429662661 0.28365384615384615
0 0.7136133888262888 0.7980769230769231 0.18230239386964933 0.17307692307692307
0 0.4983153160039811 0.7848557692307693 0.2238111179797188 0.2283653846153846
0 0.08385827082209547 0.3894230769230769 0.16077966361454432 0.18269230769230768
0 0.0829763333618868 0.21033653846153846 0.16393873439258588 0.24759615384615385
0 0.440771797972866 0.1778846153846154 0.25226567387258625 0.19471153846153846
0 0.8347787969446144 0.15865384615384615 0.18568523490671177 0.25721153846153844
0 0.3230591590975468 0.9074519230769231 0.2184999425892296 0.18509615384615385
0 0.1464463949957985 0.9134615384615384 0.19191777848503389 0.17307692307692307
0 0.2902393990231446 0.359375 0.18755762669538328 0.21153846153846154
0 0.3252087375140524 0.5757211538461539 0.20690028105566297 0.22115384615384615
0 0.6559605118616053 0.49158653846153844 0.2773390728590193 0.28365384615384615
0 0.6671249343876909 0.21153846153846154 0.21288276722321478 0.32211538461538464
0 0.480564498543283 0.6021634615384616 0.18758559797776092 0.21394230769230768
0 0.7973784830827969 0.04326923076923077 0.19571850462713222 0.08653846153846154
0 0.9007438676981815 0.04326923076923077 0.10437235078097838 0.08653846153846154
0 0.8975034092689492 0.28125 0.18741777028349504 0.19951923076923078
0 0.8885042349311861 0.4375 0.16519575796895006 0.14903846153846154
0 0.966836493353076 0.43028846153846156 0.06632701329384798 0.27884615384615385
0 0.8767375877686678 0.5625 0.13866953642950966 0.14182692307692307
0 0.9324621303799245 0.9098557692307693 0.13335836103902046 0.0985576923076923
0 0.8100058329456586 0.921875 0.12136710155216718 0.10096153846153846
0 0.4933643990231446 0.359375 0.24603313029426405 0.27884615384615385
0 0.24063719899132788 0.125 0.25254538669636223 0.21875
0 0.13557061854279345 0.5985576923076923 0.2509527077314667 0.28846153846153844
0 0.12731268318803685 0.8185096153846154 0.18224645130489403 0.16826923076923078
0 0.3091238954854499 0.7427884615384616 0.17956289232727188 0.14423076923076922
0 0.5142488421754489 0.9146634615384616 0.24477442258727158 0.17067307692307693
0 0.5318653682123073 0.052884615384615384 0.21276919796307625 0.10576923076923077