0 0.12322868676889363 0.7176949475558386 0.18365391741342704 0.18980513893433992
0 0.1568101609679496 0.8907231121212573 0.23603802252234954 0.21855377575748547
0 0.33871211426749903 0.7939550237876176 0.26913869186084577 0.32849207739886255
0 0.9290865384615384 0.22608105434730447 0.14182692307692307 0.3120579995391347
0 0.9080085919685728 0.930826788825838 0.18398281606285438 0.138346422348324
0 0.8388404666892938 0.6575718356948548 0.26941528026852085 0.28301522471830043
0 0.550313005978708 0.47836359932063854 0.3391861131244113 0.3413941188933265
0 0.49375007125958087 0.21511806621873253 0.29853802252234946 0.23989306294791418
0 0.7934997804919439 0.1725346284678886 0.15911494559927256 0.22851205688206336
0 0.5358370843670219 0.0904367818382567 0.15821263027250537 0.10630835152093887
0 0.3396173872237093 0.093577163182823 0.27538862060126484 0.1541886536231815
0 0.054257793789899575 0.05950728275252694 0.10851558757979915 0.11901456550505388
0 0.11807499172817924 0.11859753939818948 0.1795706572494457 0.15355122238413313
0 0.13278791276832147 0.2802439044334258 0.2173670579616253 0.24524066947164622
0 0.2605013084543662 0.322997600242369 0.23503700197096358 0.31612955338827275
0 0.38702935070022576 0.6230855242559431 0.28975903098468486 0.20565054406652414
0 0.7394266758887481 0.8110994722875676 0.26186785900495513 0.27521501352921807
0 0.7057004577801119 0.9548165910358366 0.24665442768912 0.0903668179283267
0 0.5632478077840963 0.8074942981550469 0.23771743653248478 0.27084892495022517
0 0.504001302725053 0.9517753136429422 0.22697581472231482 0.09644937271411563
0 0.9453915888839616 0.4936928743942862 0.10921682223207686 0.2696228209836327
0 0.8537211509814971 0.385789952945312 0.1375922911486662 0.22914988485327747
0 0.7514490424363742 0.4265330445497701 0.15475509702761633 0.23773499301241863
0 0.6578471002733022 0.11356725993140135 0.1426172774696813 0.1313770895156439
0 0.703306197110404 0.2669472324270207 0.1715227257101874 0.1864201715679206
0 0.15306923331173822 0.5357383815899195 0.17331410065433148 0.22488171002945898