0 0.25153963379668814 0.1029240784358095 0.2449725268873933 0.205848156871619
0 0.44167833484118646 0.661181770613365 0.2664413017292737 0.3144614489608152
0 0.30149289645101524 0.2776452225996453 0.29875234451645316 0.25951628066371274
0 0.9181633601229703 0.7032752428561709 0.16367327975405935 0.3486552093307009
0 0.1152827644945517 0.5035815883411 0.2145637888696584 0.35341374639472317
0 0.11550053542136769 0.20251214638278675 0.18761592003675231 0.22645150396957645
0 0.7321500585965283 0.5170501053342675 0.1428360354800217 0.15801562145046633
0 0.36897949350908193 0.848951330989219 0.19169626052083352 0.19559395245460573
0 0.11492511821704127 0.7986414149147978 0.14479429038974378 0.24215023683508172
0 0.8897128770149577 0.4572243053282994 0.20891483457970111 0.21379444522913155
0 0.7193724861163999 0.3302368901830689 0.2749376835391027 0.26716942285395073
0 0.6414503461807164 0.7074932706059047 0.22635720919967967 0.24161032261904197
0 0.03444016293488264 0.18624912004548969 0.06507571633087625 0.21884791375517446
0 0.85287992225577 0.8407602582437703 0.13953698708173087 0.11935785874641333
0 0.7443151943507487 0.8327634260800074 0.19136055967916668 0.18117087553152883
0 0.0839987597901177 0.19424575384316972 0.16363340863856857 0.22689310769827592
0 0.8998807284597757 0.11801223889405475 0.15625401975619668 0.21909289650919342
0 0.24347493730753272 0.7857395717864168 0.16469445142574796 0.1693970242484829
0 0.1880435856012292 0.6289007006927899 0.20673478898696598 0.22321360560200149
0 0.9519675518759082 0.2867722286356551 0.09606489624818365 0.2125683412625392
0 0.1841640953033662 0.927860632861029 0.19264540302745736 0.13329017669712057
0 0.6000294799187508 0.8939138389059911 0.2070684799505343 0.13446752215220834
0 0.5122750261566775 0.1761447617524816 0.21389037730822671 0.22139843217569938
0 0.5616627577739317 0.04837205290502668 0.19544090016324803 0.09674410581005335
0 0.07781928410657059 0.08396316713001867 0.15328866232147442 0.09168905035534727
0 0.40653075564043806 0.050407730646554204 0.16161920358856846 0.10081546129310841
0 0.503420998069338 0.5200664083731612 0.1333325511451924 0.16203841678809994
0 0.6053876291777782 0.45153261209887663 0.1768255824755343 0.17518583776874846
0 0.7661595411497863 0.11568153050746506 0.2009759442945513 0.1819557725015875
0 0.30264288914385723 0.4822664820403404 0.24363173339882507 0.2622146615474138