0 0.8939617986013767 0.18334204941632465 0.2120518953128738 0.20859604839552554
0 0.8338448745633767 0.07097497604114764 0.268651287588292 0.14194995208229527
0 0.6730259677675978 0.17326010348120613 0.3215387417894607 0.34652020696241226
0 0.1888086128527065 0.8666576640842087 0.20181832748787307 0.26304446136470855
0 0.10336822343193781 0.15333353854841497 0.19981464922357578 0.2366021536724008
0 0.2134222978088154 0.4426943969314573 0.3132701506616184 0.3126140564035288
0 0.5226463903747003 0.5405780004561017 0.3925253482373701 0.3794543073448017
0 0.621008256962448 0.7871596564019925 0.3342120185188931 0.27314875273694195
0 0.33781121164058237 0.889367170296543 0.1922746683736598 0.20026444517494907
0 0.6018161892988176 0.9162435996943958 0.17388009767257395 0.11542978931593459
0 0.7911183642100639 0.8653794905655527 0.2988083721714027 0.18493019405992328
0 0.9491799540469434 0.7793095919687413 0.10164009190611321 0.17029822656975704
0 0.9161070089438511 0.6209239077342096 0.1677859821122977 0.26698839656223217
0 0.8288470341688463 0.6144931464897245 0.28438813406487884 0.34204395117009195
0 0.6555284867634567 0.3505471220530512 0.3196426517769204 0.2387948661086969
0 0.28305785254435273 0.26238334842733607 0.3053300019221536 0.30257864750350494
0 0.28595010405593524 0.08396609318885341 0.2697800657557672 0.16793218637770682
0 0.4546044101559753 0.21617506924086058 0.280927235244729 0.2963708742470149
0 0.4835567328456095 0.0580090082686328 0.2459596195373729 0.1160180165372656
0 0.1267597360515806 0.6372766599933306 0.17701539292089957 0.2831389877056464
0 0.2450960747067635 0.7173047451198831 0.17391879923971282 0.2422736030902618
0 0.33642287776934793 0.6480024982477691 0.19147433259456215 0.25286904436980495
0 0.47894680659844135 0.9197782433024948 0.16000347845794166 0.12180127920819463
0 0.4102163370772055 0.7934007493193567 0.19985051197416143 0.20549216176728072
0 0.8956266493813736 0.37274401296764653 0.2087467012372528 0.24437372451345837