0 0.2904213350257108 0.7380934519284371 0.24218477488603946 0.2416712508235768
0 0.3596850137030617 0.48622104215155315 0.3134589223521363 0.2324754212426359
0 0.1349548196191585 0.5401739201637017 0.1992457186981476 0.27265553263509557
0 0.6338160993259966 0.2691772326249583 0.2246070586531335 0.20552964750899558
0 0.7695702042345431 0.5438660044668079 0.21039429101737858 0.20784958265595294
0 0.13319334184088155 0.8633164132583244 0.12800317262393135 0.14490205728587952
0 0.11665355143981346 0.7154588970450637 0.12520812919615348 0.19534087101320424
0 0.7579525212072631 0.9053931175999878 0.1608157816284897 0.1354824650199019
0 0.7680653477858248 0.7600932843865359 0.20014797854002817 0.20058210352315534
0 0.35104871231809065 0.2639282061759505 0.16333949307635295 0.16432861886605582
0 0.8154432399769228 0.13448573094174174 0.20369381512378865 0.18618699693570798
0 0.5865613425656684 0.6353022605486085 0.22878382309886 0.19834607938308663
0 0.6058498643522776 0.8420400223632851 0.220850912782051 0.21752090794259699
0 0.9113472751035963 0.7082086085006785 0.17730544979280738 0.21274118597053396
0 0.9265505664833682 0.8799577419903455 0.14689886703326357 0.19068701555147471
0 0.9172721667517085 0.9853547631021852 0.165455666496583 0.029290473795629605
0 0.47121867904095266 0.9089269576038094 0.1986758135287746 0.18214608479238129
0 0.5201886015373213 0.3297830437412028 0.2325693902706547 0.24161531015231752
0 0.6295919327924492 0.48178475814610233 0.19188489364187988 0.18852091725048006
0 0.9621966306099711 0.5787855083078932 0.07560673878005794 0.128103104544586
0 0.9531228199088316 0.46938953055617094 0.09375436018233675 0.15939506004803036
0 0.94534137627792 0.32155299209463245 0.10931724744415988 0.21949121389418422
0 0.8253266864354695 0.3435713982390053 0.2953995648519937 0.2732149393476874
0 0.9466642546944443 0.17616225529038454 0.10667149061111139 0.19777268750268004
0 0.5316695285290597 0.1040033124612567 0.3806467493658116 0.2040348372631112
0 0.2929978987893161 0.08099115804688385 0.23984195142478607 0.159968451928437
0 0.19532666562756396 0.07681898951961537 0.14546102356282023 0.1522114919221215
0 0.19529506423568335 0.2137682944497722 0.2588013886756405 0.23936530084443408
0 0.10806465214266327 0.28774210367422587 0.14431903313290564 0.1666205836773836
0 0.18920862546253492 0.3638967977226384 0.22106122206937281 0.21992475409644285
0 0.6789704833620351 0.9617000923234811 0.25934405263547006 0.07659981535303774
0 0.2892025212072632 0.9026660098761023 0.2479851710289171 0.1431974695227732
0 0.4274405657949416 0.7388906064938804 0.1449499609948714 0.17383212213892235
0 0.5123112636851838 0.7477935489058598 0.11472208613076901 0.13040905452372853