0 0.5783859815118956 0.5205284399028679 0.23034643210341849 0.197464523126802
0 0.5206517219596881 0.7942013714421263 0.17818318857407378 0.17588257428184362
0 0.7925647496554846 0.18293960520071112 0.15958334720527034 0.18219842527130992
0 0.598522280721298 0.8835125230609848 0.13437347393618213 0.1403253922498444
0 0.2899516842599007 0.2584893255695516 0.18539472703561224 0.17621845708387054
0 0.6689530109469387 0.7130107014662689 0.20107965968262073 0.19131329961100144
0 0.09764181186103998 0.20427757046461376 0.19528362372207997 0.2018243716984583
0 0.26821627441396134 0.6448664379319043 0.15120039701310514 0.14110911878790725
0 0.160610922569089 0.3574585865614087 0.21394012760113926 0.2014884888964312
0 0.19415634394252146 0.07059083444582487 0.18996268875527045 0.11897399312759892
0 0.6790718278111824 0.059385155560785496 0.18993326745455838 0.0639094534571554
0 0.8581038838536335 0.5649338496489268 0.20255182469387406 0.20814022268792465
0 0.8656330663373233 0.75475538206594 0.16147613079116768 0.20383304065592528
0 0.415072639599502 0.33189888878073504 0.1766205795695153 0.18538599796321917
0 0.05185322982628294 0.9655920745052669 0.10370645965256588 0.0688158509894663
0 0.3573520006520664 0.48126991919387596 0.21246796258988573 0.18466156581950807
0 0.19697590843091348 0.9528780587895012 0.28046760545213656 0.09424388242099778
0 0.5049983907045602 0.9338548199389642 0.1548660988908828 0.13229036012207154
0 0.7061979156811979 0.7425022876466484 0.2128885811645295 0.1894692581272004
0 0.098673472413284 0.6573762371947852 0.197346944826568 0.22010678691749858
0 0.7084230539396027 0.8825971301737794 0.15402486174159527 0.14602877202960884
0 0.6994849092284207 0.9669406656788725 0.23154944522592574 0.066118668642255
0 0.057166534474002856 0.04475437010852397 0.11433306894800571 0.0654702786785864
0 0.4770741075907408 0.09221568619734975 0.18527486174159527 0.14748426417172578
0 0.10838774639273578 0.8573729588972282 0.21677549278547156 0.18186917032397787
0 0.6454958950914536 0.3052195816599712 0.28548342695598233 0.3077648577960502
0 0.8128198241133198 0.4204198641557874 0.1254794611760682 0.12075874021704781
0 0.37888473152977353 0.7731166189455133 0.17121138070056943 0.2330150773041062
0 0.25069958087364813 0.7623190166683388 0.13332192749957245 0.1283061614806136
0 0.07500986243002176 0.4963448781569214 0.15001972486004353 0.16168341922678472
0 0.8965452614368947 0.11175286918192223 0.11637513912863212 0.09878824203040551
0 0.8924306097293453 0.28292977030803973 0.1836512300444441 0.23838257428184348