0 0.47528350130069374 0.7647341292904867 0.2292743277968471 0.22850692515790064
0 0.22682130717964386 0.7690506400259429 0.2144034071377341 0.21872371284825057
0 0.5204363625329445 0.931324241051747 0.1917018489526855 0.13735151789650585
0 0.933640839852989 0.8964603806369873 0.13271832029402203 0.14381288412573312
0 0.930025128840177 0.6428965683297844 0.1399497423196461 0.25670973950936965
0 0.9525488038421693 0.44007925243593815 0.09490239231566132 0.18638283283552382
0 0.88239604949929 0.27214483498992464 0.2335222154344943 0.21654363695342516
0 0.11656369726800987 0.5167018943715379 0.19685205191710006 0.2545576348969219
0 0.2815893748783269 0.5006030667017467 0.25504486988510067 0.21439153234097738
0 0.7403947353156105 0.6020434852249605 0.3280032754329004 0.28491423799146653
0 0.05279253801469192 0.3081398482103494 0.08610387351181586 0.19801046565146804
0 0.2579492263146398 0.17358209029034807 0.15497239104093913 0.12913806566125782
0 0.7011032534820949 0.3000670944523034 0.15038862060126482 0.13388981540419495
0 0.8376551132491087 0.8590460811339811 0.22536232296122669 0.2476817518239146
0 0.6638537580284746 0.8930618698281081 0.2064081421381325 0.20181287592419478
0 0.6173870127852917 0.7207393293100662 0.1710748819741513 0.1653635856632158
0 0.24469215371451927 0.9186608287225172 0.276844112743382 0.16267834255496566
0 0.11163096646587044 0.7460873887283911 0.1393836660928104 0.25869401642755163
0 0.5533622844667797 0.4809412687900666 0.2170838416992553 0.17310657848992875
0 0.5796233950486835 0.2710242995641922 0.20204829356647627 0.211372317974824
0 0.8552983676907139 0.07722351191055411 0.20098135076604307 0.13688105848797083
0 0.5006487462615732 0.09712222365712976 0.260912877138531 0.18562929234195646
0 0.04925914073871288 0.12910925231356615 0.09336807851301124 0.14764158155020926
0 0.13192187249342543 0.2790288092469223 0.21317183686363497 0.19228140515594275
0 0.3001515142834374 0.09959431388629188 0.23391076477617823 0.173302377466572
0 0.6887348842014467 0.0860968154776181 0.22362361455673962 0.15876741541398467