0 0.7315628197766255 0.5114116310443071 0.2554029604873378 0.24087130199562878
0 0.1555211565065854 0.4458288549230511 0.23027322490225918 0.2079403690162175
0 0.5370458235534253 0.8920320814122071 0.2027701775750188 0.21593583717558573
0 0.7962071743805544 0.7303967376748487 0.1863324408735718 0.18568392042250784
0 0.9062918701799167 0.821229814985774 0.14158274968224768 0.2089324554539342
0 0.22014268672585066 0.1479282618190342 0.22124544938889912 0.22409491890137603
0 0.7587454086293796 0.14703557544733847 0.26616302889508714 0.20565407617764211
0 0.896710849515027 0.6470602854722336 0.17283274968224796 0.21111766832716883
0 0.4575892566003431 0.24887220699776266 0.2152625388771576 0.1901048861516476
0 0.7606684651726965 0.29898216303346953 0.14745118162487275 0.17097519688621904
0 0.8960240799991277 0.3217005882132973 0.17277933993649996 0.2782572673369199
0 0.916170575884029 0.5038380760291112 0.14264348931718046 0.17063901029033673
0 0.8547159973637198 0.9376037983867234 0.22361876113106077 0.12479240322655318
0 0.7425059927556816 0.8880925640237185 0.1867521616607321 0.19770315119173887
0 0.6457759751668425 0.9487995959826185 0.1295329845013327 0.10240080803476286
0 0.6031592518618155 0.7036440733444338 0.27222988356426087 0.2420479550812167
0 0.22431308782578172 0.7530586260628007 0.21129428814378623 0.21380716109422693
0 0.10701690451428067 0.6971065879739796 0.21403380902856134 0.2970507700064663
0 0.12732740822583596 0.9334234575417076 0.21391943235824426 0.13315308491658476
0 0.4390185520125991 0.5391492650703533 0.36466731145703185 0.27968550040297957
0 0.5791399380174063 0.18387551755354092 0.19278848191822134 0.16455358493171593
0 0.603144035605373 0.35905360685472815 0.23301284768583364 0.21772384692954325
0 0.33747706352665696 0.3416812205091562 0.2502594915499171 0.2309197307843619
0 0.09972908097293105 0.26195165747019034 0.1994581619458621 0.24505716109422687
0 0.013163914561595633 0.17047971363380063 0.026327829123191267 0.19672865803683204
0 0.06518238349901628 0.11039179646261187 0.13036476699803257 0.11501436215599298
0 0.035325070224866945 0.42713643221884534 0.07065014044973389 0.2196574798223061
0 0.42504950887777776 0.7321546005611452 0.3092949057611382 0.2734155083964876
0 0.8912240467690562 0.1141293524928224 0.09735959876957988 0.10992102323508873
0 0.7379655020249272 0.08654445834766696 0.2548382267193766 0.0873613347453572
0 0.5953830815311153 0.09826156915375561 0.1313492215531541 0.12188971402164914
0 0.3508583956606544 0.9064092966565362 0.2811737149201888 0.18718140668692757
0 0.9552730822439401 0.9367067136943252 0.03304336171775819 0.12220942726760106