0 0.32663482142585554 0.37987924364268155 0.386814893853395 0.42134718540077043
0 0.7021112699766457 0.4564431626847178 0.4037676948023966 0.429440585532937
0 0.8223279108376631 0.17585372873587615 0.2715263636345202 0.28321457572215764
0 0.8557652534913186 0.7130554648108031 0.2592553771211324 0.26816159760577507
0 0.9560919430548361 0.6797421233018202 0.08781611389032772 0.23353057440049205
0 0.4711377022915792 0.87035751400448 0.22725010988866146 0.22325462373394891
0 0.31213328545902136 0.7896669119444781 0.20465043081811096 0.16683234004753716
0 0.317924291329181 0.6389855964937794 0.25183404220612976 0.25576442612056083
0 0.0693366346141172 0.18163169728297202 0.13598787462389322 0.22327506697251748
0 0.09076691308289685 0.5823181235433128 0.16567321428390366 0.27286375291337434
0 0.38996246440990634 0.09257874178092945 0.23184800574288958 0.1851574835618589
0 0.5045580425778005 0.648452897228309 0.28641099275521825 0.3104127648464322
0 0.15461842344605906 0.7943128483460147 0.14927805069826372 0.1591271022506384
0 0.19030729519850748 0.9091356634662968 0.19275707792095859 0.1734139773157701
0 0.08184721028730714 0.346993160943712 0.15505080669189114 0.2146675242664221
0 0.6232282729753605 0.21034855008321368 0.18351932692180958 0.1945446717457406
0 0.6088803015726776 0.09665099589522316 0.24660675699150908 0.19330199179044633
0 0.8133811451045495 0.031961674147579194 0.21330075174756047 0.06392334829515839
0 0.9227229988748482 0.4229664048659537 0.15455400225030347 0.20555606060568216
0 0.7271324213230256 0.7871660900061979 0.1495298064424206 0.17355017917371532
0 0.3223300168519282 0.8913894426476255 0.19313471153719416 0.19504859270038521
0 0.1745813742496876 0.14604048985880422 0.174113738759889 0.20605998156032673