0 0.6983563370919875 0.5258085820768361 0.12802130757500024 0.13781805627963806
0 0.4512967342737187 0.823310378212226 0.22428906388750008 0.2519989061816742
0 0.7635618793830664 0.22431221824686742 0.1457434328963677 0.17735791296816913
0 0.9598679968425217 0.7214499205213366 0.0802640063149567 0.20568104920918875
0 0.8358221640443915 0.4844990449924731 0.1984601978601498 0.17353537464860766
0 0.7123907778502677 0.6633365313484947 0.11080273351613265 0.11991281497572223
0 0.7366001046267101 0.824286760314619 0.1427241351994658 0.15076155981486258
0 0.955504890839904 0.44027694325183614 0.08899021832019198 0.1866043254394188
0 0.8183168047107906 0.09441320410596944 0.15485526624925244 0.1563394794275496
0 0.6249450547987715 0.032102777252462605 0.17777472498215832 0.06420555450492521
0 0.6736943844980771 0.08716824135360687 0.18409307107735054 0.17433648270721375
0 0.4287578721932161 0.320397813555952 0.13769264233066253 0.14083808427747996
0 0.1746185667517096 0.21029364115341978 0.1252258104392095 0.12083708774171598
0 0.13833506400480777 0.09946950837663593 0.15485526624925225 0.15633947942754955
0 0.24360074351153854 0.0710568927080665 0.13512094575598302 0.13347250035494257
0 0.1998070209830132 0.4133111778118517 0.1450160810727565 0.14610791296816913
0 0.28268878784567364 0.6643913384445006 0.18979596562948736 0.21378457741999649
0 0.18687466228969093 0.8920150939603028 0.2064550382855771 0.20765135718545097
0 0.870153441515866 0.8217468526137922 0.1508868260457266 0.19208908081324394
0 0.8143324487057164 0.7506936447170381 0.16011055967916668 0.1758783395803166
0 0.8180750784700326 0.6011930467955797 0.20567173632168825 0.17399751103160455
0 0.9476799107134083 0.5767104327881397 0.10464017857318343 0.15177899681971796
0 0.9892746570305024 0.8266495515660025 0.02145068593899506 0.11319569591390505
0 0.9214024386247863 0.07577001851378358 0.09626775631249984 0.1141808499020362
0 0.8376854394141561 0.02617202700400282 0.2330631865206199 0.05234405400800564
0 0.5309173139754809 0.10681202131072924 0.13489714519487186 0.12385711573955795
0 0.4879817741698184 0.03858882812278108 0.1586558560319445 0.07717765624556217
0 0.3451487535069445 0.0469932977042334 0.13461739449348295 0.0939865954084668
0 0.36868667860005355 0.17017172804327363 0.16078196136250023 0.2047244934264706
0 0.2565461664125003 0.26522927205610863 0.19471555821773523 0.2189003606496867
0 0.3341996099763359 0.44682896241871745 0.17727318359775657 0.19137973473038628
0 0.23041660918696627 0.5389435011642099 0.13003350274690176 0.12114517866371385
0 0.08079167611463724 0.5750136501689523 0.13786049275149587 0.14804962273901842
0 0.09583221445886811 0.7040511151716499 0.1336682519868591 0.1741838395093281
0 0.359282193561379 0.9555970969986078 0.1741399757422009 0.05676435011500193
0 0.5389552035567851 0.9176013797313783 0.20902472498215813 0.11180560195360255
0 0.7969490390431632 0.8830126465201444 0.148760720715171 0.10074292696709036
0 0.6582502991265499 0.7679181381435085 0.14948807253878207 0.13199292696709009
0 0.660511255112554 0.6064753321833188 0.09850375204551277 0.10712335690149671
0 0.6214052850987718 0.5295361137518797 0.12086571925373946 0.1397597660504872
0 0.650585129908494 0.43859121506658555 0.08368902414049154 0.08937216105857988
0 0.5634282020098293 0.26241539885566484 0.2236736123444446 0.22555659848936654
0 0.4813927218246799 0.40971093579805085 0.19661585310908145 0.19741979072607035
0 0.46135570025512873 0.6348861054462323 0.18627311667008561 0.1655536088820744
0 0.5699773832394771 0.6989445439702403 0.17643594137168825 0.2585333815770798
0 0.06468507028798098 0.24502396312860253 0.1234394257065173 0.25033668912741036
0 0.0263603923599894 0.09821916077462582 0.05025897854775649 0.09683090921997912