0 0.4214769895079098 0.6524500411301225 0.30904274901326134 0.2853460514594365
0 0.755392993398077 0.8009726541697353 0.2915064798534806 0.3116764778092259
0 0.4965782766987556 0.8307052634618299 0.22549571726722945 0.18153314147397845
0 0.4331055794076748 0.9262989015479348 0.1946469724280891 0.14740219690413034
0 0.9275746820569614 0.3443056195492821 0.14485063588607724 0.3230244205233464
0 0.8767604683675513 0.5950250543365947 0.19741979072607035 0.19338455022943166
0 0.9105738871993647 0.7611911200599976 0.17885222560127054 0.26809957334806955
0 0.9627509989067786 0.6100774638113375 0.07449800218644279 0.23378842430692806
0 0.13889268969531846 0.3300121962998481 0.25098146917681863 0.24175516183046547
0 0.759998655862226 0.1041439654945541 0.27480500403214425 0.2010436140610436
0 0.36725807431070306 0.3313407872422538 0.286577025101514 0.23475340088614885
0 0.3207109915523756 0.11120006439983093 0.2775169411079882 0.20586529153655067
0 0.4907213045120257 0.12059948026923563 0.255481070562513 0.23697543985840272
0 0.08992561927478245 0.14710311850641106 0.17153278365562127 0.16439854470512982
0 0.2001012871908458 0.17898245105807692 0.1592054619643926 0.1595209265583635
0 0.657983712567795 0.3870985532576604 0.430127046454838 0.3749596472068545
0 0.6924041012153237 0.5867436505372243 0.18013073126615026 0.1860751155931897
0 0.19679255444813776 0.7460593880968251 0.22971582593633827 0.28488454092154814
0 0.2375002087912112 0.9304982390556835 0.22047309827640096 0.13900352188863307
0 0.6097578311042986 0.9075086651033317 0.24999631518868787 0.18498266979333658
0 0.6263107886816045 0.736543502366443 0.2189612418718238 0.22955412387964239
0 0.21416416385552556 0.4734256345686011 0.27976674180083533 0.20347543055051942
0 0.19445327432774098 0.5970628820618079 0.15597050728341452 0.10904015732759421
0 0.09091954514865118 0.5375882668282631 0.12638272433767833 0.20979191827191088
0 0.6246757675696397 0.03607408154095537 0.1628130736008179 0.06582686722962272
0 0.8909866025215105 0.9027243546128099 0.21802679495697894 0.12389677445292992