0 0.26591466596811303 0.2971430533304019 0.31464051345556154 0.27358360169442864
0 0.1818194614137642 0.5493117928537065 0.25001988356408555 0.32656929704438464
0 0.6077447604532219 0.6212997075795356 0.19360518483083858 0.19563549163377475
0 0.4528977642046344 0.0883440645752289 0.15189677928303894 0.12323446040517821
0 0.7990153353066093 0.24277742503129687 0.2319020958187113 0.2462338141798148
0 0.9450604988240036 0.2915767013162149 0.09666761213892955 0.1720848366392065
0 0.8343583591036812 0.49365139818730275 0.30486050136651105 0.320820058281646
0 0.4259218069631578 0.563969416440885 0.28266608131185056 0.3072879878309451
0 0.1890704107055692 0.807868077698774 0.25124482598348946 0.2499824067171899
0 0.5351583346103681 0.9647904508905385 0.22116047400854144 0.07041909821892307
0 0.5792179197723571 0.8713249775708707 0.22161494559927256 0.23113836406497348
0 0.7291421270008479 0.9878115559999483 0.18605113571257803 0.024376888000103437
0 0.3986165947743494 0.9324689961077737 0.17979457911746374 0.1350620077844526
0 0.6788622602956159 0.9276019671760061 0.12221423235916508 0.14479606564798786
0 0.8085316583994708 0.9013906477767576 0.19768844499482002 0.19721870444648487
0 0.7400023375997221 0.7848952727062748 0.2694152802685206 0.280005213648932
0 0.5039547295932343 0.2607315811440174 0.2047353559826925 0.2802743869122135
0 0.15767253101759351 0.0580532043130852 0.14138570719558222 0.10333131798264447
0 0.23439470541513327 0.1454150990248823 0.21406752433570703 0.2234225457096115
0 0.28720032099026327 0.07313985778652164 0.23329166571178112 0.12173809407363818
0 0.642073864287422 0.11724843511257824 0.22054800279883935 0.15678722659368372
0 0.6557889005545736 0.2629079973758471 0.20898324362033968 0.268591342738865
0 0.7407829283593899 0.37978841912556255 0.2718191264223667 0.2801733069468729
0 0.07832903830393248 0.7420485150476566 0.15665807660786496 0.26294318394146704
0 0.420705681749696 0.8313006194116317 0.18376587834743605 0.1901554261343179
0 0.47340265031816464 0.7095784387214835 0.1705150773041062 0.16287265195230452
0 0.5749766599894051 0.7552679889944908 0.14452061334783445 0.17063901029033673
0 0.4319842670363824 0.1749077961050256 0.21143975631384285 0.21844676010397807
0 0.08796099255605504 0.2911592679035616 0.17592198511211007 0.3948185358071233
0 0.06254106779394035 0.5390328316879623 0.1250821355878807 0.1515763343575086
0 0.33639667525832423 0.49259397831630547 0.19533726538063073 0.181380508008639
0 0.21086633963650295 0.9093638443493935 0.23128299675431402 0.18127231130121294
0 0.5284870735526936 0.4071475632480213 0.20243684290816033 0.17948094174861617