0 0.7181944539214025 0.5527158306783675 0.1553151172671609 0.15843523465939777
0 0.2231669844400952 0.6838582629411938 0.24829395117009187 0.27455779433228333
0 0.12530484630588007 0.16848231504671077 0.16460306861100588 0.23566640250447263
0 0.1157583441627049 0.04240399681971806 0.13386792705920555 0.07802999335548205
0 0.271390162006191 0.08374397451514964 0.15914275291069493 0.14191640250447268
0 0.12384885873054839 0.46275284131243477 0.14075203224920432 0.15510711573955788
0 0.5511982718517653 0.6650679613680908 0.147823562615863 0.15316540596870873
0 0.4571693772372361 0.7881280940028976 0.17071825085439626 0.1761864305023146
0 0.299356701227899 0.8877982299599634 0.19305290671341047 0.18959207042053586
0 0.5827660940033207 0.9508311607249347 0.14952736829531033 0.09833767855013065
0 0.5388894137727906 0.8971161379447441 0.1567389067568488 0.1417623570434737
0 0.7135990169064907 0.7973223971377479 0.17015821847487717 0.16657104588693
0 0.8328705392868654 0.9244001684555777 0.14373961932345972 0.12416520666155588
0 0.8714128144910583 0.821912474486756 0.13270044521838725 0.1402219024334842
0 0.8750044863009218 0.5531134010279151 0.1294565504952624 0.1256447800494083
0 0.9091376280916325 0.6506070742113207 0.12152126301843516 0.1538747520515663
0 0.8893553160260979 0.30671917025868417 0.15134747352874728 0.17255022066047682
0 0.7547162228698231 0.25707319436635917 0.14103204843896386 0.15991480804725017
0 0.5018127372639136 0.4773225940738861 0.13312046950302658 0.14743344089502267
0 0.7727721422902507 0.6720286053184563 0.20322832370831415 0.1998236368799165
0 0.9319837776731551 0.4240597945168551 0.10187046950302658 0.14543084990203617
0 0.9582375386135724 0.22185906728284885 0.0773645665981455 0.2181015351392795
0 0.9063792753996651 0.1594217909106421 0.15377502822348368 0.13199292696709014
0 0.7343642673047854 0.15081138660306295 0.15263125492355528 0.15347349689070658
0 0.6694045145244053 0.41688422388335356 0.1418958055491325 0.1336265458159415
0 0.5535761663142604 0.3756821501405586 0.17424216176728044 0.19557124519408284
0 0.6252585507993302 0.24274512408780013 0.15911904436980476 0.1826277416588583
0 0.4863017936674425 0.1843775957350156 0.16915445326982864 0.1904554619643926
0 0.6265175020780178 0.09685029539711097 0.13582804038752244 0.1116838395093282
0 0.46333597980623886 0.0815675117414897 0.1262126557721377 0.11106765766533239
0 0.3580686316395323 0.08688576495726588 0.12040119825939696 0.13464398282079706
0 0.366716935436434 0.24909879822245037 0.17608597554160765 0.18610990603969724
0 0.4335938707642724 0.3643741078598416 0.14880361928002125 0.16999232904563177
0 0.3076612311818942 0.45522952711758613 0.20731226700071753 0.2288238361870692
0 0.1904790975295015 0.3958445617599461 0.1122096031337001 0.11735492336087706
0 0.04352778156856104 0.4831103532952837 0.08705556313712208 0.1585283988982597
0 0.07127757919656684 0.5956898673651931 0.14255515839313368 0.1433028116534632
0 0.05796383433731344 0.8235160928670814 0.11592766867462688 0.26241680111877813
0 0.1624656242831029 0.8561040774909849 0.10712189463624822 0.11223914013118676
0 0.19243296446352534 0.9615213988272712 0.16271408090535944 0.07695720234545761
0 0.38763453125714303 0.9497161735383484 0.20425579745425276 0.10056765292330337
0 0.7197271749955566 0.975538614575348 0.15690262339261862 0.04892277084930404
0 0.6822101303868414 0.9207821625990298 0.15545512536204079 0.15843567480194037
0 0.8378656567712177 0.9738422720987033 0.12394881771317155 0.05231545580259332
0 0.7954664295064486 0.4273754567396449 0.16619057473646356 0.18068603188800905
0 0.3908643285593619 0.6837471147883136 0.17071825085439626 0.1761864305023146
0 0.43030480210982824 0.5451247057813 0.20789600792112672 0.19772788164806834