0 0.11208355710822637 0.4064326436664114 0.22416711421645275 0.2455575950251305
0 0.16091379720080112 0.22336952142431254 0.3165304199780985 0.29631417216117295
0 0.2243009599328521 0.6029908852542812 0.2462034299735045 0.2654045460998955
0 0.487070492900587 0.8461284926172034 0.20164734597788472 0.20734326626345295
0 0.3488223689233434 0.7867130866484946 0.21618232318151726 0.21307523133713874
0 0.3180449302985569 0.9049226296674905 0.2403326850005344 0.19015474066501908
0 0.09473658288611086 0.6897013761677602 0.18947316577222173 0.2043232382656108
0 0.37664751432104693 0.10839677549195088 0.24189727905021385 0.18351973140812736
0 0.5728576473014952 0.6770871921373215 0.3426370268287396 0.2835855953090845
0 0.9333496402289524 0.7555594955561259 0.10588515080598307 0.21800837090041753
0 0.7577919803611107 0.38560194086662886 0.23368064794177348 0.24299970341028534
0 0.7151841018847216 0.8602167228185258 0.2974675011681626 0.27956655436294836
0 0.5641185343118589 0.17337395956498428 0.24329603255715823 0.24361588525428124
0 0.9423195883530442 0.8873393382457361 0.0802241351994658 0.14675637782888956
0 0.8165962562856298 0.7035401141210234 0.23110895136709403 0.2356341194877481
0 0.9111056029355766 0.47005710387029226 0.16312985737606858 0.20247469273362328
0 0.7531551532913994 0.22280316636851716 0.16229060527190187 0.16641700042593105
0 0.040640579115224305 0.25630156479825095 0.08128115823044861 0.2674108219041942
0 0.1312443070520292 0.86948296160945 0.20326990004594042 0.2610340767810999
0 0.3487694336002132 0.6338377876877653 0.13545664659764967 0.14789557727801947
0 0.39687835150347184 0.42867791367805425 0.20628718786474373 0.20043981872391223
0 0.5698723543090275 0.3916152410625565 0.2683975467608977 0.29082941678734775
0 0.5288840150835463 0.9416716841440219 0.2437416238012822 0.11665663171195625
0 0.07266986132291647 0.5566891697901584 0.14533972264583295 0.17587833958031673
0 0.37015930792692286 0.28372349926172113 0.23396039864316265 0.2550189341795161
0 0.7563153312780447 0.13874557371440127 0.29506164513621813 0.19892796231933516