0 0.8076923076923077 0.1901533871521383 0.21634615384615385 0.2136393743205124
0 0.36177884615384615 0.5969542214888184 0.2932692307692308 0.28046542536096813
0 0.7896634615384616 0.5535095529608989 0.18509615384615385 0.18446304589301954
0 0.5925480769230769 0.7618606837520667 0.21394230769230768 0.23987137272549822
0 0.515625 0.19407135017713772 0.22115384615384615 0.19482922366438707
0 0.15144230769230768 0.4482889764371798 0.20673076923076922 0.24885582947891705
0 0.2091346153846154 0.8518953996952996 0.375 0.2924236334376062
0 0.5420673076923077 0.29993102493967344 0.10817307692307693 0.10081007177564082
0 0.9471153846153846 0.5313208331028508 0.10576923076923077 0.13184976248831887
0 0.051682692307692304 0.48466104263027077 0.10336538461538461 0.24221637627792006
0 0.5228365384615384 0.47949811462286424 0.125 0.12151300601766356
0 0.19110576923076922 0.24650156550406022 0.2091346153846154 0.22262383107393122
0 0.8028846153846154 0.06342024062898924 0.27403846153846156 0.12684048125797848
0 0.41586538461538464 0.37467418560099797 0.21634615384615385 0.20162014355128163
0 0.5600961538461539 0.06337392858675257 0.22596153846153846 0.12674785717350515
0 0.0733173076923077 0.10175864365975797 0.1466346153846154 0.17148271268048407
0 0.9326923076923077 0.33426538113447474 0.1346153846153846 0.21370039701310523
0 0.5997596153846154 0.5112297558901009 0.18509615384615385 0.1676361228160966
0 0.6923076923076923 0.8805366944820526 0.3125 0.14032097658262052
0 0.8040865384615384 0.40200731262158274 0.18990384615384615 0.2137298183138173
0 0.7788461538461539 0.7311386370615399 0.15144230769230768 0.16228794663974327
0 0.042067307692307696 0.727088818241097 0.06009615384615385 0.16871927064458675
0 0.18629807692307693 0.684422184078704 0.17307692307692307 0.154565345610256
0 0.04927884615384615 0.255304044225285 0.0985576923076923 0.19612268078019923
0 0.30288461538461536 0.10019657967799166 0.15865384615384615 0.2003931593559833
0 0.9254807692307693 0.7183097705349021 0.14903846153846154 0.2462122527370367
0 0.6310096153846154 0.3738803505395311 0.18028846153846154 0.1792347350106835