0 0.29084840552587704 0.7057831138911868 0.3275971657061248 0.3040890646574806
0 0.575937895439856 0.7463852975199263 0.2529853439237946 0.21914328208391473
0 0.7749315350656725 0.6957803416490858 0.26414081758285646 0.24569747490573282
0 0.6517849599599838 0.47665188727167407 0.24210988645449197 0.19739678156978874
0 0.8450490003909443 0.4211693108871974 0.2777001373957647 0.2722796390099284
0 0.8502281783262653 0.20834501242467993 0.2108361779136017 0.23787056823188693
0 0.7855213684690633 0.05965534985062445 0.24626495536956566 0.1037586666992992
0 0.20987358339604065 0.4234002769548937 0.17368212938776148 0.17738281643244655
0 0.03187098609458995 0.6387945651348949 0.0637419721891799 0.16455241847426502
0 0.4328757296251356 0.9278303569504882 0.17454588649793015 0.1443392860990236
0 0.5647372478494745 0.9352381154213271 0.16409045331326697 0.12952376915734584
0 0.6887860245452688 0.27502250881356205 0.29595084996237564 0.25567648619202615
0 0.09317523168143418 0.9596520841086011 0.1249525829182198 0.08069583178279771
0 0.2816434340751475 0.923021822577482 0.2855428338594926 0.153956354845036
0 0.6828638753546906 0.9136072893306247 0.12012118206963752 0.12391080411790129
0 0.8251452639523577 0.8455040996057988 0.2648645665981455 0.21687929234195627
0 0.8979821544325705 0.6274533816652389 0.14775243699319254 0.2683653436076915
0 0.37495819079437187 0.541986762106431 0.22939061521086238 0.18523769438866985
0 0.3145453363718929 0.3608731477378301 0.2097161131545637 0.2186397990011176
0 0.0841594455007359 0.43859088001272667 0.1683188910014718 0.21852791387160722
0 0.025905983853678722 0.2190856553885313 0.051811967707357444 0.2362482338539857
0 0.49495970858432836 0.09235648827300386 0.255272890523651 0.17592999387943903
0 0.42657312220508514 0.7915540492948921 0.17834981360057406 0.17503491284335565
0 0.4868285063860872 0.33521487801740946 0.2470338783161739 0.2406939836213971
0 0.24895106086363217 0.14481985029132707 0.24901770018538077 0.2335104164422363
0 0.09118892513322172 0.15613895693580362 0.18237785026644343 0.177634557973845
0 0.09133173716617754 0.8043950646330061 0.18266347433235508 0.2449422502815373