0 0.8093596186554337 0.1445384854189147 0.30018544103658285 0.2890769708378294
0 0.26702017182819426 0.8699231440486195 0.28787207226966277 0.25034249977702755
0 0.6168293391886456 0.6937567801655462 0.2778150839255788 0.27339984010291585
0 0.1176392105127051 0.6110922596711277 0.15168689371416091 0.220123172965437
0 0.6986833932607559 0.495905852189856 0.31725774359969056 0.2885586587523814
0 0.5499402599164809 0.2152441281852342 0.2582410214534504 0.23837242425146693
0 0.3883414631962515 0.6664306699175909 0.2894418662097802 0.269573269007797
0 0.8722522655065459 0.39249210579513283 0.25549546898690834 0.3761273967470864
0 0.9005337291487421 0.6229424225787566 0.19893254170251579 0.20820185595138047
0 0.6556845163317108 0.3397048090674432 0.2798264815943956 0.2687883720377382
0 0.9791247121331937 0.6625817032275487 0.041750575733612565 0.21438351468884126
0 0.3545179540825547 0.07900840582348181 0.281151292780494 0.15801681164696363
0 0.10647999814161847 0.16311844358626212 0.20197143870241543 0.22184003590439882
0 0.5442471781244778 0.9162594200290772 0.26707190583094204 0.11253837203773834
0 0.7609861771878267 0.784833572001929 0.3546890056049857 0.3083289454670245
0 0.9598445892926715 0.7945478622029025 0.080310821414657 0.12735429417801022
0 0.8151979841515353 0.033458812107828875 0.2073190452261475 0.06691762421565775
0 0.18938751772922705 0.34872993402662067 0.19142408811812764 0.18038597856147015
0 0.29292415223312546 0.4757906853051904 0.19917514406353995 0.21683611935419178
0 0.3906725683150069 0.41336461653677853 0.1777859081651094 0.1888240177217668
0 0.35567012681755894 0.26619028530220634 0.251667310963126 0.2163453603818222
0 0.5608808524501296 0.04898530325440575 0.16503093566948998 0.0979706065088115
0 0.6997398342674975 0.02195452120063694 0.17832582238114897 0.04390904240127388
0 0.467422411688741 0.8644538396122096 0.2716829771639539 0.22753053893732408