0 0.3391402525884018 0.8866924007811934 0.2850632996110016 0.20442688310938395
0 0.6105772793748276 0.8375657345417982 0.24699693834584233 0.26166545089053844
0 0.8009683800949763 0.5758497436685894 0.17862230323771655 0.18260770107689722
0 0.8694417204277205 0.440831159124722 0.14591681109559956 0.1491724882036626
0 0.6850534290885398 0.1582946294323884 0.1478728135134097 0.13972519688621904
0 0.8513666574399603 0.156311576489835 0.16375138257860383 0.17198375667386578
0 0.6515872297508404 0.06262690992311572 0.2791359979632192 0.12525381984623143
0 0.953133373892845 0.7016067234757645 0.09373325221430989 0.14765964852219218
0 0.09537029776473535 0.41658006111485435 0.16409389323532597 0.2822244931549066
0 0.2449453664818088 0.06626562585374528 0.2923275046121969 0.13253125170749055
0 0.47776616911507297 0.2125822078917283 0.20445213972032242 0.22275017251784696
0 0.4366934322684083 0.4698860296772024 0.10750793917371809 0.09617031950377626
0 0.13244889418789912 0.6430964194528865 0.17895818603974376 0.18981923953843569
0 0.5065301873733462 0.6748183126132895 0.11891469873324677 0.13530423115707946
0 0.7141894270517588 0.3178394820586105 0.15368815422718313 0.1616959988667167
0 0.9050484332209815 0.8169743055440096 0.1545838416992553 0.1809267680974861
0 0.349437166440931 0.6158647452199835 0.21267132658794205 0.2448890677962859
0 0.260511250236409 0.4412074091625498 0.21294791499561697 0.19938408417115
0 0.26298415441769774 0.2095136652546428 0.14452061334783453 0.17063901029033673
0 0.051942889227581564 0.13142161195450314 0.0978398880186765 0.1458106222448399
0 0.08503065915459203 0.893608936021675 0.08655171724785192 0.21210975476488542
0 0.22368971495473916 0.7380065991885443 0.1945601666972629 0.2675827829512181
0 0.17635047973091741 0.9125458219642671 0.13468130686443186 0.1651589447908797
0 0.6428513192686943 0.6761383489719234 0.10991178532756425 0.09633841280171723
0 0.6299561064425248 0.5287220437552377 0.23603802252234948 0.23214692385262017
0 0.7922553108063591 0.6994544573023901 0.21266469873324703 0.14185986977678328
0 0.5209333807323375 0.3627050391918421 0.15726427626077621 0.13558987777029124
0 0.920538096646587 0.045102903629532884 0.15838388560086641 0.09020580725906577
0 0.88184287268394 0.2928517973565775 0.17666630081990647 0.1920549923943407
0 0.9254413584005027 0.5332029060748927 0.14911728319899462 0.1737152296359475
0 0.9717961427096765 0.8565119770922353 0.056407714580646924 0.146146808840722
0 0.8868286263236409 0.8918044529177874 0.16039255455833348 0.0998683720584813