0 0.33426902724016966 0.5104072806457101 0.1363586647180725 0.13331845489394348
0 0.29982697439287853 0.3594575499474678 0.14432608461157784 0.14820366820001737
0 0.27244658612387973 0.5963743000539506 0.12433943394884175 0.13254822758894888
0 0.28803581045638516 0.7557679329017228 0.14141831750308703 0.1384342381236338
0 0.08031087134162741 0.4048797323593718 0.11826171763525363 0.15372070659056739
0 0.5915827818945499 0.05462315403782199 0.16583471975753206 0.10924630807564398
0 0.11505254235664517 0.6305797620183432 0.1038488623314609 0.10727740236249571
0 0.8489133997827165 0.6197306114518535 0.17708784747551165 0.17905241303915778
0 0.907159076122464 0.12034863570150547 0.10878253487781436 0.1099893394383397
0 0.8857559779766025 0.21819698192634013 0.1167499547713198 0.12487455274441353
0 0.9081158099353325 0.36871501685265407 0.1293990867338561 0.13766401081863905
0 0.9222323678786496 0.8911968822727638 0.15458159203955246 0.115320049351166
0 0.9559067868698297 0.04172184667915946 0.0881864262603407 0.08344369335831892
0 0.20682608461157787 0.1266373036601636 0.20377189402585755 0.23107363687991647
0 0.656981987787382 0.3631011294119301 0.2127471558286521 0.26518961941675945
0 0.8196910952229701 0.06357046754408288 0.16734648262146587 0.12714093508816576
0 0.5369565468108722 0.18989875907942053 0.1918888651145722 0.18718822426668985
0 0.507008896078246 0.3087959794559433 0.2475654889883014 0.15242377686912628
0 0.44524433427164456 0.4188784831331448 0.17557608461157784 0.15020625919300393
0 0.4225031111909147 0.5602271283187087 0.15747913752875894 0.17060851088962756
0 0.4878121125125803 0.724876290754464 0.19037710225063825 0.15834207042053586
0 0.4196599946053801 0.8281323696226246 0.19101722506322824 0.12484226972768872
0 0.3606193403589198 0.9211568820314044 0.15002586020918246 0.11981965073686031
0 0.2332835951340463 0.9076096533492344 0.14698189124274633 0.15316540596870873
0 0.175380213441553 0.7231905625692133 0.11434610861747359 0.12472050728341454
0 0.09918746390223256 0.8571109002044466 0.12127502174383722 0.256932045744953
0 0.07205060449366299 0.5694195890479029 0.09244931113625172 0.16404543728880966
0 0.11488235483359628 0.2591550906380439 0.12837080158599867 0.20947130451202572
0 0.07583691246553083 0.047691809424425684 0.12763536339260012 0.09538361884885137
0 0.2561253740039924 0.04307044559445702 0.19975074800798473 0.08614089118891403
0 0.3704868150503922 0.07669477234006267 0.16165692864314557 0.15338954468012533
0 0.44767207407007564 0.044320793196467125 0.1357287635247667 0.08864158639293425
0 0.7290122786412423 0.1727674298918118 0.21099365410668014 0.18601674180083533
0 0.9562064050375562 0.24789222821364437 0.08758718992488759 0.29702720305534286
0 0.9616763238000323 0.6098251198284894 0.0766473523999353 0.41993144782349473
0 0.9850678265132535 0.8654496215606075 0.029864346973492835 0.10737056660135735
0 0.6715275945431036 0.6636589213731988 0.21453132240847678 0.2078054026464497
0 0.7331627257050273 0.8502507901155674 0.22983626100218182 0.22555659848936654
0 0.5910106304121671 0.8991569793139663 0.11029429774174833 0.13883549328449346
0 0.8178881458082027 0.46494404333134365 0.21086767386801925 0.18361289564698915
0 0.37241395470142974 0.22576828050373307 0.1867032320908964 0.1796685948831535
0 0.18941857843537885 0.46180365515234073 0.12711099919938715 0.18543284297356413