0 0.48988235483359627 0.2545468722249996 0.17922951153275143 0.21305112520405994
0 0.609926578645049 0.07406760989081178 0.31600700344394406 0.14813521978162356
0 0.17789304700150851 0.5241473470018695 0.3164802595407361 0.3122822290731841
0 0.2340242737358525 0.14858684066004255 0.28968045437101336 0.21322098550299168
0 0.18374767769323574 0.9343667921444443 0.19405097241038016 0.1293641109416668
0 0.5261067842583209 0.9227881279240915 0.18240968235713295 0.13629589870181638
0 0.8768300342678378 0.56564208908376 0.17543988275363248 0.18655286737147436
0 0.7687029546315396 0.3623792236111639 0.2507047733355459 0.24832752542596176
0 0.8530827592802098 0.12376306727959371 0.25424244163734283 0.24752613455918743
0 0.9277909604074323 0.3740037885813026 0.14441807918513552 0.2512888631044874
0 0.936153313849473 0.8187992522532579 0.12769337230105401 0.227418251986859
0 0.2826509854554335 0.8008953705876066 0.13382883832556514 0.12556151128087614
0 0.6962266221327233 0.563828734219978 0.23186216644004448 0.20947433598247878
0 0.622373068224293 0.4175308246160786 0.16038690463724994 0.17419793576057702
0 0.5860464226067267 0.20657983955053372 0.18543320808500058 0.19398820639412406
0 0.966415915178752 0.581181153995245 0.06716816964249589 0.1944897477785257
0 0.9591864888834661 0.688571933893482 0.08162702223306767 0.08894431757040604
0 0.8184720497147299 0.7150172564029373 0.13824836829798998 0.16407899988269256
0 0.719022274117125 0.7462133161407579 0.16038690463725003 0.17419793576057702
0 0.8511980369111689 0.9031876531472215 0.11624603381667516 0.11074678337585471
0 0.7754190037553266 0.8808836459573712 0.1393924120652245 0.14009648848450867
0 0.6559825774949858 0.8981042298943371 0.15937906272796065 0.1549671665298078
0 0.49766412517636094 0.8163485004105766 0.10726055039459635 0.12254221358397424
0 0.4399173885803813 0.4951842681799142 0.27789274084053656 0.3089831806748933
0 0.18281483752495228 0.29659223448146355 0.1942927112684183 0.1797889300321583
0 0.08697083115811692 0.32770436900886746 0.12332137042026826 0.15412791442564108
0 0.05678489197346915 0.09615284121479696 0.10928645583245898 0.11538662526271376
0 0.37150487857896564 0.06656434307091336 0.20189241206522437 0.1331286861418267