0 0.719538206693445 0.17334788547740557 0.20111608739468914 0.21946794526644892
0 0.8832091587515435 0.28981303185235885 0.2335816824969131 0.2758055784962031
0 0.5045676138532796 0.23909829516561482 0.2243986675011837 0.20574431613756708
0 0.21998590874202664 0.41923198276364804 0.17202819469049715 0.168217783462065
0 0.3027551847399377 0.3040314780637083 0.172784076122464 0.18264086038514207
0 0.15721184462251048 0.2289912745394957 0.21933901471616907 0.20079673427103578
0 0.4414683775178264 0.08845110370050456 0.17139829349719135 0.15619855269283434
0 0.9443505905781068 0.5343850852660179 0.11129881884378644 0.22019311671422687
0 0.3697546976642447 0.5519994663698781 0.21792256723304385 0.3111638230097003
0 0.2173436445373934 0.9183926454106139 0.19518479455833054 0.15209030817933702
0 0.6201394095934958 0.8185044117580843 0.202512091639246 0.20030712081509924
0 0.15440105329845383 0.6333399036683776 0.24855288765902223 0.25445074222926567
0 0.8620715635095396 0.6947340810433882 0.20061216644004448 0.20985256065106428
0 0.09152477298609589 0.8991305168807993 0.09788690463724982 0.17326103376159863
0 0.3001180313449465 0.7803905746388454 0.19530055317770753 0.20009728647684055
0 0.5080149479851441 0.9381480004870293 0.17532412413425552 0.12370399902594133
0 0.036599049333457076 0.12587430974274386 0.03780097241038015 0.12590928213245361
0 0.779670006608328 0.8627492563485237 0.1368625856727172 0.13839240270403808
0 0.8812615758619378 0.10736553088801942 0.23747684827612459 0.15115530239330066
0 0.2412562554359593 0.06942453316253144 0.2757817416411494 0.13283381529498506
0 0.45273338725871576 0.3491984666133927 0.12598739867072092 0.11407416204789857
0 0.6431837012479688 0.45674767616715645 0.16291673102975707 0.17755338895977163
0 0.6489004696781251 0.6345273743826426 0.24463727864124224 0.22553464360369227
0 0.08321863845011819 0.4200528226444283 0.13418633580298026 0.2247210299042412
0 0.5796265412446497 0.09127100544020328 0.14698189124274633 0.14828756643710075
0 0.7905112079452206 0.4742354615579005 0.21668320808500058 0.19591909718392403
0 0.8925010315546166 0.8906491331177163 0.21499793689076688 0.2187017337645674