0 0.7094337711314872 0.5785483421977536 0.22683927737491388 0.20315377169077892
0 0.676248979551808 0.8262284070507963 0.21631312991212134 0.191078600250289
0 0.8879379891339952 0.5534819708249046 0.15272021449523182 0.17629190896402738
0 0.9155175914434377 0.09725627034576681 0.14011866326697076 0.19451254069153362
0 0.6643888132759626 0.0813313905928981 0.25295314267884417 0.1626627811857962
0 0.4651069486103685 0.04697209481955415 0.1851707181638784 0.0939441896391083
0 0.28738513501166524 0.10765482435878003 0.21296265816028165 0.2102813991454287
0 0.4093295607818676 0.9082746439125479 0.25386390552625193 0.1792831321660951
0 0.4198585470612132 0.7376155521572857 0.2121981851317697 0.2319020293622294
0 0.5892830038228716 0.2933157747911343 0.2820201506616185 0.297183475047075
0 0.193128277346333 0.9551854081872343 0.1964613386551828 0.08764328979583033
0 0.09568569005565279 0.7190778500884982 0.12835331056839291 0.14010835014600184
0 0.2865805410077378 0.2926740597819525 0.13279669773712208 0.13532862817393926
0 0.8573312007602871 0.228082475838491 0.24570574146671995 0.19845796072560504
0 0.8641935266416021 0.40705014037360365 0.20134359528059995 0.18378315078186183
0 0.6870733842854987 0.4297056730086993 0.16291791956964702 0.1523233732646399
0 0.8466488276206626 0.8288412293667148 0.19959663390350849 0.25585657989380195
0 0.6365288850709148 0.9381890603862347 0.2628224053648815 0.10725165855759919
0 0.44302778613595895 0.46356310545100937 0.1711865106974892 0.1980244205233464
0 0.2403954497185252 0.4106792914215434 0.21059467475702126 0.17903139914542868
0 0.07989131216066064 0.10650265072435817 0.1597826243213213 0.1812254677820529
0 0.07342347653578811 0.46584268780482113 0.14684695307157622 0.2413915474672808
0 0.044700003500130925 0.940595310605529 0.08940000700026185 0.11858561610390475
0 0.18007276410264453 0.8579485128828908 0.19005297478929523 0.19332860955817266
0 0.05745964905148762 0.6678007276474351 0.11491929810297524 0.21483735843245455
0 0.0763751998063556 0.27475789632577413 0.1527503996127112 0.205291899656144