0 0.2981008941497141 0.5419044819667203 0.26454076212592553 0.2268607604621798
0 0.8781786103826199 0.5913902079410798 0.23776827985227883 0.195051259059402
0 0.45026893387962935 0.14242243906223326 0.20988322844942978 0.23278544569732923
0 0.2119705206267088 0.3251936472697117 0.1928165747844726 0.17481338730363263
0 0.08911992554216479 0.2371715020748398 0.15426459232962925 0.20030454261121808
0 0.8443711174517077 0.8904722236649044 0.22962506024814752 0.21165438157521385
0 0.3085384450816934 0.9062230298689102 0.27340535358532725 0.18755394026217959
0 0.11748334807549779 0.4105561509232907 0.18070690002193693 0.2009199941542736
0 0.5987140592336879 0.7971927751620196 0.22187303791794846 0.17788863514081207
0 0.29277995918290456 0.7552872882562501 0.15330348988632453 0.16189895428995735
0 0.15559564112300428 0.7365011053305556 0.18178786775925876 0.2681157861814104
0 0.11567882839173683 0.5544512193123933 0.1484957975786322 0.16178705400940188
0 0.13043753012407386 0.1061908666994125 0.22812347393618207 0.13965089724038476
0 0.24846572225056948 0.16651283098477582 0.19386812122108227 0.18683261807286342
0 0.3360568202712249 0.08458824614113276 0.13395285536153823 0.13266114946185908
0 0.4057503779456546 0.34649658156885715 0.28115737591552664 0.22484856529027802
0 0.7771604094108256 0.28677113820785316 0.2191684384834754 0.20181519639871814
0 0.8941997128616807 0.33786936885977636 0.21160057427663867 0.28399356675170956
0 0.8523579701298432 0.09060791091624003 0.21913901718276316 0.14663863514081216
0 0.5864877893138879 0.5066351163181628 0.3752375504968656 0.2582246706208335
0 0.4834187977967932 0.8640788315395302 0.20053917581395986 0.15340257248012834
0 0.44183422141730644 0.6903864569195517 0.2410133631554128 0.20472259381506427
0 0.7089766084252124 0.7002026917211543 0.25889183266894544 0.21713347556623958
0 0.9232986728778484 0.7720433503303961 0.15340265424430327 0.23323304681955156
0 0.9674080507507827 0.9218930889028853 0.0651838984984345 0.10661049275149583
0 0.9799552348294868 0.6052567982785264 0.040089530341026386 0.21584461246175218
0 0.5803751993767801 0.31337727656479747 0.31973877967108205 0.25453397124059857
0 0.17880539607136572 0.9452990149344552 0.10102038106296275 0.10940197013108953
0 0.33543079264935716 0.9641950882626068 0.2589234340608261 0.07160982347478641
0 0.4754700867840438 0.9461402769167203 0.13749869194529898 0.10771944616655943
0 0.6326310669905981 0.1154805998636223 0.2893005955196578 0.20824544277446605
0 0.026245619009757602 0.12175790668103634 0.041555155078774705 0.11851581336207266