0 0.8185096153846154 0.5959740996876609 0.3629807692307692 0.4267177019511755
0 0.22596153846153846 0.672326620878419 0.23557692307692307 0.26990619067029936
0 0.4543269230769231 0.10312265343557729 0.27884615384615385 0.1915863701183763
0 0.9050480769230769 0.222988304737661 0.18990384615384615 0.3121123687742523
0 0.08774038461538461 0.6066094878124466 0.17548076923076922 0.19879589870181638
0 0.3557692307692308 0.3484248515303422 0.4879807692307692 0.3839540323225432
0 0.1935096153846154 0.10306167860005358 0.2283653846153846 0.2024306479417737
0 0.5793269230769231 0.5387243684223295 0.22115384615384615 0.20947433598247878
0 0.484375 0.9263789862923613 0.19471153846153846 0.14724202741527748
0 0.7223557692307693 0.8993232369350963 0.3629807692307692 0.2013535261298074
0 0.32091346153846156 0.9245366514193913 0.16105769230769232 0.1407678901678421
0 0.11057692307692307 0.8270929372220086 0.22115384615384615 0.2647627975209402
0 0.44711538461538464 0.6161759568608978 0.14423076923076922 0.1596070084166668
0 0.38822115384615385 0.7890840245779385 0.23076923076923078 0.25777505962051295
0 0.07932692307692307 0.3480002007830129 0.13942307692307693 0.1498797235207266
0 0.06490384615384616 0.46905873071057697 0.12980769230769232 0.1688866921903847
0 0.3485576923076923 0.17157430880181654 0.19230769230769232 0.17514908814529928
0 0.7007211538461539 0.190588312044819 0.33653846153846156 0.3443714811773507
0 0.5949519230769231 0.694136121257212 0.18990384615384615 0.15826621492809834
0 0.8197115384615384 0.8375886132193384 0.2932692307692308 0.21596053249850436
0 0.09615384615384616 0.20776685176495738 0.1346153846153846 0.1810178232401711