0 0.8289322870932534 0.809470504103023 0.2712326485996701 0.2617216476288077
0 0.3955956936873842 0.9001717586131944 0.12481999625287389 0.13168499818288273
0 0.9393915216045406 0.19997341740568536 0.11769237637272092 0.13624085801827857
0 0.7792393075701074 0.41807473948029206 0.15421162087803436 0.16394232807206763
0 0.6144052791000603 0.6287966347784961 0.1349388923565725 0.16086692865876465
0 0.3992041926869676 0.6934409893824252 0.14645461163748927 0.13244049559977136
0 0.11076698739413876 0.9575740403439005 0.13330248001955208 0.06711692865876492
0 0.9224752204086035 0.6179068715451878 0.13801408716150393 0.19941241127773532
0 0.6490214591710273 0.7815400769110012 0.1589773538950339 0.1617063702330855
0 0.05021138736462902 0.6533730233132456 0.10042277472925804 0.14328450816495292
0 0.044489403722686054 0.4776404216101802 0.08897880744537211 0.13316545860497578
0 0.20041254245813503 0.09358977076275675 0.10023606393540553 0.09959555660856169
0 0.29475394980574676 0.8208829780761769 0.15674134490395916 0.1712378106910382
0 0.4287751973047054 0.3084211511857223 0.1470420417071889 0.16609434175361754
0 0.07107583916360444 0.8801320312703889 0.14215167832720887 0.14487944715616244
0 0.6245898439086124 0.38982380286438406 0.16694415958904335 0.20522743347461253
0 0.3560751123884354 0.1326999871496885 0.19085674325542643 0.198855336587395
0 0.9188031587184319 0.3459784516095601 0.1549249288198125 0.20480771268745224
0 0.9486380856646813 0.08363871141644316 0.10205248001955197 0.06602565461214761
0 0.5354654264549132 0.9371032054963027 0.18757175199703083 0.12579358900739462
0 0.6975410608144904 0.0688569315801748 0.21047731268678596 0.0842262186196684
0 0.3013470179821497 0.029765760988496006 0.1665367332664699 0.04425368532435238
0 0.12561449300722344 0.03806091441903066 0.14780947552401463 0.07242828591104955
0 0.6434247296466139 0.20647520911846187 0.19043715034849823 0.17481687504893348
0 0.5418216352403281 0.10190407188734371 0.1495298064424207 0.17098597821874184
0 0.18485718844090065 0.6402549103691766 0.20780954420442804 0.20665448415095802
0 0.8222215303512146 0.9701465672140608 0.28031472902040294 0.0597068655718785
0 0.7171981299989143 0.5963065691616675 0.08813291458478918 0.09436814351370898
0 0.4714001423603747 0.4157433488674466 0.15943890609265501 0.18814867792539333
0 0.18979411214403463 0.908619533152751 0.1173147427564856 0.11460624263366324
0 0.23566419518167192 0.2788271080509009 0.1713322589898074 0.18135686025101524
0 0.001768997255825268 0.9366338535528053 0.003537994511650536 0.07519078402868747
0 0.11535209290946313 0.35039302610416645 0.17613995129749974 0.18152474856587947
0 0.7972499038474212 0.21304955827103844 0.1681311863127977 0.13559983917050625
0 0.6850338386646636 0.5097948124960798 0.09791613636294508 0.10431930475882194
0 0.8583625174857438 0.5014157149081131 0.1318636975516408 0.12232144603979424
0 0.5599471903144637 0.717094094084221 0.09087243506417791 0.11368285690191016
0 0.4616290871665736 0.5621261317797658 0.16083572926987344 0.1305403143905176
0 0.1405207255278169 0.49318530699155855 0.11714690559371428 0.10499085801827863
0 0.13881864448594305 0.7973977616892451 0.18048609140757088 0.15525032918843598
0 0.48815258367145264 0.7650985106707437 0.16247214160689383 0.22429031439051775
0 0.5667513024534286 0.8784875630216417 0.12212243506417791 0.11477413094852743
0 0.6776429202105481 0.8643201481096715 0.10065565684233381 0.12363401814702311