0 0.8317993442835598 0.7496374276302399 0.17523659583609386 0.20735649614986165
0 0.6277814929634912 0.7159408567187797 0.16385838391463553 0.15642788318305634
0 0.49023572191560444 0.5999503979791575 0.16609434175361754 0.15173215180937305
0 0.28361943125395167 0.5375756146225569 0.1682768898468517 0.21423215180937305
0 0.32050134887952236 0.16866754374400522 0.14445972636900214 0.15072450340329185
0 0.9192497538867426 0.6507668718630015 0.11552962836541607 0.14697712604133747
0 0.10110075618472385 0.8801073000578481 0.2022015123694477 0.21429144620372506
0 0.8050136518333025 0.5888892848547462 0.15622712466593652 0.14407276961179852
0 0.053865214926226694 0.35783388019370227 0.10773042985245339 0.21931643252474026
0 0.2446161362573148 0.08137674890280658 0.21260686025101524 0.16275349780561316
0 0.594013270139328 0.04880126614615792 0.17487028479468128 0.09760253229231584
0 0.5810133634043864 0.4745255735856023 0.1547466642438433 0.17040311637009717
0 0.9274992075985501 0.1739952735935715 0.13121186764997445 0.18370658395308398
0 0.07665025841142264 0.09858071165017318 0.1533005168228453 0.1802424228534998
0 0.6791779888483924 0.893542255841025 0.1564789571382329 0.1512843080733367
0 0.8276976201352186 0.17984357543186855 0.10996643864083484 0.1251185887887042
0 0.08445126979499126 0.7033422940133227 0.16890253958998253 0.15285176114946297
0 0.4341269155474748 0.4885667290216905 0.1443757822115699 0.1483206572494457
0 0.2208103085476975 0.961689833302737 0.16530830992504436 0.06049795889722823
0 0.6146443342241691 0.3361628116082634 0.14222376853002017 0.1554202347769752
0 0.22986101034452064 0.7368742374511172 0.10937882953881051 0.10829166571178124
0 0.7990612247838457 0.9311574594428007 0.1511370654742636 0.06703773175471256
0 0.5062308115464279 0.7948002306445334 0.10398352812909359 0.09124082076683984
0 0.7659759928861708 0.2979152532327002 0.16120270528849298 0.1491043837875088
0 0.48938106408484106 0.2807986641876641 0.1662622300684817 0.15653984411706529
0 0.6979204622392106 0.11628988834082571 0.21721612983215915 0.10371452312680199
0 0.8898961565065855 0.391740939114838 0.1051587463331428 0.12489466692068628
0 0.7067802984883068 0.5154666440831247 0.1822497115710839 0.13328510911666683
0 0.3659415881761563 0.7917345606686759 0.17688494457305134 0.18583384169925501
0 0.49507389768558147 0.9081168826773298 0.24027779589311996 0.14558755614826752
0 0.1324556609068141 0.5710154806904277 0.17789227446223632 0.21467999554540912
0 0.19405520145852428 0.3533521289059943 0.13973597821874184 0.15290442768912002
0 0.922580815311152 0.5210151600223137 0.10937882953881065 0.1082916657117811