0 0.25838468984768254 0.23273067973004585 0.16451042604764818 0.19363171002945906
0 0.838200292442974 0.4027149881434925 0.1573128727539243 0.19544688345576125
0 0.3077326604854532 0.43156292728439244 0.18634083378167077 0.22905157436593734
0 0.9111034349744465 0.8668794862627303 0.17004534708170985 0.2662410274745396
0 0.07563025025535766 0.1468060636392121 0.15126050051071532 0.2311121272784242
0 0.6512083470027659 0.9170908934837283 0.19321672821565408 0.16581821303254346
0 0.642322595179199 0.17388421564190493 0.25602440190757947 0.2299343850911704
0 0.9454433557063671 0.5714008482874218 0.10433036119460554 0.1743030270435154
0 0.8490533644099683 0.1907595004981665 0.21289502281649675 0.2504408102643679
0 0.6036706542418618 0.6168543135426463 0.1791292953201323 0.2284629016383934
0 0.4118532441628368 0.3101928774048309 0.1547412045863007 0.16640450536709273
0 0.1392746299507227 0.45027915338528857 0.16913631117374817 0.16277415851448834
0 0.3239076705486894 0.9385544573459127 0.3132971545654434 0.12289108530817462
0 0.7048193897586013 0.9761444820627211 0.20485835945388528 0.04771103587455791
0 0.28525813367680064 0.780856559684556 0.13546847985208726 0.1576231729654367
0 0.08125906068837586 0.908334932168239 0.13088455022943163 0.1833301356635219
0 0.47447291944441206 0.08803313405049343 0.22413108418809896 0.11680654686155659
0 0.960761483369591 0.41873203989635593 0.06567303038366007 0.13750959300943458
0 0.14839973233744003 0.7420275470919891 0.26113976790719745 0.2832114489608152
0 0.7991599722274204 0.08567725294381999 0.19014159400669767 0.05636709977404353
0 0.0732046249946399 0.5469483361333394 0.1464092499892798 0.1900505184205249
0 0.186018373566781 0.06328430187180999 0.19029543085266043 0.08280940746635122
0 0.519751206248077 0.9623471426660237 0.12806114904114152 0.07530571466795248
0 0.3855282076866561 0.7012594811335303 0.20593521737562467 0.29312136830605456
0 0.4596496625283146 0.5690231666840739 0.1692481925162666 0.1820049277452577