0 0.9064937534408813 0.9137731919493267 0.18701249311823723 0.17245361610134652
0 0.4104909853397046 0.9080576901753766 0.24497713118879363 0.18388461964924666
0 0.606900847753259 0.1765489306071055 0.28110938781421047 0.2987747204008611
0 0.20369790553339717 0.47734864356466067 0.247745282481603 0.20588847751102982
0 0.568177435703711 0.8025182545760493 0.2574352314147121 0.30218233175975556
0 0.11352348964668714 0.8191159432706842 0.11666252218753963 0.1815011173105991
0 0.916614765085157 0.49381881695300184 0.1667704698296859 0.2826952548801171
0 0.17702906607136265 0.030653283233915356 0.1809812090658022 0.051225983636487435
0 0.6822440233099868 0.4286371977598569 0.2513883338712344 0.25396540058795286
0 0.9881091276743722 0.2388236994686495 0.023781744651255547 0.1676854898488216
0 0.18141066359685665 0.6411839108042886 0.23270402234890997 0.2600568742904532
0 0.4012715103890389 0.6527927284088644 0.2698546300734917 0.27658007263672657
0 0.7176490890657541 0.5958326592765993 0.17584791318628573 0.17298208891336267
0 0.1699831682122895 0.12716900389540597 0.22662126205484662 0.24294993502377057
0 0.36076191446295786 0.18135886606525864 0.210376659436954 0.21807142491603043
0 0.0877876026321831 0.6058155262757805 0.10708583913929387 0.3077848987054072
0 0.09433657868386021 0.21849257077590012 0.10446113884882727 0.17839723068235427
0 0.861960100247354 0.9894130482652108 0.24493842962165502 0.0211739034695783
0 0.4482526792325193 0.4832160077039354 0.28857480434640187 0.23937860702910613
0 0.14467389691228674 0.3458727083888562 0.19227466837365983 0.200264445174949
0 0.17919696552984868 0.07505443303262932 0.20935546952123582 0.14142836418271304
0 0.9318381777873316 0.32787157401973227 0.13632364442533693 0.1578589715158869
0 0.39934897255154617 0.07471402391541411 0.245813329718477 0.11722618600848163
0 0.26414611077632777 0.8171191455558019 0.24122649154740514 0.2461938297468955
0 0.7514714146386186 0.8526823232304933 0.204111746573409 0.19856063949550146
0 0.6381650418360252 0.9485369309546114 0.2213747002904666 0.10292613809077704
0 0.812111187376664 0.7054402583845788 0.20444018896178634 0.23447832370831415
0 0.933789481334027 0.6602442339479055 0.13242103733194618 0.21426749781338664
0 0.851216835940468 0.23218516923230562 0.29756632811906386 0.3059625503215094
0 0.5360633699407986 0.34712941651708284 0.1451443708947302 0.17837352214146415
0 0.9300395513967767 0.784976072028591 0.1399208972064465 0.12476515774155973
0 0.6066899294745749 0.600139590556998 0.20097929014163649 0.18880524678523722
0 0.4099883858992021 0.3098709227076979 0.20913745420116855 0.17013450993398707