0 0.19252802450932543 0.3655868676499744 0.23556056250315444 0.2434676738755391
0 0.6767500190112148 0.11364859485021482 0.1948461918685835 0.1868361058181642
0 0.6092443296275483 0.48935829064957714 0.2062777272883278 0.17283274968224768
0 0.09945349727954554 0.17270300390728915 0.19342183796388196 0.2107906231991937
0 0.7388295911074619 0.5178877646106552 0.20593081485768502 0.22322957475558483
0 0.5429446534642468 0.8062996719158567 0.224671837963882 0.2118818972458109
0 0.8433418425265735 0.2550901610904723 0.22702261936182866 0.26957420493811846
0 0.2473164610101849 0.8496069942755933 0.31763006387768206 0.30078601144881334
0 0.06664239134165323 0.3983974426906892 0.10879747645469433 0.19583334691983992
0 0.827910642350257 0.642220040890009 0.16060465036525073 0.1712378106910382
0 0.8385953952616649 0.07969333601713512 0.16757540590794526 0.10666974116692031
0 0.09545383252297304 0.5458295275709094 0.1532951626787979 0.16858213206489575
0 0.411896342380204 0.3000343945201346 0.22207209336020683 0.20699026078068644
0 0.6919912952895927 0.6938836364530486 0.19887029037696033 0.16777322490225927
0 0.5679463537869329 0.3594933590573266 0.16511849499819975 0.16419416054436387
0 0.28904105352414083 0.1421169490385246 0.28363748558007745 0.2451465570241809
0 0.9418730024563161 0.2873360533126256 0.08348567499234495 0.16374390534551908
0 0.39427963673437766 0.7218941273142925 0.14328798116375552 0.15863097081978267
0 0.055980187773601545 0.28400488998941664 0.09530900731174684 0.15935593382498714
0 0.49272301924338685 0.9480158950130743 0.2595092551035859 0.10396820997385156
0 0.7088203169926612 0.31160342103992034 0.18361055489866837 0.20564715426177302
0 0.08374271137610881 0.7002480233132456 0.08868516419969508 0.17352717827576788
0 0.6448999461225529 0.9696543399365 0.14746309365294616 0.060691320127000056
0 0.837813792979646 0.8670597199438463 0.32437241404070793 0.2658805601123072
0 0.5453894010525147 0.21828074995530194 0.1996538841762759 0.18700399413302843
0 0.4570143379924828 0.5236493261123851 0.21697055337777124 0.19961083400428373
0 0.8788608140972364 0.6013012465288766 0.24227837180552733 0.29993135361805
0 0.9969614754015066 0.7543270555453622 0.006077049196986851 0.20541819712354006
0 0.30300898987863073 0.6911019906413585 0.1527074673293112 0.1541590551418187
0 0.5574923190990366 0.0734776388283503 0.15825386896730406 0.11354550299873042
0 0.9688234083642614 0.8434219843466919 0.062353183271477194 0.20030526259780393
0 0.2587194725346826 0.5467300379685989 0.2003395287506771 0.20383091720995145