0 0.6027499522390938 0.6486566388997936 0.1373621272784242 0.15289681437594338
0 0.5066698389507527 0.6064643025021007 0.12701100093665105 0.11435136206727191
0 0.2825242673798479 0.3660533999657358 0.1860277230828913 0.16066777848503383
0 0.38294450306276645 0.8593445025216803 0.16115520933070088 0.17959086360964924
0 0.8232657720556428 0.7266960409220327 0.24004052867892456 0.2045244061841946
0 0.8014357258928443 0.4887432429736411 0.2975853706402219 0.29165026465258576
0 0.931244410030951 0.529020388593782 0.13751117993809786 0.2688128841257331
0 0.6618663734352543 0.22328691273322077 0.2569653655110221 0.26476041644223625
0 0.1741787503717598 0.5862718922905602 0.19564310769827584 0.16077966361454443
0 0.12857841448377358 0.8382430256328676 0.13353555618330523 0.16486010258041864
0 0.6848232212468905 0.9171881260711227 0.26957366573996266 0.15443523490671177
0 0.8869932645848154 0.9169207147579073 0.22601347083036918 0.14976739901090716
0 0.5383114939714504 0.846709061474828 0.2202210867206113 0.19708909746363518
0 0.2780836524710183 0.621154790738393 0.15158897995898643 0.15066079591636267
0 0.43747383544950175 0.48094767584342907 0.28497746714344707 0.2842988697791592
0 0.5961524575912659 0.40571433530825524 0.20334500840001818 0.22571148105076808
0 0.43404090303590953 0.14412950148119144 0.25799564196726554 0.24796146464769084
0 0.5590902566456626 0.059046388691679524 0.3441420517528636 0.11809277738335905
0 0.958987149653605 0.2930099106400059 0.08202570069279001 0.2631380820643351
0 0.8446567932488195 0.22236301834944572 0.2534824843894282 0.19267300310922927
0 0.8914098969700587 0.10503524090490067 0.21718020605988259 0.194825107721677
0 0.17106532704202337 0.06329633948244777 0.20270757716096982 0.12659267896489554
0 0.14079585315634802 0.2510052820349658 0.18225030723144242 0.14381288412573326
0 0.2966290254155665 0.19986634560300873 0.19299388205824491 0.1871660287420968
0 0.17731893335024324 0.44788291075014075 0.2504408102643679 0.21425167592908942
0 0.11518601074910592 0.7036556122998605 0.12519582751034886 0.12153492924643289
0 0.09252151564041287 0.6028619015325878 0.09517232820910702 0.10677619693482453
0 0.22826409863680092 0.9393435784409798 0.208987149653605 0.0888880492581805
0 0.21879637811850955 0.7938829148509101 0.2209568284469999 0.2355226646427959
0 0.9377074220399764 0.6986593701342014 0.12458515592004733 0.1436170851490899