0 0.45900341812445905 0.18305159517211383 0.14077270922717242 0.11990968235713283
0 0.5569429272225354 0.1228499043258672 0.14758407979916216 0.14660395052676284
0 0.6463750596808561 0.22231501235239806 0.15738161698402836 0.14951171763525364
0 0.32749830034072436 0.40183903124323395 0.2390406607136262 0.2160430852724107
0 0.3221771742586198 0.5984504949039741 0.19522497223595073 0.2065639025149713
0 0.4744405879218711 0.5006844596957433 0.1543954503711518 0.17329821869639284
0 0.5635815601506766 0.5881933270723738 0.20749808107583442 0.14734961033944563
0 0.41009687262693273 0.749472314999536 0.14761994254974786 0.11547993076542386
0 0.4238437139896853 0.8840298203052321 0.14405145547784096 0.1631789131263637
0 0.666687389062302 0.8389798733621934 0.180509315675082 0.13875228925263436
0 0.8140383609826571 0.490069794386728 0.19671805554238894 0.19467065198440173
0 0.9012738282732892 0.20775918397739235 0.17559403511563249 0.2318723880593287
0 0.923525207459244 0.3406738353708514 0.10905081583645235 0.20683630623086202
0 0.18167111777658962 0.07434048203052321 0.18954237983143615 0.14868096406104642
0 0.5804608579452016 0.7130094675240243 0.19657176572349305 0.16114278606921673
0 0.7947316080258868 0.6658655142141501 0.20669774529673673 0.19998226524673868
0 0.5960363220441529 0.42846864888990793 0.17843391190961347 0.17455802108300433
0 0.7452224928097869 0.308118035697461 0.2208669441491607 0.26058234004753716
0 0.3328222652393821 0.05803792314681311 0.16127854644431275 0.11607584629362622
0 0.5550690268101177 0.037407764064853175 0.1733336399641292 0.07481552812970635
0 0.21601345323294655 0.2616294080303376 0.1409189990460684 0.15343754827231787
0 0.09155707212483807 0.41899278693971964 0.15847453240091777 0.16393479455833054
0 0.04031466868211009 0.5630192533835708 0.08062933736422018 0.1576153393867044
0 0.16995104275423062 0.6483285773932734 0.16218930929172068 0.14976367811257602
0 0.052219474624352315 0.1436740797760782 0.10443894924870463 0.2001286887239682
0 0.07966619979921039 0.8681289661833248 0.15933239959842077 0.2541266830179657
0 0.2561582230877615 0.8377489458310433 0.22840692499907667 0.2968919928325518
0 0.8337367653793167 0.8146622368945735 0.16550391829297476 0.16190888912046775
0 0.8128652036149367 0.9163166666687483 0.16189672965392887 0.08270794628220585
0 0.6956567446512554 0.06981458485619299 0.14110115161555006 0.13962916971238598
0 0.837356728692852 0.0466733174172858 0.2115771631056004 0.0933466348345716
0 0.48966825884887544 0.3155253157302588 0.2085192709915526 0.2240207267852002
0 0.34533132077462586 0.1507000982856415 0.20822669135376073 0.15696499495483024
0 0.35064676922362403 0.27013652454598225 0.10416855921103539 0.11080844031567703
0 0.11213747365970289 0.3053821165156446 0.13523640664155392 0.11004233726442593
0 0.11763933290301241 0.1853787791813287 0.1374222374753328 0.13888849111057977
0 0.030172177141850182 0.43757321173861474 0.060344354283700365 0.12966126883046278
0 0.01734977177696856 0.6697963260620909 0.03469954355393712 0.17002273249120273