0 0.14423076923076922 0.3324624790466091 0.2283653846153846 0.22269963253517666
0 0.6658653846153846 0.5447843103164606 0.3076923076923077 0.2931505575210801
0 0.24879807692307693 0.6725061898169391 0.19471153846153846 0.19150017251784687
0 0.4855769230769231 0.7929682307389684 0.22596153846153846 0.24897384692954297
0 0.421875 0.22170154928825464 0.2283653846153846 0.2058727094582536
0 0.8293269230769231 0.3206135814410791 0.22115384615384615 0.25584919879519946
0 0.8401442307692307 0.7417321616003439 0.31971153846153844 0.3300487163184781
0 0.421875 0.3334803954421008 0.11298076923076923 0.10405423115707932
0 0.08653846153846154 0.7151024874279656 0.12980769230769232 0.13888473039651325
0 0.9362980769230769 0.31313342968269875 0.12740384615384615 0.24688971402164916
0 0.484375 0.49617727738793904 0.13221153846153846 0.12703359292522373
0 0.7427884615384616 0.14277070939772904 0.21875 0.23164264395879675
0 0.12259615384615384 0.1645041648819254 0.24519230769230768 0.2286839779284569
0 0.5600961538461539 0.35386310773356267 0.22596153846153846 0.21051230846800478
0 0.3401442307692308 0.09254423856881434 0.23317307692307693 0.1850884771376287
0 0.8329326923076923 0.02339247827091201 0.18509615384615385 0.04678495654182402
0 0.0625 0.08697572809968444 0.125 0.08566392841601572
0 0.06610576923076923 0.5182139727681574 0.13221153846153846 0.2183797467713776
0 0.4182692307692308 0.5560883046197816 0.19230769230769232 0.1769090022968289
0 0.4206730769230769 0.9237086728603021 0.3173076923076923 0.11593831532822918
0 0.19831730769230768 0.5330073029198567 0.20192307692307693 0.22085060625782413
0 0.3016826923076923 0.835875444954542 0.15865384615384615 0.1673441576641146
0 0.9819711538461539 0.5431127339448942 0.036057692307692304 0.16838678408450145
0 0.8533653846153846 0.5593172638462832 0.18028846153846154 0.1616454588840464
0 0.8930288461538461 0.09745796912898971 0.14182692307692307 0.19491593825797943
0 0.5997596153846154 0.075764017120299 0.17067307692307693 0.151528034240598
0 0.13942307692307693 0.8784717425655683 0.1971153846153846 0.23734134273886498
0 0.3557692307692308 0.4378625765200973 0.18990384615384615 0.18635629361427242