0 0.6150166020217527 0.5895550864542961 0.15744312643551803 0.12800308248929942
0 0.5807068560260722 0.4936634223970565 0.11864540137809734 0.12117970636302863
0 0.3612921595428328 0.26743804143528604 0.1608049923943407 0.1760800055662225
0 0.846297789393332 0.3700610870452389 0.18282633435750875 0.14849365410668017
0 0.6720035898224356 0.8096806474602847 0.2100080285741813 0.22895439933155368
0 0.43606521015829497 0.78525236318293 0.29733641661967825 0.27903678460777104
0 0.4611127914508432 0.9273976872625226 0.27361766832716883 0.1452046254749549
0 0.1816689544540505 0.6452556039726104 0.27077655561209973 0.2417192899134673
0 0.5918845003727173 0.16130275197298147 0.1662850578937976 0.18594735065892942
0 0.8488268655709741 0.10962683087855678 0.1677308842426671 0.13812238805932864
0 0.8804905420401816 0.6746413248421378 0.1690921039761264 0.2603406011894991
0 0.8620337859329574 0.8838883780388791 0.17474026277352442 0.2322232439222418
0 0.8197467250271585 0.5254922154939414 0.2038555898829601 0.20947166962346214
0 0.6171924582871424 0.2651669467333686 0.15364399391547262 0.142174198935054
0 0.4614472981474057 0.42227159395216074 0.2894525049663753 0.2690434592764031
0 0.37189195388740887 0.5816387746572116 0.22878505789379758 0.1892228368641194
0 0.12487860833046661 0.4177925242664221 0.24975721666093323 0.2408374282428391
0 0.04586700017879313 0.5415480543087369 0.09173400035758626 0.337903800925166
0 0.22077871604889815 0.954878501721972 0.2641033636771249 0.09024299655605607
0 0.16408617150283225 0.8276959511875958 0.19882926429465625 0.24034372890747863
0 0.07041881823570302 0.8815560832200222 0.14083763647140604 0.22123893991537058
0 0.06653451913380709 0.15389381153655815 0.13306903826761418 0.19455489336502474
0 0.2590105847226605 0.12576265264523456 0.14621382217332268 0.17292027798040938
0 0.1915100890921318 0.28025404011362043 0.18981923953843569 0.17999561458400254
0 0.452990973334799 0.16367427286534958 0.22029578638133052 0.23907370490158295
0 0.7145476675514717 0.09776424520583969 0.12378928028167188 0.12623935914804324
0 0.6159647052524443 0.07570914222447862 0.10941674334126525 0.09195561180089128
0 0.9414425157930914 0.21701847232145635 0.09327866680603701 0.20367657864504896
0 0.7949759937064171 0.20692983160927964 0.24198094174861604 0.20667966113434838
0 0.6312563184887616 0.932906767299127 0.14503716908773476 0.13418646540174597