0 0.7226609271409807 0.32169987822951546 0.2607638913234945 0.3187683470752052
0 0.4675603784336376 0.23015798281210229 0.31286531080153696 0.2542322200180585
0 0.4133026440165774 0.655460003304164 0.18487406771776108 0.19707449813824787
0 0.9380971722445484 0.5145914744437348 0.11468701745580336 0.15255568660168978
0 0.7982380142486764 0.8548293601901487 0.2357744061841946 0.23577777545782433
0 0.7532905065367892 0.9745569730013229 0.16927619693482454 0.050886053997354214
0 0.5477485168070684 0.8652126378591755 0.30626914055230586 0.2695747242816491
0 0.46350538455419865 0.4752873003850795 0.29402613952405426 0.28687822426261533
0 0.21016702663664477 0.23230309727535853 0.23840202259706145 0.2551345249272549
0 0.048997449199442 0.5736220366696764 0.097994898398884 0.22416715026242975
0 0.16355438555797586 0.6207234430987882 0.22123944413160707 0.2254065094104728
0 0.029737866620981122 0.7673887233412563 0.059475733241962245 0.18862360052866642
0 0.08269156814622648 0.43849250948036295 0.14867651899818074 0.1831655637890998
0 0.10588920708273172 0.7187244459517894 0.14800520822111812 0.12547325609679222
0 0.12481145014203322 0.8496029702881018 0.22336357746167712 0.20149402811067263
0 0.25545828092105377 0.7842905185604194 0.2674439754198585 0.27347321086811205
0 0.7691985876218215 0.5598593961989923 0.2715244143857332 0.21122517134543423
0 0.952340962028113 0.22068723167155613 0.09296848822405497 0.14421032599220088
0 0.8733208809920294 0.29351595083814547 0.21394399182293575 0.217817030232951
0 0.9448348830362956 0.3489780503056725 0.10602265644125726 0.23378253487781436
0 0.9178865660652489 0.7011466226537763 0.1491240595162226 0.2216271022506383
0 0.7722440891397244 0.7115536643686224 0.25953315489887996 0.2129991163059745
0 0.6594303055379067 0.7946378909631862 0.26747194670223606 0.2758770570219582
0 0.26818184614160895 0.10425401749928032 0.25209784617832054 0.19339040635922183
0 0.19666447583608673 0.4625054169706141 0.17995449028055835 0.18720715304554092
0 0.3198891414704227 0.5182722454155099 0.15337232617636254 0.1738021396510375
0 0.27782099171280095 0.6194959659736549 0.16268002668559356 0.14786375291337453
0 0.8517964666062965 0.48962349354424084 0.20670448207901979 0.2150352433631214
0 0.7188750287053852 0.13027915840209336 0.38436532720461425 0.20512701179327777
0 0.4738785199897207 0.1006022509817323 0.14347722873720195 0.14925975715793133
0 0.5306740625153169 0.38740560310210737 0.17285483694853016 0.1964445969449421
0 0.11012769842825329 0.25111337890938207 0.17087056003034823 0.23237630901397327
0 0.6234442255667866 0.579881822529223 0.1705628759241945 0.20593400132166564