0 0.2956730769230769 0.8032786879779038 0.20192307692307693 0.19926067996990054
0 0.1346153846153846 0.2518308379286516 0.15384615384615385 0.16761436422615128
0 0.4879807692307692 0.43346972018366975 0.13221153846153846 0.18318121444915647
0 0.09014423076923077 0.8429906881733759 0.17307692307692307 0.17834981360057392
0 0.5384615384615384 0.31621758248383725 0.1875 0.17197832370831417
0 0.7848557692307693 0.5949914891320903 0.17067307692307693 0.19263288242877125
0 0.3016826923076923 0.13415755436894933 0.23076923076923078 0.18651770018538077
0 0.7860576923076923 0.8820218701344177 0.2644230769230769 0.23595625973116469
0 0.3016826923076923 0.9479720930151004 0.17307692307692307 0.10405581396979904
0 0.6742788461538461 0.26643573215223637 0.13942307692307693 0.13552431565687267
0 0.09014423076923077 0.07375991894260667 0.16105769230769232 0.1415920808184829
0 0.4543269230769231 0.9444939168211507 0.13942307692307693 0.11101216635769863
0 0.2704326923076923 0.5686355260585892 0.16346153846153846 0.19221285814413192
0 0.7007211538461539 0.41461043658052926 0.12980769230769232 0.17582966789273827
0 0.3545673076923077 0.4341127324563042 0.1346153846153846 0.1424558379286516
0 0.09495192307692307 0.6401457043631354 0.18990384615384615 0.2514452548801171
0 0.34975961538461536 0.04681348549731391 0.15384615384615385 0.054633594995382055
0 0.6766826923076923 0.7148930479394239 0.1346153846153846 0.11841737639018991
0 0.1875 0.9374294351649449 0.13221153846153846 0.12514112967011023
0 0.04326923076923077 0.07102976109245121 0.08653846153846154 0.13484798372336396
0 0.9447115384615384 0.6944462582108257 0.11057692307692307 0.2444211415952385
0 0.3329326923076923 0.2826122749870017 0.17307692307692307 0.15190750590826638
0 0.6021634615384616 0.9911174147322733 0.16346153846153846 0.01776517053545326
0 0.9735576923076923 0.5482898168878444 0.052884615384615384 0.14009940885658578
0 0.06971153846153846 0.9699519230769231 0.13942307692307693 0.06009615384615385
0 0.9026442307692307 0.3001691934735066 0.19471153846153846 0.3454752710698766
0 0.21394230769230768 0.41390302813660707 0.14903846153846154 0.17454588649793015
0 0.9711538461538461 0.9072492789041268 0.057692307692307696 0.1855014421917464
0 0.4951923076923077 0.5925435906221552 0.15865384615384615 0.1895289958005263
0 0.6514423076923077 0.1677498860201094 0.2403846153846154 0.2736161941033614
0 0.8233173076923077 0.08280854172708971 0.19471153846153846 0.07624450183910735
0 0.6310096153846154 0.7939636633674775 0.12740384615384615 0.12761273672093545
0 0.06129807692307692 0.3533298218040495 0.11298076923076923 0.13879191892088755
0 0.90625 0.13691766715428783 0.17307692307692307 0.1398882751390356
0 0.4831730769230769 0.7937666270708333 0.16826923076923078 0.170858258949276