0 0.7114560947888108 0.5560067773005428 0.14676864204981646 0.14660395052676284
0 0.25459017895996067 0.326987727446033 0.23091973078436195 0.2540007027793045
0 0.06268184822648855 0.813298428312729 0.1253636964529771 0.22340104721117846
0 0.037076168669623925 0.9498971714852142 0.07415233733924785 0.10020565702957149
0 0.17094505001855828 0.9286251643876562 0.15001295469336817 0.14274967122468768
0 0.11057860297624283 0.5233097945583306 0.13217747182879827 0.14344422294094983
0 0.571914904584023 0.41237869481124345 0.13922091699239564 0.14141831750308717
0 0.5068929451484662 0.27265599972043986 0.1597964326066939 0.16165692864314557
0 0.3736387802665408 0.14262701179327777 0.17969957502922773 0.17228015516781942
0 0.6684796273748771 0.11827014925214677 0.14078429665653622 0.12952506697251745
0 0.6097705232199575 0.18154136311303998 0.14799583511807468 0.1299030076885009
0 0.7595994712318943 0.31605798194159934 0.15912405941492944 0.15204154402776096
0 0.902980977331553 0.21500278850287782 0.13479995126325597 0.11244618341827209
0 0.9183373640347111 0.32317075461631267 0.12412546687755438 0.13104705145573556
0 0.8637053623045238 0.5869060510363954 0.12311690708990743 0.11662397453265864
0 0.9182538773521803 0.49687757888654155 0.11071094974212387 0.1447142469468455
0 0.8249252305299131 0.8309645365807525 0.14056566337592466 0.1606490867338561
0 0.6834850340315426 0.8525038365845593 0.1302779055687756 0.15052978116382712
0 0.48383889333919616 0.5850930096011092 0.12462974677137759 0.13825858991727402
0 0.7888158783066707 0.4502852042217163 0.18998733283637664 0.18239946073784863
0 0.9009990443218794 0.7263818964595187 0.11261051600214682 0.13762868872396822
0 0.8938386058094511 0.9132963321493661 0.10339833131524483 0.1734073357012677
0 0.8109817234757645 0.9592341465738706 0.1473234619263102 0.08153170685225866
0 0.6402833765613523 0.9409712277764494 0.14402860930008807 0.11805754444710131
0 0.6340375346133154 0.6798201866525461 0.13547232445502042 0.12206156803365677
0 0.5123323872395376 0.6951557901041036 0.16114117899022296 0.18088769787391473
0 0.5540135283197325 0.8408932113891646 0.14604572887538142 0.17051643182656306
0 0.40605943654292326 0.869329099257857 0.15599730008664828 0.17582804508890001
0 0.5234952381355724 0.9669828262527271 0.12915179246585795 0.0660343474945457
0 0.3604539329188867 0.9568158629922936 0.12037687434017902 0.08636827401541271
0 0.257063278312167 0.9374063450228168 0.11071094974212407 0.12518730995436628
0 0.30360153174984483 0.7819292192873356 0.16287265195230466 0.1713982934971915
0 0.39376223586900577 0.6829101529057608 0.1379937239241374 0.15811926034134907
0 0.2883456650455874 0.5688160047656097 0.19440829856551659 0.21137159482266377
0 0.16289192513443435 0.6032563972092753 0.1033818579653148 0.10840459416183088
0 0.03739476198269619 0.4822758828235226 0.07478952396539237 0.14724407333935283
0 0.0791341197540867 0.37852233587287026 0.1582682395081734 0.12723697943804824
0 0.08689991812567896 0.14762712486497837 0.17379983625135792 0.24717732665303369
0 0.23345928350272876 0.14613746564323837 0.09823797906174019 0.10334494137681628
0 0.28499035586241006 0.047506561596931306 0.16011614585264602 0.06347717705143673
0 0.4781050079935078 0.08054749939002347 0.1976361378591382 0.12052936193115443
0 0.8109536536522295 0.09919768552151674 0.15213115423400253 0.12053958355043862
0 0.7553713088255911 0.1867593213981938 0.14436479589597 0.14647797028810167
0 0.948367847674978 0.08347903054433364 0.06961045849619787 0.07070915875154352
0 0.9253549792405333 0.13655772709658284 0.11523299543660451 0.1066306492012905
0 0.7597351777964151 0.6936456876437952 0.1553249268948838 0.1662126604735155
0 0.41860653729799285 0.3621226716059605 0.1597964326066939 0.16165692864314557
0 0.4279198019502354 0.504957436592173 0.19462693184612798 0.1802475750613248