0 0.8434437472117451 0.1525055943275922 0.2970255480437257 0.282898776249777
0 0.6514178002079348 0.6413780783867724 0.44774208427466033 0.43761829283327647
0 0.3470731254509136 0.4753453192168054 0.26857956208712075 0.25537902708341037
0 0.9305390515545745 0.5975416029852659 0.13892189689085108 0.2163828580282847
0 0.12905173572883993 0.49387408329940474 0.19981464922357578 0.2334056795550366
0 0.24582326557641318 0.6506709843233185 0.1904172799282584 0.20426567803413928
0 0.1744487449811413 0.3292636865168426 0.22257804277566626 0.21755824872725796
0 0.7242839847013685 0.8710964000598941 0.26548296840593394 0.21451364246802576
0 0.3049793699336535 0.02392216022248173 0.24457412448269164 0.04784432044496346
0 0.6331831924762079 0.33709564147540516 0.29371093904247164 0.2707815962556317
0 0.5330385017607833 0.19288322433570126 0.3973330405450624 0.37325725755990197
0 0.8040563533440592 0.3168711180478682 0.17898036961805822 0.17983541959602
0 0.08621569678319047 0.2786053709273099 0.105007596557272 0.18401053208521062
0 0.2442291701272979 0.11222370780940334 0.2961506479469035 0.22444741561880668
0 0.9712822045974492 0.13004659081808834 0.0574355908051017 0.14447155214961319
0 0.1331595834678086 0.058382042410151 0.09804993616638645 0.116764084820302
0 0.38801449379229946 0.6496996723610585 0.1924568209431414 0.19955593495136154
0 0.9036703886139169 0.8005645636169092 0.1926592227721661 0.2605336318217456
0 0.2155127941330237 0.2347566250954768 0.19085331056839294 0.14676926879166058
0 0.9244265553810186 0.3088351914614413 0.15114688923796285 0.24724106112862684
0 0.1168173284560951 0.6824515247734637 0.14729433897792354 0.23605848891461095
0 0.1938243846225298 0.2826600919570785 0.2623146492235758 0.23595235940281223
0 0.9812274510094879 0.4004303085133234 0.03754509798102417 0.22370052600162182
0 0.23480871275588427 0.8235254765724631 0.21390928375827525 0.1980336318217453
0 0.8946479700196373 0.8918841850851134 0.19879345930785774 0.15667850108178855
0 0.4632845244395792 0.8793200448092655 0.3067126581602817 0.2209864715992636