0 0.71875 0.6387477509940795 0.21875 0.22497214160689383
0 0.5540865384615384 0.6466908472739283 0.13942307692307693 0.2235874850140303
0 0.7019230769230769 0.8598602616117818 0.46634615384615385 0.2802794767764365
0 0.5865384615384616 0.08475729769828147 0.20192307692307693 0.15256304195665932
0 0.10576923076923077 0.32756736263663844 0.21153846153846154 0.2705193406578922
0 0.17668269230769232 0.7314493924813076 0.34615384615384615 0.2824844455520752
0 0.2127403846153846 0.9111625905344243 0.4014423076923077 0.17767481893115133
0 0.9375 0.6762198926009731 0.125 0.21612419080833498
0 0.7788461538461539 0.09532557941524639 0.21153846153846154 0.16715395604250757
0 0.6959134615384616 0.35830106080942065 0.30528846153846156 0.387540368379528
0 0.2848557692307692 0.3955971759471005 0.17548076923076922 0.21940918206673046
0 0.35697115384615385 0.22257710851403922 0.31490384615384615 0.2362658978499916
0 0.453125 0.44300548014175245 0.19230769230769232 0.23172212787081106
0 0.8737980769230769 0.577752202166844 0.12259615384615384 0.1319476161330267
0 0.43149038461538464 0.9029643849870553 0.17307692307692307 0.16888645354526835
0 0.3870192307692308 0.7387265996476996 0.23557692307692307 0.2228620104878975
0 0.3605769230769231 0.6096592782193092 0.16826923076923078 0.15437945804080577
0 0.11538461538461539 0.11499481518402511 0.23076923076923078 0.21075886113728098
0 0.43149038461538464 0.0820509234485939 0.17307692307692307 0.15205953046834536
0 0.9302884615384616 0.26263247626735625 0.12980769230769232 0.22341964785125895
0 0.9266826923076923 0.0918964604082401 0.12259615384615384 0.15358223151764205
0 0.9603365384615384 0.455464659708709 0.07932692307692307 0.181673118131325
0 0.10336538461538461 0.5486792494997917 0.20673076923076922 0.18389696053804505