0 0.6695645480151449 0.8225594342050584 0.2502954184543451 0.24636153933176586
0 0.6129378094388005 0.3093371903133203 0.375334120021484 0.3838602312770648
0 0.2787286297364606 0.43409309954294933 0.22461758379054933 0.22262383107393122
0 0.8930203297041864 0.39467699891161145 0.15567051835752302 0.19510055564430176
0 0.07829534806528195 0.3850370932356127 0.1565906961305639 0.20766027028219342
0 0.2260842192720351 0.24647214420334804 0.15475975551011495 0.18308132487507092
0 0.08454916612876555 0.5568973825852567 0.1690983322575311 0.18821919176410232
0 0.7523651445867073 0.09023058957411031 0.22589265177692042 0.18046117914822063
0 0.11132462367226734 0.9328595750741457 0.22264924734453467 0.1161332284494295
0 0.517215735700259 0.6114247004997162 0.2517885017607834 0.2345526178498571
0 0.3831991835109211 0.7413511680558412 0.3350869186157154 0.32541713042877435
0 0.6751947657020575 0.6537192082208704 0.14813053750760694 0.15862224476196557
0 0.005841135965596841 0.5963494447908121 0.011682271931193682 0.17749341811068356
0 0.10520742003589492 0.7963808281735758 0.21041484007178984 0.2135489303272075
0 0.8452081190318261 0.8680843145789903 0.15927486818001532 0.11661486971666636
0 0.3631393127918515 0.26552420553867595 0.1590209901093625 0.1762904049881763
0 0.9041509872261321 0.1847610790247169 0.1683824966540943 0.23680717740897406
0 0.050972013405058844 0.024924920684401716 0.09517135780526693 0.04984984136880343
0 0.08980443311464047 0.6583699836147439 0.1690724053648816 0.11985995301980032
0 0.8268730200897252 0.6846254130347595 0.19114589020618475 0.22208334720527034
0 0.08335975726018038 0.1913171685636754 0.16671951452036077 0.21360995301980024
0 0.09659529396093557 0.6077388377436612 0.19319058792187113 0.20098921568931571
0 0.9001120261717817 0.00999568639850507 0.15559595403979806 0.01999137279701014
0 0.9107358260283949 0.6020692073506428 0.08832696329924489 0.22025158631196567
0 0.2619446664515062 0.0796960543753207 0.18269514650886087 0.1593921087506414
0 0.9140962336381707 0.0781598715286333 0.1612426836937272 0.1563197430572666
0 0.496028506221991 0.06794080026082656 0.27717375678678724 0.13588160052165313