0 0.3920796599937522 0.2788358033781347 0.26888671048073437 0.27929401363034145
0 0.22372972168270971 0.11245554103525651 0.261152154414062 0.22491108207051302
0 0.46504782186159943 0.5389780512574084 0.2204408152596762 0.23202890640199397
0 0.8682777938637576 0.5132614756027083 0.19920745503592047 0.19909643210341849
0 0.7600295366158373 0.6171515433908135 0.1653386821989385 0.15549702675284865
0 0.4435889206633137 0.8551889751318384 0.23649751103160455 0.22148184064401677
0 0.08535105763551604 0.8221616966576213 0.17070211527103207 0.29494952497663773
0 0.11706850116420991 0.5366150669178777 0.23413700232841983 0.2488852507796291
0 0.047555747877445195 0.3592404240556269 0.09511149575489039 0.18055761342720772
0 0.06436468704034981 0.12773511078076935 0.12872937408069962 0.24452977843846127
0 0.7618384295084755 0.14130987022329208 0.21470885018599015 0.21718521090427315
0 0.8849935687878001 0.34566839469209576 0.1758783395803166 0.1707613408252133
0 0.8727183564329709 0.6491240052916685 0.1230868884345634 0.13028715348376052
0 0.398976178053211 0.7120843956350437 0.18728138850555165 0.16219750264643823
0 0.4581960435159154 0.05514026498931658 0.21341560527586145 0.11028052997863316
0 0.6464662708209102 0.03565505452015721 0.24552899681971796 0.07131010904031441
0 0.781713978788653 0.05572815094579839 0.17695665780730935 0.11145630189159678
0 0.9099346343669249 0.052295914376460924 0.167187227730926 0.10459182875292185
0 0.5611209604736339 0.34531914927806373 0.158188024959537 0.1931173280650995
0 0.7116228538915854 0.3094434350025655 0.18154942343186556 0.14735380714871768
0 0.7166330161853639 0.4177668885659559 0.18641799696169523 0.18602565489757802
0 0.2745116523553951 0.5281585634739322 0.19174870687452136 0.23190904110797683
0 0.2090257497799339 0.710775137823291 0.20022489204077615 0.17767212600612498
0 0.5774036373626349 0.8745565003981495 0.12099113320271498 0.1348845365041308
0 0.7740854838004352 0.752172835930486 0.11183788497032711 0.14125483781638173
0 0.6797658840758702 0.787913974261611 0.14533768566317432 0.14179532168504247
0 0.5820282458613731 0.18692083440819204 0.18315075926399244 0.20964349786139566
0 0.6377253321833188 0.5860203186392463 0.18909765102081458 0.2651422686871791
0 0.18243816851236516 0.37964478510819133 0.2629398187239123 0.22379524280455793
0 0.0708348164735773 0.669577398535399 0.1416696329471546 0.12812303791794832
0 0.8596692319618343 0.7781503930970816 0.1805319864270099 0.1687781132460109
0 0.7428839083255222 0.8660547749575513 0.2650678569724852 0.1450992475896006