0 0.44219873002896715 0.6754058884717953 0.2547305213469438 0.250955172140919
0 0.8243346880656237 0.8928825203109512 0.18163590981968597 0.2142349593780977
0 0.8832237152083235 0.3164305789661332 0.22306085267042655 0.23580474339423096
0 0.32147099721901967 0.31899122121127166 0.31179332602447596 0.23066336012297034
0 0.42333820472234723 0.16620912496944482 0.2326062925063919 0.23362469780149586
0 0.20122362912888184 0.02873827332179504 0.20812966481915943 0.05288863514081214
0 0.7410486587701695 0.7797834003074259 0.21981766916354673 0.2069026394077992
0 0.5902414897380996 0.5477532815038466 0.30500145623945446 0.24491858662521396
0 0.5489323033284818 0.9262960660209938 0.18971250928784153 0.14740786795801242
0 0.7241811276580741 0.9770575908922011 0.2854024656393339 0.045884818215597804
0 0.5442392089449769 0.06197952799690217 0.18556004364850764 0.10280990296880357
0 0.08880603122413316 0.36401685176495735 0.17761206244826633 0.2132749257651711
0 0.9372716681894876 0.19500937806581276 0.12098019773817616 0.19499329904102572
0 0.04309234626588406 0.7704616723168805 0.08618469253176812 0.19476949847991476
0 0.881876266927099 0.5280809407851503 0.21358535761388106 0.24038863514081207
0 0.22339930527659943 0.175988340249466 0.25368134965565114 0.2148974798332267
0 0.36139733093877197 0.9252879585569445 0.19445025681611428 0.14942408288611103
0 0.3432732483708548 0.06572115282216909 0.19806888787367496 0.11991657674711555
0 0.8568014955241362 0.6044724913755883 0.26261578394909435 0.3568363031907054
0 0.08503826187160658 0.177578899491186 0.10401338510241406 0.18979395575138902
0 0.6838700976515144 0.3887657443864322 0.26556069086604295 0.2103695382269233
0 0.2586156376764597 0.5364263929147438 0.29113793755173367 0.2638136550143165
0 0.7674600391823632 0.12009548149748997 0.22301663154459014 0.15172607814989336
0 0.0360114486270577 0.8773209258824787 0.0720228972541154 0.09598800561111122
0 0.6633509856469467 0.22591865252890014 0.3194245331625314 0.2452542874668806