0 0.7231529296271748 0.6340502386092542 0.19874875994055793 0.1976418349220876
0 0.6945207558669964 0.48469139701809966 0.18996976840289348 0.16369414109349817
0 0.7450343080733369 0.12137189564357202 0.2240714582927757 0.17468081485768497
0 0.5377538541035177 0.7126527143035 0.23492504103695458 0.3046844056152062
0 0.20778132054341675 0.24682483047716477 0.30279253801469197 0.31944621468204154
0 0.3177755977567661 0.7469044276110139 0.20814022268792465 0.19322593951405326
0 0.8730736447793659 0.019651197134522194 0.1355703664818088 0.03930239426904439
0 0.1603203607524955 0.7015394603103035 0.17655433988589767 0.1847410611286267
0 0.20131427593862708 0.9611813773036377 0.19052294521824328 0.07254388569717317
0 0.3921103174882455 0.481359024744863 0.20925983202801474 0.21726440105251454
0 0.7722211096223935 0.8343571533212428 0.12395294076365214 0.240180536647902
0 0.898170942448844 0.8808975113209265 0.20365811510231205 0.15967004258512127
0 0.9572215158733718 0.5720339030730877 0.08555696825325644 0.25440771512115007
0 0.5792746128351708 0.9060419382286933 0.2711407329636176 0.15500518397135848
0 0.3257511573412344 0.8922881453062489 0.2533654558749656 0.18547159017204307
0 0.6805059337007366 0.3130612700803858 0.16615522873244976 0.16752234115204592
0 0.6473920086528501 0.03168468985137615 0.2755532480749308 0.0633693797027523
0 0.5363410867190147 0.47548207124999603 0.15547952917132732 0.1958787488736276
0 0.5058878908175158 0.26117040889253806 0.29423746834504527 0.29030621316114436
0 0.9097043083920174 0.1938423729764837 0.18059138321596507 0.32705773033012214
0 0.1622927546580913 0.5111948426443422 0.28696663548915474 0.23722569932670012