0 0.5785331097904175 0.3148426460369066 0.41771317338293473 0.3870532164343344
0 0.930332102592656 0.5294966278767934 0.1393357948146881 0.32246266047351557
0 0.7052499753953841 0.064398264795576 0.2710768738676913 0.128796529591152
0 0.7960294544753095 0.8157756158039556 0.2501974831072715 0.2365336568897913
0 0.3698222739680364 0.8790024927816955 0.3220890974636352 0.221082294818857
0 0.1581719273000644 0.8804733691684927 0.19731286772265594 0.233762091639246
0 0.3655303662537017 0.7168688576357413 0.21877965541300567 0.22047283686411953
0 0.1664396379694396 0.14401458442094153 0.2502534256720266 0.24134134919748376
0 0.4797080061695098 0.10625104808168152 0.262300627723635 0.21250209616336305
0 0.9016825897884595 0.28347522701390415 0.18996147284922943 0.2213649201540318
0 0.7486912441854507 0.5717120194499562 0.2773390728590193 0.29801559336121797
0 0.5837340841820243 0.5551012811828608 0.19479713643929936 0.2240207267852002
0 0.6247689806223027 0.7742394435181285 0.2695681087499287 0.24956072956831138
0 0.05710659489300602 0.1533524545107934 0.11253491284335561 0.17406432174764397
0 0.08739495391223473 0.48249551803936686 0.16589504002839028 0.21770127161357394
0 0.26592206672622104 0.4250330671821876 0.19018524310825027 0.24059568938480097
0 0.3166274482813251 0.5450466261357877 0.2961502728541243 0.26296574296281494
0 0.32793172721929886 0.2762618985499746 0.23775868310237647 0.19984606338879332
0 0.10333993952894914 0.3024641277878697 0.19462930874503373 0.2095976498621233
0 0.1464586965063592 0.7006888285846758 0.2583041026048932 0.3138346745288517
0 0.6201719149977565 0.8959486248840123 0.1819667384811179 0.15367928713035622
0 0.82976132001909 0.0972248077812315 0.17268700925426472 0.1820215200218652
0 0.8937429559197893 0.1179247929951724 0.1420244061841946 0.2308645461500394
0 0.9861808318439838 0.7670466878915329 0.027638336312032462 0.1917935497337636
0 0.9507664790309764 0.8326383145483732 0.09846704193804712 0.10182295689359823