0 0.5443259122943973 0.4134683444651859 0.24639503212438013 0.21815078449968844
0 0.4399551983066462 0.6489266787534048 0.5438861808633807 0.5444219793827969
0 0.544886921717288 0.9068493936492639 0.30647720080271934 0.18630121270147215
0 0.17916586094996811 0.6415866097211195 0.19109258541810387 0.21317183686363494
0 0.7380165335054556 0.2470564108891466 0.3067988596624595 0.27383442323452906
0 0.25713622274885595 0.4121082436203398 0.18850693208266536 0.181809875929626
0 0.028947255441455107 0.8448696093400903 0.04880415180329249 0.1272392186801804
0 0.9290593694810583 0.5528323051428631 0.1418812610378835 0.2182561175790022
0 0.14952175118322145 0.29654905898001577 0.20786356782376775 0.2043401787863134
0 0.3576012877529691 0.3314740643871798 0.22464853539724644 0.19791236686283808
0 0.806519957661313 0.4557201631952451 0.20818522668350808 0.25962864032477495
0 0.8784131823019599 0.8339670302815064 0.1887866354389614 0.22988679900654893
0 0.8444454712274302 0.9634353477108717 0.17370625562858885 0.07312930457825655
0 0.739871170951215 0.9603300887557956 0.12804716387332687 0.07933982248840885
0 0.6847846929909186 0.8045214827860886 0.23183210352315534 0.19344055735717283
0 0.08814755719231256 0.4871476900803969 0.1719876826976678 0.23391076477617836
0 0.2917464501877168 0.16498958070739805 0.29019569927057326 0.3115122351580044
0 0.13296673752353746 0.13596554367818794 0.17939501350861342 0.2679004937320515
0 0.5168626873516095 0.23675600496031757 0.2586659959142773 0.26197981993896424
0 0.9139615082109174 0.3105740010772705 0.17207698357816525 0.20036887955634108
0 0.9453828265166487 0.3745294932193876 0.10923434696670252 0.2046694337336453
0 0.9461232390556835 0.20150855060946904 0.10775352188863306 0.17571131895348244
0 0.7108330119189638 0.11842099446120133 0.19550869302698196 0.14608806642396066
0 0.282591774755071 0.037193871284520376 0.3344143187409113 0.06363949290417567
0 0.8088756570829568 0.6540934513545573 0.23454362336892706 0.24643713367579723
0 0.2910853601371116 0.8771157480749309 0.23694746952277315 0.24576850385013835
0 0.09476632873202101 0.7986696888714917 0.1550488782782264 0.21389626900734598
0 0.050916713498476186 0.6968947766747142 0.09514851678147965 0.24475109181096683