0 0.193362067625516 0.5554692627992168 0.1438995428059255 0.16278079058409334
0 0.15790251903355404 0.6567550336911155 0.17062162961591124 0.17409067527046646
0 0.27967219735346516 0.7343999133941003 0.1757091010412816 0.18401415080784908
0 0.3795387524620078 0.4060420027969457 0.25522013480288036 0.27788591325212314
0 0.5752644902251292 0.3836639159070918 0.2371342056964062 0.23353836425589974
0 0.5152897284655604 0.5411785626118082 0.1974136612053164 0.18780440611068572
0 0.6249352588471115 0.6216589842405672 0.18431953509121038 0.2325532102677689
0 0.7477597445037778 0.45613028875259304 0.1392317400570723 0.16728039196978764
0 0.8861557602984804 0.4589782873754177 0.18504470653898808 0.1750149480364602
0 0.9008308701308546 0.6995473888321004 0.16672321944067264 0.20503258434846844
0 0.589841909069703 0.8758970768236948 0.2275188210810216 0.232922182411904
0 0.3287006011338806 0.9376056209359119 0.2588644895140239 0.12478875812817619
0 0.46759909221131124 0.9607179673027237 0.2193537793611928 0.07856406539455262
0 0.05379751060773351 0.293283529871937 0.10759502121546702 0.2163747520515663
0 0.7548128959342234 0.6275735929806647 0.19612893152218247 0.22611189911122517
0 0.7606070413351177 0.8422861279779672 0.23508008343965733 0.24540354956413177
0 0.4730861443050782 0.6673196044665942 0.2028508565277844 0.20974711241729904
0 0.3902048993045516 0.8257746654456665 0.29573579552116747 0.2684854553198747
0 0.0549552125588199 0.4449569057557431 0.1099104251176398 0.18318304228071697
0 0.0626774637618143 0.6622273323678907 0.1253549275236286 0.19131885350824918
0 0.21258561067495624 0.3086433362580578 0.17528943236476455 0.16959107388477201
0 0.33817652820935756 0.1721918628077358 0.19027206752319753 0.18974611588153495
0 0.46325572172490403 0.09471164285714405 0.1792577873194227 0.1410530109606161
0 0.5869874669592259 0.22907797536701177 0.17584899060012057 0.18882184311554126
0 0.07944470207284376 0.1517951383280804 0.15888940414568753 0.15455181511769925
0 0.7716253666484885 0.132535330749356 0.2884800359337923 0.1840427490132614
0 0.7981540940376716 0.29679753712695783 0.33221315650537686 0.2852192141579359
0 0.9019793233458141 0.8669998101769055 0.15435426477434433 0.19224312627424295
0 0.13090426619655474 0.7983204479654717 0.1776932785186107 0.16974511934577116
0 0.1285739779127926 0.9120894284152541 0.17591893537954012 0.1758211431694918
0 0.3349441839744708 0.5729714065366167 0.2567846436036924 0.24919380486696843
0 0.13273771484305136 0.44561782731351374 0.19400486448601437 0.2355732382656108
0 0.2545166418990894 0.4401759692478071 0.12595350325829027 0.12324093389556214
0 0.22891930720527826 0.20251943244739817 0.13167047769843623 0.15479902481756
0 0.11043139787262163 0.21900966639691088 0.1607264658828486 0.16385910881108595
0 0.33691390908914187 0.0914319484623912 0.14271048155579386 0.12191540596870866
0 0.5614858006984171 0.07090240710452483 0.17991301398778112 0.08111090257546119