0 0.7760177971067466 0.5490065086528315 0.1476835545209831 0.15320792914277404
0 0.31380076048431554 0.70506187133898 0.2330308256777363 0.26304871376114275
0 0.12262947350702816 0.19542250420000906 0.15216381355713582 0.23013100606585088
0 0.08806669631169392 0.05384096060927078 0.12805646954646477 0.10375743636824816
0 0.24826063150921754 0.09323406830754667 0.15036741686458893 0.1582118456929809
0 0.17569814934261224 0.49043317553003685 0.1329804614081468 0.14722289137999367
0 0.6322759346328263 0.6688559198359457 0.14019199986968517 0.14781156410753754
0 0.5631933110230164 0.797192128690861 0.16054283385949256 0.1686121272784242
0 0.4271648696131586 0.9057090939535458 0.18033363546978087 0.17979730583392622
0 0.7206904080312587 0.9536145687758721 0.13949195939528636 0.09277086244825565
0 0.6638155619425701 0.9022987555009597 0.14670349785682482 0.13638100606585096
0 0.816530918334471 0.7927515137820313 0.15998280147997362 0.1589967426630396
0 0.9447663235128421 0.914316994439776 0.1104673529743159 0.11876918601886917
0 0.9564301676972661 0.8093080830187689 0.08713966460546793 0.134614987883219
0 0.9298058011759058 0.5400283569104124 0.1218249877490846 0.11999568671762727
0 0.9625281293226042 0.636304694441268 0.07494374135479157 0.15026456550505382
0 0.8986980524212463 0.293462479520502 0.14131206462872334 0.1670423333383068
0 0.7574548702647325 0.2508314734546511 0.1309966395389399 0.15423820559901738
0 0.5497999509963388 0.4850845771758904 0.1254889067568488 0.14182652634475718
0 0.8509677848558315 0.6651758226414228 0.1930529067134106 0.1927976578157303
0 0.957219675987618 0.40803742194714065 0.08556064802476399 0.1404529566471546
0 0.9597646518115744 0.20449539584027632 0.0804706963768512 0.2158062396301141
0 0.8876837084322945 0.14542971681644884 0.1461434654773059 0.1267656214504662
0 0.716648757001573 0.14582276039972686 0.1449996921773775 0.14820401259256694
0 0.7024215947999098 0.41500457275290886 0.1342642428029547 0.12818834639173898
0 0.5807592021113647 0.3799529760117908 0.16406674477237687 0.1880391207517081
0 0.6266552670224368 0.24374302146837087 0.14667978931593464 0.17705016643872076
0 0.4801143642261513 0.19230610537902912 0.15657519012107896 0.18264275571647176
0 0.6014278582527275 0.09813868253999894 0.1306003237951908 0.10635750676460898
0 0.4393082509629919 0.08729739232410487 0.11900111731059923 0.11258792401357409
0 0.3345190768579195 0.09549044873038248 0.11134584602353136 0.14545687319736159
0 0.37422771232770047 0.2638086363772005 0.1635067123928578 0.17842373613632348
0 0.46204883368573957 0.3750475683150069 0.13876821037999745 0.16444226294194605
0 0.35402649755275706 0.47149614756479086 0.1947330038519677 0.22164381166188407
0 0.22898020204620728 0.41942140350423507 0.10471804848240204 0.11381442471233222
0 0.08256633149912615 0.5139323179507074 0.11416971646201682 0.15286463590141472
0 0.12492438807640802 0.6250487585115043 0.18488502012860378 0.1347129016383932
0 0.1347593959540965 0.8555236529169631 0.1846738864110537 0.254316536603157
0 0.2869717481682429 0.8811069340415412 0.09963033998495027 0.10861428391961042
0 0.33619132296986376 0.9757894951086931 0.15961019427711448 0.04842100978261389
0 0.5296427885774844 0.9578094074663512 0.1966242347080751 0.08438118506729762
0 0.8627854930274963 0.975935770643206 0.15053113350035885 0.0481284587135879
0 0.8095982744874617 0.9201799375577125 0.14541971646201682 0.15541555105410537
0 0.9598016554572103 0.9699627241422188 0.08039668908557938 0.06007455171556231
0 0.8282734976396336 0.41929673010031365 0.15601515774156 0.17302737110108715
0 0.4784060722457823 0.6969667286878768 0.16054283385949256 0.1686121272784242
0 0.4917102059850515 0.5557039007166628 0.19517673667749713 0.18818618975055273