0 0.808451467739819 0.3162015904865378 0.25449748405918027 0.23407229892371822
0 0.540863393098088 0.31162272343520253 0.25012647312016073 0.3036159869644233
0 0.6921199741447477 0.10646257788840788 0.282462094881104 0.21292515577681576
0 0.22057642971738928 0.5100020109020831 0.21775414717708688 0.2164061237426285
0 0.4237402325256655 0.7106072447114846 0.2171664518276001 0.20198304681955156
0 0.9633668827731475 0.1685019125585462 0.065626194910378 0.19605434182820516
0 0.8728267649608168 0.12137714680539458 0.20406977958431036 0.17526098842585486
0 0.7719857250675491 0.7985643953146362 0.14328798116375552 0.15703531184198738
0 0.6303771426749625 0.7670376594303948 0.21206491184516452 0.19465960807745747
0 0.3335143059964401 0.24320105301720055 0.17444003193884106 0.15535881751175232
0 0.05734340374436826 0.6426361902328525 0.11468680748873653 0.19549685030352584
0 0.586971159872541 0.565115587446367 0.2107385071653772 0.22104596562948722
0 0.7748935792935907 0.6387925512942836 0.2295774794964886 0.21187818213632487
0 0.5110521160592616 0.8958972141705123 0.223790294939652 0.18772782031730792
0 0.6753013384635579 0.9317001160298072 0.19651950897901352 0.10784139583760705
0 0.8202932592591351 0.9391324402353091 0.12111873518555263 0.0844723261043803
0 0.8898292428792067 0.5292476909953518 0.18312080877409626 0.19158436024027792
0 0.3251620895007623 0.4187097973181087 0.25410568715952253 0.2244569143083335
0 0.42375449447328867 0.5629105816006407 0.19725003802242974 0.18470852262040602
0 0.3644930076650531 0.9269264284265488 0.13499900122815808 0.1304251537288464
0 0.26370083527539384 0.8956504632345083 0.1674243919271315 0.15999865939861133
0 0.11993327979124715 0.8581700621059294 0.22869593647225867 0.19024356675170942
0 0.21009177250810113 0.7083752687346686 0.29011031471131543 0.2829325239645301
0 0.04290197473022598 0.821974504325641 0.08580394946045196 0.19739714519487186
0 0.11046062176094326 0.3627269837214208 0.22092124352188652 0.3706998787110045
0 0.15677445878940627 0.13083875014663449 0.23296081789947937 0.23597259381506427
0 0.21394639783574984 0.057327626841452935 0.16826105048234646 0.11465525368290587
0 0.34900664410669163 0.10428554711282041 0.25390978870969366 0.20857109422564082
0 0.457077681661412 0.0461166582891024 0.17238309821563755 0.0922333165782048
0 0.49586369031908567 0.11934401113669829 0.23198132565033489 0.21193413227660274
0 0.8808668887995347 0.7491996140722748 0.14019031014862385 0.25782899988269253
0 0.93760004785106 0.35882538476447573 0.10344697326653027 0.24016282470160263
0 0.7528283642010413 0.4435784665092942 0.18096592582597829 0.13869974485566253
0 0.7254596290154885 0.5258687371428412 0.1365213043577741 0.10884648848450869