0 0.7432135139830183 0.39895004696968606 0.29935332791969127 0.36392728142435343
0 0.7169904395597153 0.09134449344252833 0.33301934065789224 0.18268898688505666
0 0.2553200168569979 0.15575630066463952 0.28889875749044996 0.31151260132927905
0 0.6716463299154547 0.6408991937182816 0.2939582055422993 0.33002147479318494
0 0.15940513610840495 0.7928589647917692 0.2529249837641433 0.31826442612056055
0 0.2267426211224353 0.928880575270995 0.25930950299618005 0.13367219322905136
0 0.8915450627491536 0.263609445780187 0.21690987450169283 0.2828468566254584
0 0.6437050305880109 0.9010133884786689 0.19216964785125915 0.13976013116192368
0 0.050972114134728394 0.16334577984216148 0.10001410089758657 0.2261930557002924
0 0.388043256113293 0.7965158421189594 0.2731627759715406 0.3769645757221575
0 0.5480911956755431 0.5234631188475932 0.1522273676311167 0.19050308248929929
0 0.49502720029835057 0.17135242580917806 0.23820819180621663 0.3006816216116706
0 0.353607703544001 0.33996893243653975 0.22493018231620093 0.22793633580298034
0 0.8901506574634751 0.5464393095730936 0.20738995129749982 0.18618908951696758
0 0.7917994080858837 0.8391160752201388 0.18360324550319534 0.19935236405343287
0 0.36670570928689056 0.538984242251126 0.26182706043774984 0.2779029624598207
0 0.9130534883844159 0.7505193829823363 0.17389302323116815 0.322200478376909
0 0.1364609696513202 0.5811264220856739 0.2561382230255081 0.22717023275172915
0 0.1508813168055829 0.373450801064946 0.230786856891214 0.28828445012645637
0 0.04998271728008368 0.3823477403194838 0.09048263486358764 0.23049682705334007