0 0.5761314705167219 0.4636304132595838 0.27822320070417983 0.3034736964451732
0 0.805597138277249 0.7003376470768579 0.26385066376377336 0.2696799938794389
0 0.7809445202382184 0.8810596634921724 0.2948655571332314 0.19798417849971847
0 0.9183609541267265 0.6289198603902852 0.1632780917465471 0.38207336618027854
0 0.8238957176608168 0.4631532173285364 0.23717324944092374 0.19731286772265585
0 0.48193652724697383 0.303537730193919 0.2769289943033211 0.2506170523429354
0 0.47818849467603847 0.11588641433678423 0.3025308355059231 0.23177282867356847
0 0.09447235320799494 0.1468575435783222 0.18020385492305108 0.17263106668950945
0 0.1346142646825048 0.34246332101063004 0.24132504190678183 0.29103489644027836
0 0.41276221537911906 0.5184590327694429 0.2457965476185919 0.2862831466973412
0 0.24177710191861518 0.842826105616225 0.23349167023614914 0.24770972310629238
0 0.7717774386912214 0.015440660468603432 0.24067026199782732 0.030881320937206864
0 0.27929109711590194 0.15793889432258906 0.2489233069468728 0.2623006277236349
0 0.21392359447661785 0.5821206830534277 0.33418403543440584 0.31373242055524275
0 0.5440651540854715 0.7791636132669262 0.22740624487752825 0.29807860720755114
0 0.7737017149761395 0.1636128543186732 0.35990342995227886 0.3272257086373464
0 0.29842678319053595 0.9648628338148266 0.27857698058287206 0.06809257234489344