0 0.13390096842022434 0.7888647383900212 0.16361066709698757 0.20272947678004244
0 0.6178413571883664 0.9360536136846904 0.22836822343193794 0.1278927726306192
0 0.509836238752005 0.16477109827944753 0.2504417082732409 0.2757523412177332
0 0.8713130903424263 0.6120787262512286 0.22927898627934587 0.18580147373777864
0 0.47832436516399557 0.7902336348320056 0.2271318570127057 0.28368679285370635
0 0.9348852355674696 0.9536363966359087 0.1302295288650608 0.0927272067281826
0 0.12988651485024666 0.34144667384505456 0.22345294287248849 0.2666917764788423
0 0.9311992243858694 0.14317710630321762 0.13760155122826107 0.11792248820366254
0 0.40787711938314775 0.38121009541597695 0.22829649793076653 0.23594605637266566
0 0.07721565656086873 0.07235049124592623 0.10635439004481438 0.14133911653302983
0 0.8745394618754927 0.780877506905618 0.20739049282407726 0.24404860130658024
0 0.6586293386694734 0.7083929889944908 0.2441767954096959 0.2561853853910817
0 0.3546310376761224 0.5305177302177202 0.16033192084631914 0.15946024601081168
0 0.9200548937134608 0.28159162343864774 0.1598902125730784 0.22570883854818688
0 0.7504044261143787 0.262890964059477 0.18987082221981394 0.2021746569035487
0 0.9665698467993274 0.7906521881775388 0.06686030640134505 0.30306918203248645
0 0.9817366265590703 0.39972450824795663 0.03652674688185934 0.17213537662187678
0 0.1718368193651641 0.9266151190086519 0.2132523989815203 0.1320763918634577
0 0.6302715901810558 0.5234901984376131 0.2697442030051815 0.21493327419714456
0 0.9281882898224685 0.5071329286553333 0.14362342035506315 0.18433917403897893
0 0.9252806852859948 0.18842994998144172 0.14943862942801026 0.2053014162318297
0 0.15965852410254802 0.18212869117440894 0.14980577338352674 0.14676864204981632
0 0.7265273469535527 0.12134145092080077 0.23801947079790808 0.1433727094582536
0 0.7739629987447635 0.9039922555405825 0.22035634919130148 0.192015488918835
0 0.29259067732465616 0.7688769893520769 0.18600975551011495 0.1827757943748382
0 0.3858702033422126 0.9312420830227354 0.2106305375076068 0.13751583395452918
0 0.24886322631516825 0.6020283149403808 0.18393435174464629 0.21849730008664828
0 0.11074966072077141 0.4991172302025891 0.16102466837365983 0.20015753732825503
0 0.24552216948896177 0.13194180523181676 0.30835203128561584 0.2511085198201076
0 0.5591731372565595 0.35831422033036314 0.12758883753988107 0.1691261706088666
0 0.11698013024200726 0.6286727825633697 0.14689133227182152 0.10830710358827779
0 0.4622038627648761 0.577493250216621 0.18287729907834246 0.1729923164615126
0 0.6879610590568104 0.36971105792405984 0.19566100287608526 0.15236626086454394