0 0.28180071593327455 0.23293258541832096 0.09899656176438001 0.1052160539538809
0 0.1763986291195601 0.40188020964630095 0.11859163613411242 0.1109194337336453
0 0.2852078206275459 0.3256486037424114 0.11378394382642011 0.11069551186562726
0 0.2561450708696015 0.435557075142628 0.09899656176438001 0.10521605395388096
0 0.3378758401003707 0.43175040338632154 0.09899656176438001 0.10521605395388096
0 0.46460487010216905 0.3691581478674459 0.12004885668996497 0.13015020296441454
0 0.4163844960229033 0.4968452102836621 0.10861194637976464 0.10566389768991705
0 0.39121867572524316 0.5945105290466299 0.08828826173210604 0.09034513329476795
0 0.8917788065841509 0.32393273653145277 0.17584791318628573 0.17107488197415127
0 0.8640822010973184 0.4518700540855155 0.10824764124080133 0.10085620538222474
0 0.7982152173784625 0.5695235353474872 0.24235526971488006 0.22687048164300094
0 0.9444619186157154 0.6374074238130102 0.1110761627685693 0.17543473054580752
0 0.1393268439375327 0.7244467519250691 0.08828826173210597 0.09034513329476795
0 0.14801069551366342 0.5684470070629157 0.08034811299264116 0.08039386587735628
0 0.13817019853682855 0.19981883851938656 0.11859163613411242 0.1109194337336453
0 0.5086328962668054 0.04057222657097172 0.16630425407207233 0.08114445314194343
0 0.8945592116191468 0.016968353059155866 0.14969534631521653 0.03393670611831173
0 0.7744830086282556 0.38367330216044626 0.15315624513536635 0.12450611757900222
0 0.07896403734623653 0.07110442228195592 0.1228170079827743 0.13506985620611586
0 0.10170434282223077 0.8009812795064621 0.09047409256588484 0.11919128714092181
0 0.6797741292880756 0.7414907908663628 0.10416855921103536 0.11024766812959132
0 0.37456680817641874 0.19966397467881114 0.09899656176438001 0.1052160539538809
0 0.35944956431772457 0.07975156932152598 0.19602530801504842 0.15285176114946308
0 0.6833161685350302 0.2311180129827436 0.12653178487357708 0.12087070115105697
0 0.261452523801243 0.8876217601968899 0.12667807469247305 0.15441258637089397
0 0.13492357774421904 0.9369368814026072 0.13541855921103546 0.11170316027170858
0 0.18358140187189592 0.8309404148380111 0.11873792595300833 0.14446131895348258
0 0.2730314657055094 0.7061577088513338 0.20491208235250669 0.14368422027011446
0 0.1007907411582697 0.6297483979133403 0.11524116438227267 0.12992628109639642
0 0.09082472455438496 0.3708870926388427 0.09954301947282475 0.11242759241541943
0 0.05653050559080009 0.20482743335261602 0.08938117714899539 0.10476821021784487
0 0.5112231532149629 0.2680813345445508 0.1503522310919715 0.15072450340329185
0 0.6297746683736598 0.16124184704753924 0.12740668497039948 0.16402797098627872
0 0.7297688110453587 0.051326925941579726 0.1903068528599482 0.10265385188315945
0 0.8715792221552656 0.12103165839947073 0.14015452601755657 0.17420316027170837
0 0.9509958021086529 0.19878781447292007 0.09800839578269424 0.15899635681056837
0 0.7774856872081485 0.26412311287501655 0.115969774660199 0.13954166571178112
0 0.9669327325300141 0.4581232967532821 0.06613453493997176 0.1536288598328311
0 0.5505265678392911 0.5002467630615466 0.241626659436954 0.21725509702761633
0 0.5093011363097731 0.7361628828678443 0.3229213980275887 0.2785301546082124
0 0.9301313373856558 0.8367323799113989 0.1397373252286885 0.2517453362591826
0 0.7535855199712261 0.8719372876535856 0.25495682094314165 0.20350378570859354
0 0.5700197315903729 0.9166719523469762 0.13410762847407887 0.12601427626077621
0 0.44713241751470384 0.9344571712176711 0.14911302585618608 0.10275954126037781
0 0.3448226661573464 0.9054497038251988 0.1229632978016702 0.16861174142595287