0 0.5649260793948057 0.6227241837021494 0.2838444769154634 0.2976726032155605
0 0.8270780616159652 0.35051883505755005 0.31155680861366675 0.27805510740623873
0 0.7535650123523981 0.6107307828906937 0.17910353129409026 0.21849730008664842
0 0.8252599093710369 0.7051114127411929 0.1678504035761108 0.1865749268948838
0 0.48976493581059377 0.0460098234853991 0.3233547437634279 0.0920196469707982
0 0.6895719027246415 0.16374118826554498 0.1918888651145723 0.18825585987429516
0 0.8668215061063089 0.14056902317456418 0.2580422920357458 0.26233782408230305
0 0.75476514542693 0.05972318219614868 0.23352035278120772 0.11944636439229736
0 0.16161962217079096 0.8006159158288499 0.24184527015212842 0.27318040176594577
0 0.17645628587858045 0.11688921839112047 0.2576643513197622 0.23377843678224094
0 0.25531851407437006 0.566535359083467 0.23248184601406605 0.2773157208818736
0 0.07095945882524034 0.5339482894084632 0.14191891765048067 0.2686418827215353
0 0.11740713521584427 0.37226876389167657 0.23481427043168854 0.2456789943033211
0 0.032213634624901503 0.7717104253586208 0.06442726924980301 0.16330991851352758
0 0.06747117341685636 0.6763047623705448 0.13494234683371273 0.15001295469336812
0 0.4187868237491762 0.3036256818083002 0.3689664909707997 0.4137966051245409
0 0.6109787574374915 0.3380870477519916 0.18392144522106663 0.17332850305739483
0 0.5630193829823364 0.8647562253998758 0.2837389399153706 0.20425878981144271
0 0.7900619750917789 0.874027746710853 0.22820873951887102 0.1500799680259687
0 0.8764607843662785 0.5278909338733769 0.19719025675762497 0.24371241471069774
0 0.7187364575734647 0.45269876994594177 0.22882841909289253 0.20760418242033515
0 0.32532801030000963 0.761625387448593 0.1987020196215588 0.27255856855685157
0 0.42870872734432053 0.8226548510748279 0.1061165066273617 0.15112259444635556
0 0.33181433218743367 0.9120591353532538 0.21075191524864215 0.13688408417114972
0 0.06805169171674955 0.20959715193717343 0.1138319660435448 0.1612422589555636
0 0.9510446656584653 0.247246293732541 0.07649402811067264 0.2256923651982567