0 0.6211157008981041 0.31528401595675337 0.39992834807795774 0.3485060323921422
0 0.9474339779284568 0.5755728936967823 0.1051320441430862 0.3102301805113549
0 0.7718444520238219 0.06650185241716673 0.2600350578937976 0.13300370483433346
0 0.795619737108207 0.8417603902818013 0.23974518889271115 0.21291615462185093
0 0.3630955227138405 0.874421030065051 0.3078933476901092 0.22964199773343316
0 0.15426358725880712 0.8588289767649113 0.17748029552325278 0.2803249268948838
0 0.37564486333466973 0.6911656658212844 0.20782281570094668 0.2011155571332315
0 0.2239943989024753 0.10155426332503491 0.24008137548859343 0.20310852665006981
0 0.5413020912101676 0.09483492972809218 0.2508734131895659 0.18966985945618436
0 0.9284808986191545 0.3240095140326419 0.14303820276169105 0.20373803656768916
0 0.7697245725838678 0.5923487168245951 0.26077444441816244 0.27418896155359274
0 0.605305014317353 0.5555340447097279 0.18188478790246235 0.2064780693174175
0 0.6282332761363871 0.7797893802005199 0.2572444851613987 0.2237081923228235
0 0.0833106222448399 0.08596716831203767 0.16426793831850395 0.1597964326066939
0 0.10916348346147378 0.421135613475635 0.1719332166911955 0.20099800381796074
0 0.3000423827366665 0.38725545733265226 0.17601799582445293 0.2252045586543635
0 0.340285374176517 0.5136760136901868 0.28435916604547096 0.2351726032155605
0 0.374679726787608 0.24555488421240493 0.2300122509620558 0.1763541824203352
0 0.14874345831740468 0.24444468449297757 0.18328007426866175 0.19222308569228183
0 0.15878619291972737 0.6471476919198438 0.24048457541707619 0.2919068911028918
0 0.6125154328460115 0.9004606977953158 0.17443814281038222 0.1341945914040919
0 0.8882793705373493 0.12871788570327453 0.16236837205848131 0.16683987777029122
0 0.9433371237659718 0.1570515229806399 0.1133257524680565 0.22167459939759973
0 0.9894419489966892 0.8209838346697016 0.021116102006621472 0.1856674470725777
0 0.9511987638325423 0.8805839452969971 0.09760247233491544 0.08544529513540439