0 0.8307926810536864 0.673779906410078 0.14099169072895307 0.1778539505267629
0 0.6698189139564108 0.6689449996505499 0.1516701280096156 0.22403094840448448
0 0.1413933911013895 0.7108778954873033 0.1774969841588677 0.19897442333744944
0 0.31880243029364375 0.6997677408405365 0.2505075710186968 0.24121536895882245
0 0.5336588708490921 0.2860661239245854 0.16285010667467967 0.18860315729009786
0 0.7232300309784191 0.43645459242082507 0.17039734597788472 0.20340417492915833
0 0.9131278474979703 0.3398138181448861 0.17374430500405952 0.2376879222763103
0 0.16109169701212636 0.319360812197391 0.28980836158440193 0.2792887450850934
0 0.4268525526066241 0.13281243520061725 0.15513501695064108 0.16659060118949903
0 0.557722292640545 0.1336687428230349 0.1504392249235044 0.171146333019869
0 0.6923107071248398 0.19114141529949832 0.14758777764743605 0.15178958355043862
0 0.512002310028633 0.5934485918298823 0.2591178629871798 0.3016894635209598
0 0.8972651410134087 0.847728469538345 0.1842609214981841 0.18012159482266363
0 0.8095827164164004 0.9327390703815166 0.15513501695064108 0.13452185923696683
0 0.6584761095657593 0.936677678042686 0.14786752834882494 0.12664464391462799
0 0.5515599009208341 0.9004377865902694 0.12796535743472232 0.13395481856422636
0 0.3985529991788469 0.9165931565943202 0.19890779898237199 0.16681368681135977
0 0.15360442760539572 0.5134424494656236 0.19644800268824802 0.1879630344775079
0 0.07729881210347275 0.6390927938974976 0.13154616641250022 0.28780097241038
0 0.07241221928060972 0.8933335751312149 0.10621884176955139 0.1280133041085836
0 0.2151892898032059 0.890012091639246 0.1871123687742523 0.19947834429209402
0 0.3711754549033656 0.2679470731995727 0.12818915799583339 0.143570203179611
0 0.19876591375357913 0.08124384110867638 0.1859933659686967 0.15140142121517103
0 0.08955876417441246 0.08272327871113222 0.102194451425748 0.16141518978510744
0 0.7083812983689637 0.10795165170484161 0.18537791442564136 0.12495911352286329
0 0.9307640377308227 0.14130242928494458 0.1384719245383546 0.11067223845773172
0 0.834807022006998 0.12418099884993694 0.10319954407264967 0.10144501617761474
0 0.7969079997653848 0.3010628831349052 0.10101949847991475 0.11093442055433819
0 0.8798716819603636 0.4614702310107233 0.21036752834882494 0.1670843005248595
0 0.9085250251326927 0.6094276389012809 0.169558093873718 0.16734648262146587
0 0.6517651075495733 0.8216573313487532 0.07888133183279923 0.08816598302177234
0 0.3310684119988786 0.4531164387843413 0.11119438449807703 0.1354768030474444
0 0.37002546221052357 0.0638091204806414 0.11505092442104715 0.09486337890938207
0 0.5234101090110049 0.7741149940843273 0.13226949847991462 0.11257216365693304
0 0.7870828837355777 0.99182482691356 0.13584628770149557 0.016350346172879917