0 0.3081449006022336 0.6604019921306956 0.19689329848699183 0.18863279859299856
0 0.851719289281676 0.37992977165471575 0.14065381334769164 0.1065803705024889
0 0.7461301877172717 0.1882226402079103 0.32044047593398434 0.27107681138232237
0 0.21822107183076758 0.26567474944250125 0.16086357746167715 0.19082686722962272
0 0.3018793333496496 0.12194045366915726 0.15552443078881034 0.14512581997091623
0 0.24112922262887812 0.47853400798431156 0.23789853951426457 0.2008897772150809
0 0.2597208626915326 0.9401493879457546 0.2127132553983211 0.10219223322924073
0 0.5768179283160788 0.8206081919119843 0.22336357746167715 0.19119048159280758
0 0.8379141067668485 0.742805652126874 0.14719572516279555 0.25564680237658
0 0.43833188935265177 0.9003258983325723 0.15999646770797135 0.11630763646039209
0 0.6048931877662204 0.5479534606320382 0.17022722053566333 0.1692481925162666
0 0.8003764626890851 0.9227638595113891 0.14367302771384516 0.15447228097722196
0 0.11567106473090377 0.8515768858453896 0.21377616412867015 0.19353838707539459
0 0.07569739289034644 0.514828646789706 0.14297542978503305 0.3060996012717197
0 0.07653400516573253 0.27686885531065897 0.1485366625862927 0.16431463369824104
0 0.07431028821671276 0.08576308607988975 0.1482010071977614 0.13546847985208718
0 0.5057307446261533 0.08226380831803033 0.17011533540615284 0.1596328079008819
0 0.47719395901678124 0.3152550780595149 0.27700341747048784 0.25640200143857916
0 0.635526977488599 0.3918922603975379 0.08066954463104828 0.11584612592250373
0 0.9543084708110819 0.7014445954092137 0.09138305837783606 0.1592272380342528
0 0.9612604328453135 0.43827238965041143 0.07747913430937295 0.13509088032108763
0 0.8078503600719548 0.5347121303893115 0.22358734772069783 0.21042125082357652
0 0.9610847702651395 0.2075101514650881 0.07783045946972103 0.14709612592250368
0 0.4762463036771988 0.6469578769546546 0.15116427899915982 0.18355938809682498
0 0.6219027662439119 0.667034748838219 0.15767653540125792 0.12350518975411563
0 0.1138809026587369 0.6977307319992357 0.1912464677079713 0.11648944364198417