0 0.23480529350881488 0.7313057817971156 0.26925568262486943 0.3062995838196585
0 0.4888284594088062 0.8058300372615924 0.32007682579436125 0.23787489858450891
0 0.5511813434278889 0.37755477583408165 0.19199591657438214 0.18688856821314118
0 0.04116286124598853 0.551795597527297 0.08232572249197706 0.14686042582382483
0 0.16878163408297078 0.20254154328328006 0.24238352156628953 0.22406526332638912
0 0.21462121316409677 0.050736564618216 0.17171911213334493 0.09520671352532065
0 0.4197667880711017 0.155419792347276 0.31431257770395055 0.29774725186955153
0 0.4985314810460843 0.5604978542185902 0.30300269301757726 0.2710811436161326
0 0.7476574752108338 0.7865763176559302 0.24601973140812725 0.24335198269743602
0 0.9219755338614863 0.4331300226472764 0.11722947610529061 0.21875200987809834
0 0.8016130391998174 0.39542079626234045 0.22734426279921666 0.2141141778693378
0 0.9477513927790551 0.2375242868803427 0.0884764864979984 0.18207886602735043
0 0.8781081051622782 0.5729437456132487 0.1529181962688481 0.1763779813533121
0 0.8598426635999652 0.29446026273985115 0.1538747520515664 0.11639372778771385
0 0.8440456342249478 0.1652949921063041 0.23061150049691947 0.19018761661143183
0 0.7117893560496346 0.23805078851773567 0.27594420348127385 0.26085030745769255
0 0.19333434134082847 0.49561595350058774 0.2765926683419944 0.19605836158440199
0 0.02432348147201535 0.8473008240295408 0.0486469629440307 0.13690934036677377
0 0.0971311494590672 0.7687022577152779 0.1942622989181344 0.20919458528109003
0 0.034753833106169536 0.7176050320024039 0.06950766621233907 0.22847929477403858
0 0.061508617663344076 0.36340140022190176 0.12301723532668815 0.21478356967457274
0 0.19222189769145495 0.34392187017703013 0.26488152849476154 0.20058630319070536
0 0.30752764793991477 0.2539195246365921 0.278502095096119 0.2633101037518165
0 0.6847133227418554 0.9134675680958335 0.2572078536502262 0.173064863808333
0 0.7648496856205795 0.5558630370269773 0.18657204242269396 0.177161283317201
0 0.6427765493795596 0.5072805528094556 0.15951355288639052 0.1669304471587609
0 0.6854581965102071 0.4047544202982377 0.16728039196978764 0.138308093873718
0 0.10907796351193878 0.570692675794498 0.2171126963398364 0.2042749926928421
0 0.23360705524320405 0.9134345683304487 0.3934568571144622 0.1731308633391027
0 0.48171192759178566 0.9321658060549147 0.1483577136610164 0.13566838789017055
0 0.42882178499020196 0.6527651755012289 0.1777268851123041 0.1889567135253206
0 0.847986690320014 0.7612260426380885 0.1752298747195963 0.2249025055524575
0 0.3385198239486599 0.46529114069326954 0.17578517534145494 0.19611230184658132