0 0.5452823690554799 0.6466688774363109 0.2938507285391791 0.22616762026570789
0 0.5848425068856271 0.832406050130237 0.3871332871727597 0.3037927848599257
0 0.8198712518534763 0.8541856275462535 0.20493212938776176 0.18228024598276812
0 0.7731577253387852 0.6471076440187242 0.2422261860084816 0.24595546418681735
0 0.2960890979638841 0.8268963211008035 0.2688085017956692 0.24928269607241632
0 0.11121368895526455 0.7265987277705003 0.2211753115442754 0.21403391092736093
0 0.13644366013450496 0.5530181397489848 0.2728873202690099 0.22068837469855887
0 0.5162595227278806 0.4653616483416325 0.2529853439237946 0.22474056958936253
0 0.826506417364129 0.34897348165724296 0.21947150586482805 0.22596919753915945
0 0.40614667629168577 0.17293568868553308 0.2036483479929535 0.20142707105610536
0 0.24025758313541107 0.1379463950903945 0.16560683381605437 0.20729550299873042
0 0.07387253451183465 0.2829937305614212 0.1477450690236693 0.16128664944592513
0 0.1275009234678674 0.4057692103894709 0.2122836759441797 0.18493592460891056
0 0.6458560813180229 0.3408881886202885 0.20591218605191977 0.19910716905969125
0 0.3391330975946589 0.4379616419164768 0.24264621029312095 0.2531670026483558
0 0.025033737198756227 0.822882319699305 0.050067474397512454 0.15231228367831307
0 0.3080716443465493 0.6417581951759335 0.17130199177480543 0.14032358732076652
0 0.3994533610040383 0.699740477880443 0.14527970836713708 0.1466117400505519
0 0.874970045064817 0.5260033882616952 0.1427358541184112 0.14412394973927378
0 0.5125233565222159 0.24118964205904178 0.14796357071074284 0.15150337651567636
0 0.8144730891739923 0.08806275785927634 0.24367368403905942 0.17612551571855267
0 0.9415743321724191 0.16503344927048563 0.10481063949550172 0.19317766829369748
0 0.584532052703595 0.06711687770936504 0.2011282022851177 0.1342337554187301
0 0.33373829964086615 0.04383774312660274 0.19310032379519076 0.08767548625320548
0 0.17507259921657498 0.025839431384440923 0.14985480156685005 0.051678862768881846
0 0.1195515385701341 0.10977562404250779 0.20294830751855464 0.18940784028687455