0 0.6886951865544108 0.858678658281347 0.260456207217341 0.2826426834373059
0 0.8218051743132887 0.3798126735185689 0.19521670567496366 0.26007841909289253
0 0.6308680748420994 0.25194579288721475 0.16323945233314577 0.19594067599029755
0 0.42997993536699386 0.15242114514736993 0.26023243695832005 0.2730952701521284
0 0.4740438214880443 0.396464298262801 0.1873897990011177 0.20681586299229365
0 0.09047693892916292 0.7850872864695232 0.18095387785832584 0.23806586299229365
0 0.4673315557827325 0.8699590004511626 0.20206461746559293 0.22920635980887602
0 0.5497912624859477 0.6048855790962117 0.255480687215383 0.27765100198249826
0 0.9137781558169966 0.6407985083303 0.16063980720265647 0.17898777267471322
0 0.8945588460314742 0.9229849285033656 0.16815902977034833 0.15403014299326892
0 0.9348978286735684 0.3761183601202586 0.1257289374724459 0.27565576140248826
0 0.18456385741566525 0.1588019300347012 0.2702953620917464 0.31206072956831143
0 0.856643589641613 0.7965548089949395 0.17766252925622275 0.19669655742226466
0 0.8107797661337772 0.19041785912900944 0.16323945233314582 0.19594067599029755
0 0.27446864815405825 0.3908156307616172 0.21464327388237597 0.27791318407910487
0 0.34909723785685737 0.6953907577488742 0.18769748310727125 0.23325817068460133
0 0.0942229856044772 0.6252945073580846 0.1884459712089544 0.17366593779309214
0 0.07488117330951159 0.45114675225254164 0.14976234661902318 0.20037042758200635
0 0.1879293445502827 0.48970871690453077 0.18107334157566266 0.28336099919938706