0 0.5661057692307693 0.3433702692816255 0.13221153846153846 0.13192891312636357
0 0.8521634615384616 0.6071599946053801 0.2403846153846154 0.23615571617380796
0 0.26802884615384615 0.2616429504568728 0.17067307692307693 0.15317536617571142
0 0.7752403846153846 0.08630170389129996 0.19951923076923078 0.10180251365502986
0 0.5324519230769231 0.20458731517113854 0.16346153846153846 0.2032781946904971
0 0.7055288461538461 0.3374559692778187 0.11298076923076923 0.11409414814015133
0 0.8665865384615384 0.32306010680657776 0.14423076923076922 0.14938573739659247
0 0.49278846153846156 0.07510479507938328 0.18269230769230768 0.10813219044594022
0 0.140625 0.19847561319244691 0.1466346153846154 0.1615309484044844
0 0.04927884615384615 0.38599605643101526 0.0985576923076923 0.18064595901587666
0 0.12740384615384615 0.3432154141875028 0.1658653846153846 0.19138494415992746
0 0.3485576923076923 0.599997903836637 0.13221153846153846 0.14154429774174832
0 0.22716346153846154 0.8472416710150177 0.11538461538461539 0.12864320530188914
0 0.11538461538461539 0.8774412822249663 0.1466346153846154 0.16153094840448454
0 0.09014423076923077 0.7703492589497933 0.12740384615384615 0.141292337264426
0 0.43149038461538464 0.8351134528396776 0.13942307692307693 0.15153762307311616
0 0.6850961538461539 0.7654716757107374 0.20432692307692307 0.19820832028619834
0 0.9050480769230769 0.8707488675482332 0.18990384615384615 0.21427936193115443
0 0.8701923076923077 0.1886336925491849 0.18509615384615385 0.15873893991537058
0 0.796875 0.24007975680848112 0.1658653846153846 0.16734648262146595
0 0.6478365384615384 0.22746128970379711 0.16346153846153846 0.2128935793058817
0 0.6298076923076923 0.09069913022153075 0.14423076923076922 0.12294342970428478
0 0.8810096153846154 0.06299868054623702 0.11298076923076923 0.039574917370920525
0 0.12740384615384615 0.09561926034134902 0.10817307692307693 0.09941911073975208
0 0.046875 0.17433161465389255 0.09375 0.23808630623086202
0 0.140625 0.48573522857706225 0.11778846153846154 0.1383845701559352
0 0.052884615384615384 0.5232042575582377 0.10576923076923077 0.16179313050109093
0 0.0625 0.6667370246667286 0.10576923076923077 0.14015851511647553
0 0.19591346153846154 0.6508923894508842 0.1971153846153846 0.168984225724061
0 0.2860576923076923 0.7685974176314468 0.2091346153846154 0.20326797307121297
0 0.4699519230769231 0.7025137520428716 0.18269230769230768 0.1850552673690171
0 0.5576923076923077 0.8116793384463115 0.11298076923076923 0.13332491737092056
0 0.5877403846153846 0.9438313371945359 0.14182692307692307 0.11233732561092816
0 0.7163461538461539 0.9420471706147112 0.16826923076923078 0.11590565877057749
0 0.9771634615384616 0.7050571208619142 0.04567307692307692 0.1754705476114849
0 0.9507211538461539 0.5233828766981798 0.0985576923076923 0.21189595901587666
0 0.9278846153846154 0.2661764490462834 0.09134615384615384 0.1538257106075855
0 0.8064903846153846 0.39683367776312584 0.125 0.15558943394884175
0 0.6454326923076923 0.3859891556189821 0.10336538461538461 0.10397484257012206
0 0.5673076923076923 0.42035633632403296 0.13221153846153846 0.12712122081867128
0 0.47716346153846156 0.3867859235280857 0.08653846153846154 0.08626605782257084
0 0.296875 0.4626739440900375 0.21634615384615385 0.2324920676333503
0 0.43990384615384615 0.5531024605980686 0.1875 0.20453799707710865
0 0.6646634615384616 0.585314305220579 0.15625 0.19328486935912906
0 0.7331730769230769 0.48073166509934506 0.24759615384615385 0.18845673381286837
0 0.2548076923076923 0.9445702257939511 0.24519230769230768 0.11085954841209783
0 0.10697115384615384 0.9799401375986491 0.09375 0.040119724802701956