0 0.7422261860084816 0.1913049945480857 0.11645726306187335 0.10804762966749044
0 0.5621370039171251 0.10271367508589459 0.12478886628244996 0.1277405352812565
0 0.6500281293226041 0.20324536018116085 0.12210500393884434 0.12277879751256525
0 0.5379811212494435 0.1850910667717282 0.11645726306187335 0.10804762966749039
0 0.5510848539663773 0.26508075381207796 0.11645726306187335 0.10804762966749046
0 0.6280768133616637 0.38561343544310833 0.1441596436080988 0.13137674512309433
0 0.4944770482217725 0.3495377592213975 0.11701729544139242 0.11766301428287508
0 0.39458927901272245 0.33301708466081625 0.09907030760543119 0.0973539268251131
0 0.7224997805694812 0.8054249632279848 0.19078906865444403 0.19184187111338302
0 0.5912920073129911 0.7897049565834668 0.11220960313370011 0.11735492336087706
0 0.4662575660768864 0.7349842523639141 0.25240160300338527 0.2628466544850504
0 0.41688388575947977 0.902219904619927 0.19137280957485323 0.16074591657438203
0 0.236007680056777 0.09586558155152282 0.09907030760543119 0.09735392682511312
0 0.39246769219909666 0.08945839581735995 0.0888948906105275 0.08712236036573266
0 0.7590660849310802 0.05466350780872785 0.12478886628244996 0.1093270156174557
0 0.9543602427377974 0.39626792578867914 0.09127951452440514 0.17550936743618178
0 0.649673622784483 0.6942765980208407 0.14131206462872334 0.16472250035494257
0 0.8813359270809247 0.020995362552175465 0.147287238777234 0.04199072510435093
0 0.1545806355566574 0.06489138945679604 0.12805646954646477 0.10160631851094674
0 0.2817925702329219 0.6334028472470675 0.12154497155932512 0.1131634128971805
0 0.7860080320754512 0.28018642101825625 0.11645726306187335 0.10804762966749046
0 0.9039483559792376 0.2545323245449618 0.17508221033655913 0.20999432211715977
0 0.7907779184213476 0.5899279018229813 0.13496428327735352 0.13797210174063707
0 0.09064387022129416 0.23064746832495653 0.16140659096966128 0.13966660181162543
0 0.04376999179652459 0.10939114150836235 0.08249969217737753 0.1417946400601984
0 0.13537245329154785 0.14936453637447789 0.1561788743773297 0.1321469724280891
0 0.27015043296747193 0.22638261994207276 0.1658868500058139 0.21658967873470242
0 0.32617561936689793 0.05613847518243997 0.1414757812644932 0.11227695036487995
0 0.582337097116838 0.034406309616093825 0.12366880152341181 0.06881261923218765
0 0.7456704817539419 0.006740630192803721 0.1115332712001914 0.013481260385607442
0 0.733962343684884 0.422258711389384 0.16761436422615142 0.16401315427208482
0 0.8548654245468051 0.5303261673765489 0.17837352214146415 0.14314876619246433
0 0.9568448256342982 0.6176528401340238 0.08631034873140372 0.20000996535764004
0 0.9142691474166283 0.7660428368117648 0.1714617051667434 0.15578417880569098
0 0.8562276995338068 0.8644142006417334 0.17074195939528636 0.13547509134792898
0 0.7685940033524278 0.6854494246244692 0.15123117397475766 0.12943503535224493
0 0.5983624161044194 0.9110991873526976 0.16495421042343578 0.11834007734900791
0 0.507055189795292 0.4826431298378611 0.24264621029312095 0.25982662648720845
0 0.267114307236206 0.4642397843229116 0.3148541859216051 0.34827451477979454
0 0.21786653759277327 0.90290942438311 0.27209981360057406 0.18986787832580904
0 0.16007090619215142 0.7184133108725896 0.2316070361880485 0.27588332225913675
0 0.09541375656719049 0.5403889491296815 0.13538430756199293 0.1451836402021754
0 0.07024449757447618 0.4189481362410199 0.10016666382357921 0.15729603521026794
0 0.09186838026387692 0.31381122882414725 0.15405504441324305 0.13680061927478243