0 0.6212113440206792 0.6097924868926631 0.3187523987236821 0.3008760289689879
0 0.7553735486913508 0.8199313954850922 0.2722388553108995 0.28805957167659346
0 0.38576844760895707 0.4746492576202549 0.26680932979411304 0.2447483816166698
0 0.48005511423620095 0.09283906218911252 0.22738977152759815 0.18567812437822503
0 0.3621996393651389 0.15934071491264945 0.18087622811481555 0.18322561188695968
0 0.10272707805636026 0.41990291333743696 0.20545415611272053 0.2611557117866645
0 0.10328245789929388 0.8174876960548184 0.20656491579858777 0.2640630694288247
0 0.32030266483653197 0.8443319705320711 0.29007433817546946 0.3027763636345202
0 0.47969645748118306 0.9339848563973429 0.19540038500323315 0.11625359390481002
0 0.7072213756068619 0.9420179545507547 0.2610271443315142 0.09338999250574777
0 0.8177372821603901 0.2714348795012408 0.2496462201213077 0.23964697427412762
0 0.6437940626359863 0.09800403222224287 0.1985436176814443 0.19553855769104028
0 0.3494992387627386 0.05281286338758452 0.14715536862836898 0.10562572677516904
0 0.20869079204774715 0.50054882430237 0.19200445241167036 0.20502806443434643
0 0.8678577147368217 0.6018858903658787 0.1936853853910817 0.22906652597280797
0 0.9106808823034245 0.4186690915399106 0.13560635112022149 0.25686369755164107
0 0.9084110628147795 0.2794558110702979 0.15561057350809576 0.19959098276626158
0 0.9280532686489965 0.15306507118525703 0.13313549163377467 0.18719411838079536
0 0.5873635746111169 0.42431261613809634 0.21676582712456685 0.181451155093506
0 0.6489637714973358 0.2815835683112774 0.17707709559476997 0.19756477022865096
0 0.5454638002503104 0.25097785402483885 0.21380716109422693 0.20780954420442804
0 0.3625375058603409 0.6695286332445647 0.2601526112090683 0.21822215534297648
0 0.17618065227962856 0.6907883447817588 0.20983993527624017 0.21974485639227317
0 0.08353037545833118 0.28184959665405446 0.15124014776162642 0.13709098276626167
0 0.2357538130162692 0.11352959353313923 0.15777931303140033 0.12760147602295552
0 0.18531534709320524 0.19964237887249506 0.16253646535642227 0.16129728146749447
0 0.7434707513045109 0.44079505182848516 0.23784562263268846 0.20822913711135627
0 0.3699495243532409 0.28885469218549187 0.2915707045070094 0.2211714722758294
0 0.48815989903587503 0.7957846821965353 0.265027316849361 0.28793369380451495
0 0.18716661323631734 0.8598608853663308 0.15751013976811856 0.192421403595416
0 0.2228770824409627 0.060123216783677665 0.19366891204115153 0.12024643356735533
0 0.12089874751681239 0.12700523289226426 0.18608712035099062 0.2540104657845285