0 0.848180222202214 0.2807355576311973 0.20264102218952582 0.19449175765662405
0 0.5910257666933035 0.2314516867821052 0.36451232819666946 0.3087613899918806
0 0.8381724830997618 0.8313562022126609 0.17909217410700068 0.2107591793307692
0 0.6781639624833621 0.7915498505063574 0.21288590981968597 0.21635017360235054
0 0.8386862296734144 0.44168134965833405 0.2158493142088881 0.2356368929733977
0 0.44399518373095603 0.6550011712342418 0.3577904031910676 0.3254204626479705
0 0.17770007268100832 0.8785258637765493 0.20434542054917687 0.17050924625844033
0 0.18517693789756684 0.37355032104802366 0.20730882493837915 0.18979596562948736
0 0.00616034421544789 0.8092858817511753 0.01232068843089578 0.15222560965619672
0 0.4947963401145755 0.43848817190630385 0.24357635158433 0.19784675619519254
0 0.7652563466117173 0.9709930303063571 0.17043751893123563 0.05801393938728584
0 0.18370607497495922 0.7547837369937501 0.20292080130720389 0.20410714227200882
0 0.22422578080284217 0.10624882671778865 0.2727022845481618 0.2081335424939105
0 0.6680774618842946 0.6421756881262292 0.17605882493837907 0.18906861380587633
0 0.043495540024945205 0.4037632335747864 0.08699108004989041 0.17771877484188045
0 0.8293928227467467 0.6784042456719024 0.1376672312562601 0.19057725771527792
0 0.06081930273913384 0.8478323503621795 0.12163860547826769 0.14278008533974373
0 0.5225696211706519 0.06267789981132522 0.2577453730433117 0.10689225333098312
0 0.0740368434946232 0.6232965355386753 0.1480736869892464 0.18890076338504286
0 0.08018634843807759 0.2616575647355236 0.13348904196334346 0.21209997281933768
0 0.9343432361899952 0.21298227407938114 0.12585783482528803 0.1975090454754274
0 0.19008593428372395 0.24617444996431637 0.1949398702720508 0.1774969841588677
0 0.6033114827344896 0.9578817668626605 0.2407785604075496 0.084236466274679
0 0.16846938435243103 0.8650809093692844 0.17727360984209367 0.14825917933076946
0 0.28337565757203464 0.47085215001661346 0.20044701037393822 0.20164734597788472
0 0.9215397284655604 0.5290041180997337 0.13369887630160202 0.21931151128087614
0 0.007931074263853964 0.6277675220656517 0.01586214852770793 0.1978427364389957
0 0.37621796597544765 0.9532678901678421 0.16639921919715783 0.09346421966431578
0 0.9089995249413477 0.6706352156856846 0.1266529510524853 0.1422765340772438
0 0.6878384526061727 0.4177237985131417 0.16553415819054088 0.15759481324476518
0 0.4026956780763964 0.17294508723862215 0.14424926670302304 0.1691104927514958
0 0.32187780406874533 0.2636747846026712 0.1459536650626741 0.1451279813533121
0 0.81685666433213 0.1585300498279387 0.17069157439533073 0.16972594429455143
0 0.9535555079485106 0.3794071600975435 0.07764102218952583 0.19158235036217958
0 0.3509744002883299 0.04906208016607935 0.17305119942334019 0.08570322919049159
0 0.7415310460447769 0.5151924729635156 0.16044668676517057 0.14786752834882494
0 0.6811309799632288 0.8962570335493596 0.1704817400570723 0.16251440583301283
0 0.5194658952036793 0.8720477067729172 0.196758434536958 0.23999698415886755
0 0.3930063035719964 0.8366304262612718 0.13442404774938 0.1616751537288464
0 0.28335152445431844 0.8437000794940174 0.16905712081509924 0.19611230184658132
0 0.11539906774727336 0.4982136152673078 0.22009744828122452 0.21651802402318396