0 0.7882752002470076 0.5638711820399536 0.28539298296267757 0.3325959516812306
0 0.8404553345178768 0.900709680022746 0.31908933096424646 0.198580639954508
0 0.3709638017843288 0.8652315563320805 0.2763791049085465 0.269536887335839
0 0.6638336649027772 0.33244692921771346 0.28244865294017035 0.2989421055273844
0 0.13312523881702232 0.24854502357390645 0.24116264975014193 0.29246927639614656
0 0.16015543246581182 0.07838413500990932 0.25300317262393135 0.1540256917222141
0 0.9300075941422004 0.6788027554821274 0.13998481171559918 0.2599459364722587
0 0.5780492666570513 0.07744742860363442 0.18975237946794857 0.11551926879166055
0 0.14151635938603818 0.8920187313833098 0.14549044486353235 0.211922078151235
0 0.3530025185965808 0.2155869937986425 0.2580189941277772 0.34824748405918027
0 0.5712539865878197 0.46520536870316576 0.14452934242022764 0.17355848891461095
0 0.5989843011680184 0.823231521788871 0.22526740781581148 0.27505465796973666
0 0.4242112831877481 0.6735911029532995 0.21634397375498546 0.20043747797559147
0 0.8970361631265663 0.3970405671230476 0.20074948510128174 0.1590823472356347
0 0.7361468282462961 0.11862092284138558 0.17619996099487167 0.1796395211461911
0 0.3912357669836886 0.47463712529904795 0.251800159501424 0.24978774097640238
0 0.8968975019937677 0.18677544550847386 0.2062049960124646 0.29688517180418106
0 0.15774722612962874 0.46153028125157725 0.2519810474880338 0.19709902404161597
0 0.22009466939814687 0.6676692649894176 0.21940816907150948 0.262839528750677
0 0.10445452272955712 0.6737360352733746 0.11048429899244973 0.22247207054674908