0 0.5369378204663989 0.701271367393587 0.3479482703989319 0.3055283016156979
0 0.8760200035094011 0.6735413420081188 0.22143962648953008 0.3358254306442916
0 0.835191638415598 0.21050716557344246 0.29964754676089783 0.29283200778033414
0 0.3033191522991982 0.6322332071868692 0.31423847410480793 0.30096781900786623
0 0.20840525368290586 0.12543976652610947 0.3060757832585472 0.25087953305221894
0 0.06171669803611109 0.18950443339864254 0.12343339607222217 0.26041421012579186
0 0.6558972151944971 0.8496650488826402 0.2715826850005344 0.22142596924780705
0 0.05585642331153824 0.6089755872447964 0.11171284662307648 0.19535631851094676
0 0.8497306353754273 0.02908459166027675 0.2188079600183763 0.0581691833205535
0 0.18057968742729694 0.3496862774654282 0.3611593748545939 0.2800102666893839
0 0.4346105282633008 0.5086071596388096 0.1812416238012822 0.15563013334469197
0 0.7923929591434825 0.4508756394496955 0.2889131593399576 0.2441389028594152
0 0.6384099447637818 0.31192715560666556 0.2141701280096156 0.22974810895306297
0 0.37383694309951854 0.8509384674730943 0.17531693856613265 0.21045645850015676
0 0.09430246682943347 0.7561350626402018 0.18860493365886694 0.18749631518868773
0 0.4388627389244121 0.32591485194650194 0.2630303530504276 0.2664828643268882
0 0.16523284910849284 0.8931095536956579 0.3097085226204061 0.20946761970071365
0 0.4213974139295405 0.11355405376664639 0.2148974798332267 0.22710810753329277
0 0.627540706687393 0.11334004828633834 0.2767260781498933 0.22668009657267668
0 0.6300025128596154 0.026709343711843046 0.2303795896653846 0.05341868742368609