0 0.09047827208648704 0.8137019230769231 0.18095654417297408 0.20432692307692307
0 0.2911278973832681 0.78125 0.16196672821565408 0.15625
0 0.7675711227792676 0.9050480769230769 0.15961882273306707 0.1658653846153846
0 0.7386496532204312 0.5048076923076923 0.15977265957902986 0.19230769230769232
0 0.4589581980766316 0.44350961538461536 0.13064680237658016 0.14423076923076922
0 0.4614031983787727 0.6430288461538461 0.22477440190757966 0.2091346153846154
0 0.2659800190689785 0.35216346153846156 0.19847194589341982 0.23317307692307693
0 0.6053139114601004 0.2848557692307692 0.1933425947259873 0.1778846153846154
0 0.15395563112322394 0.6009615384615384 0.20564152885151393 0.22596153846153846
0 0.9526005562069452 0.09014423076923077 0.09451918422981392 0.13221153846153846
0 0.5237835230971976 0.8701923076923077 0.18880062060677608 0.22355769230769232
0 0.6843245655508917 0.7524038461538461 0.16699818320838325 0.19471153846153846
0 0.4465202136281064 0.3088942307692308 0.16430064853042617 0.14423076923076922
0 0.8923070073010854 0.5372596153846154 0.16930413318752577 0.1778846153846154
0 0.11812330421086724 0.14903846153846154 0.20084782171163645 0.2283653846153846
0 0.582693341744542 0.4543269230769231 0.16691427220149427 0.18028846153846154
0 0.4516503661506884 0.046875 0.18323772923708476 0.09375
0 0.8488481754112053 0.7764423076923077 0.1667324650199022 0.14903846153846154
0 0.02944591335189125 0.7007211538461539 0.0588918267037825 0.16105769230769232
0 0.7516766174274767 0.125 0.20543175133429187 0.18990384615384615
0 0.9683925768655732 0.26802884615384615 0.061145041432263486 0.18028846153846154
0 0.0776417103552401 0.28966346153846156 0.1528827799772317 0.24759615384615385
0 0.22038844908734206 0.9579326923076923 0.1903094160204753 0.06971153846153846
0 0.6864696861001642 0.796875 0.13778841499904468 0.13221153846153846
0 0.31857873986853996 0.19471153846153846 0.16421673752353746 0.12980769230769232
0 0.0505219233790642 0.47475961538461536 0.1010438467581284 0.15144230769230768
0 0.25204482030912057 0.6814903846153846 0.10880240947474278 0.10817307692307693
0 0.19025026992861838 0.7668269230769231 0.0825838644674718 0.1466346153846154
0 0.28563813727324844 0.07211538461538461 0.14987757160734932 0.14423076923076922