0 0.6276967025534971 0.10007639716849047 0.2397989025853136 0.1645604715857765
0 0.6208717096533609 0.686614858706952 0.2581922174753828 0.29976346530318565
0 0.6353121404788827 0.2722871737982188 0.2935785990060125 0.2433303199723593
0 0.14738226142098443 0.8660561686440721 0.24111355285706126 0.2678876627118558
0 0.8860516953312612 0.424130156482434 0.22263800825048735 0.34177353371093516
0 0.7859729363952455 0.1380686346359312 0.18031811695146707 0.21534648303458975
0 0.3050876101699341 0.6479319712354019 0.13869750771188713 0.14901558620439806
0 0.7465133650174176 0.8425062067431602 0.18476218258825072 0.184264371349454
0 0.9464809783700042 0.7076046766543842 0.09400342567202649 0.23155526259780393
0 0.1404101629902837 0.6433837195282271 0.2041887507956631 0.20176284768583377
0 0.26154035070755527 0.4636447245518846 0.2672481764432153 0.2520223188559911
0 0.44762611681685804 0.7984013129890193 0.21889154054251614 0.22630497416888756
0 0.88968796204035 0.11163015648243399 0.12927792207314598 0.16550673265159285
0 0.2904242511507053 0.971619368558533 0.13777445539342617 0.05676126288293386
0 0.3882275608995163 0.9344169924584759 0.18915030566027888 0.13116601508304818
0 0.8270061487048957 0.12507260838919973 0.18733385643636233 0.1987713924299629
0 0.050409998959511176 0.32271826092325134 0.10081999791902235 0.20793652184650271
0 0.8438979475958786 0.740094742271213 0.15804016207216684 0.15930252407923937
0 0.8482737691573461 0.5707075325824912 0.2018967897713275 0.21129428814378615
0 0.037341845101120125 0.5013850785976295 0.07468369020224025 0.2046932341183358
0 0.9251243916785369 0.8896254310872352 0.13196148105076808 0.18962913834748654
0 0.5431078101283275 0.9514003661832315 0.20564157334867053 0.0971992676335369
0 0.4071565404813301 0.24628363268832448 0.20908035695048824 0.20914227446223632
0 0.31023516819272784 0.10221692223360897 0.19174995079076823 0.16528543459098094
0 0.8027867158962938 0.03645081012077822 0.1925034912843355 0.023542455671489944
0 0.4608531651202102 0.07501150899619126 0.16002443899034885 0.1233287759289792
0 0.5211968501811922 0.5725122810178813 0.12913806566125777 0.15348750188236202
0 0.40371607274888444 0.5419567096114014 0.172519181559999 0.1646138813315242
0 0.1519292789379737 0.2734432443082157 0.1966135856632158 0.17026101521353737
0 0.6967483896832196 0.46922323243170755 0.23594223387846006 0.24612335250168152