0 0.4580369667798755 0.4670440745710841 0.25516099275521825 0.3073170140600141
0 0.35512978083874874 0.773765008909182 0.2425543319162877 0.27310336323612294
0 0.4584410395790857 0.9036780342961881 0.28148958915980227 0.16442977603735295
0 0.16050216095859596 0.7876415368716041 0.26135334165577395 0.38686785900495535
0 0.23132897414685757 0.5726322863788632 0.22206478396473361 0.2000922911486662
0 0.47053599962325954 0.2872297900384871 0.2590455806676682 0.25465632054341675
0 0.3808086319921429 0.120659856843477 0.2856557255227473 0.241319713686954
0 0.7964073645102014 0.026560718332059616 0.2610839597896337 0.05312143666411923
0 0.8172684627858137 0.1664281469148727 0.24533581168636934 0.2948499395547473
0 0.6320850368349109 0.4457057530092769 0.22361727772036824 0.2890345988409739
0 0.9137099406823322 0.6571979977138245 0.17258011863533548 0.24889364636930011
0 0.08732960476944793 0.11020807915037241 0.17281300074841127 0.13054538016079364
0 0.5897124712779477 0.1018966367638771 0.22750186563281838 0.2037932735277542
0 0.8432878240478299 0.4166224215857147 0.3105333728750653 0.31469980784991375
0 0.6298456743204729 0.7308974050420732 0.2021924587892173 0.30004618120412346
0 0.15285067369933175 0.28037401794306116 0.30142149974799476 0.3430981179600315
0 0.9096304526695871 0.8329586692796163 0.18073909466082583 0.15810729719319136