0 0.296011961548181 0.39668083221852934 0.2892936496332436 0.28954173697136204
0 0.5288779451641304 0.9194284290885398 0.18793816614877093 0.16114314182292042
0 0.37309544805714867 0.8941550833486314 0.19139118399390972 0.21168983330273725
0 0.45844846143614304 0.7403288130665632 0.1847649274213101 0.16224322389682982
0 0.624762851472292 0.5572282506174382 0.36525599711670126 0.4251121034531708
0 0.8235070540224457 0.33362783355213177 0.19762349554357483 0.19164918241302864
0 0.8441310831961428 0.17614957720538024 0.2640661268446503 0.24755674301588732
0 0.12294226465258691 0.14135937392575376 0.20058689993277726 0.21099191257780683
0 0.13803343007081365 0.04123754246928288 0.18472070629547346 0.07822056944622333
0 0.1712587908309472 0.7293533276063324 0.2298269988018653 0.30837732900575215
0 0.3227489327397561 0.6967993853774431 0.134843716425897 0.17912281351340964
0 0.6345108994651867 0.8097440577052933 0.20138201615997475 0.15581541197335452
0 0.8767120565599114 0.5533591486883844 0.2054645370198891 0.2136196805996711
0 0.49050803002599846 0.19208726251597413 0.3367852908212277 0.3541689947175332
0 0.08942108187625077 0.39185988420144674 0.16415376007440455 0.27891207609520113
0 0.8343927159583064 0.790246641848892 0.1868190496780587 0.15033595406160807
0 0.8732775361870264 0.6828309581940497 0.19113712852981463 0.13373295285270304
0 0.9538208347035307 0.39999379970279025 0.0923583305929386 0.12489466692068614
0 0.08021452666538974 0.7767255239546778 0.12237909332656632 0.24575874021704783
0 0.8152282784162922 0.9145878647307999 0.19706393730821886 0.1708242705384002
0 0.8034281307214469 0.9844245307612616 0.20614548734183039 0.03115093847747675
0 0.9278259418961208 0.9304269338912512 0.14434811620775834 0.1391461322174976
0 0.38634955173821434 0.5725304453758493 0.1680079491238066 0.16386334351261284
0 0.21621392248757518 0.5418006610666756 0.19127701808865347 0.13854064516039521