0 0.7605052150353477 0.8133170616461489 0.29462415934426434 0.272531380551327
0 0.11680896928931706 0.18045713129804122 0.2336179385786341 0.26476041644223625
0 0.23728296133489035 0.5510978215737047 0.257880822462171 0.25528488823873974
0 0.3940389609243825 0.0683171846692283 0.211922078151235 0.12980937643832038
0 0.4181672985097229 0.656616994932165 0.26906339467618673 0.2938583118297887
0 0.7184929636162363 0.5458747703569184 0.22363928095883803 0.24047021336237642
0 0.29927685463654946 0.3281554974783197 0.25356287627905094 0.2672481764432153
0 0.48767276671725146 0.8650086872031457 0.3597239039479393 0.26998262559370845
0 0.2612928989781055 0.8471904677324458 0.19523798876824144 0.19208560617929968
0 0.5790025599896367 0.6344386236718145 0.2531710793793931 0.25763279182783067
0 0.20049274846648518 0.9503164123169926 0.20844079052332987 0.09936717536601482
0 0.9023749239551405 0.3712479673039803 0.17663979935597388 0.26635309540713187
0 0.840984979467888 0.10718767498649823 0.20745311798730107 0.19703315489887988
0 0.08643453776165701 0.9764370502619578 0.09090129219059666 0.04712589947608428
0 0.037957530389343026 0.44883477641629344 0.07591506077868605 0.25824647590951
0 0.13307577870777587 0.6820506523282509 0.26615155741555174 0.32767998567790035
0 0.07791903685483884 0.9204217564143354 0.11704157192127668 0.15915648717132916
0 0.8989977743217374 0.8377759344855884 0.1424513226085405 0.19387408412083845
0 0.6435308627087448 0.17222969342160432 0.16820798572644696 0.17735484515006894
0 0.5017345621532137 0.2583617293002765 0.20436362725905377 0.18017826053957917
0 0.5479545401002045 0.363516433922514 0.1770397765425161 0.15823596104881008
0 0.6989295439024474 0.34723579291726825 0.19940492097054757 0.23538280823090793
0 0.9082274436982032 0.5817523334597843 0.14299413348901224 0.14822897848013902
0 0.9205262601945541 0.7225871180776164 0.10781798420555005 0.16944402462909025
0 0.09817407569491884 0.3810104574499294 0.1963481513898377 0.2524055302844742