0 0.35446965529848684 0.6419327937231836 0.33599768146312314 0.3173696720822653
0 0.4460791021409269 0.09343925941132464 0.21908128120493067 0.18687851882264928
0 0.29939069263043294 0.13751675239743566 0.22938941334765595 0.24050053542136768
0 0.42597769103816524 0.2826676841256407 0.21041252218753953 0.1800686807335472
0 0.6377922202474023 0.4402834378672003 0.4379086843392084 0.4589188543358978
0 0.8885993926017316 0.633033706601869 0.22280121479653686 0.21171033171549153
0 0.9004102834426798 0.7849226104773497 0.19917943311464043 0.2750495838196585
0 0.24748482830187 0.8984759453185363 0.2335043581280076 0.19980300122681663
0 0.292139554125782 0.9793115123048609 0.19707952186479893 0.0357819613625001
0 0.1491172840810159 0.3312531831603097 0.2716402930177218 0.32307055675630364
0 0.3029455065518769 0.3433253492526707 0.16565020811187053 0.19102485883750012
0 0.5815887376367032 0.19115066504150593 0.22687514012549942 0.17565263940779935
0 0.8839717237511059 0.41037021159957193 0.23205655249778828 0.23356874766121813
0 0.6029794108086018 0.807122756899038 0.39751519311454414 0.3691932446797011
0 0.15103556369367885 0.6743607614861644 0.2163876942298459 0.2905896536701924
0 0.7845315850672215 0.1840190320341874 0.2120877580634596 0.17050924625844033
0 0.8498743006777553 0.28363776712905914 0.2109948426465701 0.1560861693353634
0 0.9734529428724884 0.548701255848183 0.05309411425502311 0.13433764379209406
0 0.07084599426212 0.2993617664252136 0.11546201851889314 0.2570456979188035
0 0.7325190309628753 0.07932089344262794 0.22465344654113514 0.15864178688525588
0 0.6985726051712373 0.012348901976602315 0.21445290265016684 0.02469780395320463
0 0.8352648129603671 0.05382772825694414 0.1801450105361188 0.10765545651388828
0 0.39831836771019485 0.4578976826642091 0.19598944526446263 0.17973297989188042
0 0.2372979575613648 0.5098071903501601 0.21117699521605163 0.15849001548920955