0 0.8021730318146145 0.21077536506507735 0.1850978379767819 0.22164381166188415
0 0.2787681344562193 0.7384213811290542 0.2025121579836347 0.2734981505902562
0 0.44478230873279656 0.14557837274395655 0.19230937643832036 0.22223248438942814
0 0.6800129590412556 0.5478293615638263 0.24133732311608203 0.3078877384704907
0 0.21841687080741085 0.29881206970506297 0.17755064412671212 0.19220898508818626
0 0.3403022831488778 0.557323246632616 0.19675344207510387 0.19137493287445745
0 0.6522954318048246 0.12649407741378318 0.20843701745580315 0.163509900240877
0 0.4811798667555903 0.6937042526984669 0.3333547877392984 0.37303656737835583
0 0.10323142266069486 0.719289319117791 0.162931768226992 0.1742047165561752
0 0.2880576389976912 0.1952256848592457 0.11935485335160756 0.14423037249860346
0 0.8862970298192973 0.6295103804526769 0.1799824615629359 0.19480905548454702
0 0.4335661539685258 0.9185998384675067 0.21363630771678205 0.16280032306498662
0 0.9145820738872708 0.3772536032976752 0.15625168413062832 0.2192891207517081
0 0.032634578477691564 0.12154129976807532 0.06403842053076841 0.13731336876691988
0 0.6842234791043997 0.9853306509433651 0.1810996287274121 0.029338698113269637
0 0.16325259590902044 0.09858167483127867 0.1791992656563629 0.1275013631768548
0 0.43215023594720053 0.40151445362914967 0.2090523856681107 0.2163945156254924
0 0.20026046975223735 0.07998853520564066 0.1812394851393002 0.09644758741936947
0 0.2014772205356633 0.18455584289794835 0.1239667466826566 0.1277958979067097
0 0.2830468985946792 0.9876370792572443 0.20717830974881102 0.024725841485511397
0 0.45483630061691827 0.8032265200633942 0.1866905169416775 0.15212849744286017
0 0.9216545980022353 0.9282756753070645 0.15669080399552945 0.1434486493858712
0 0.9182840584757336 0.17942685621165422 0.100991193874544 0.21717980932771683
0 0.9540209231013974 0.51159903080504 0.09195815379720511 0.15448358508520216
0 0.09781982158594188 0.35741236084268746 0.19004538669636226 0.23405549091614425
0 0.4164603601331407 0.9947992641090296 0.12304369436419549 0.010401471781940713
0 0.07956636310776083 0.23344263729893097 0.15616777028349527 0.21207758229016965
0 0.07969476007440217 0.5540617624736205 0.14920797336335528 0.233123524947241
0 0.370597891286783 0.06507430257802838 0.17383214770111843 0.07903199161490239
0 0.24008450986628807 0.9094385447578219 0.18733385643636247 0.18112291048435616
0 0.6559999425892296 0.238469147810144 0.1288024102727266 0.13059219254558518
0 0.11938956115649747 0.9659045501174545 0.12103144616363594 0.06819089976509109
0 0.11047177446992497 0.8255491104933085 0.1407097559124469 0.12195792914277402
0 0.5579317477231455 0.2724912615593503 0.1559160287420969 0.19044296690555426