0 0.6420779849087969 0.4862989572457694 0.4044541928040027 0.457211179071149
0 0.45013754864010935 0.10765306703958463 0.3256864411813198 0.1708609071256649
0 0.9097558284885582 0.3968696636040019 0.16520826393622967 0.2905039182929746
0 0.15572354969329705 0.20229022087859327 0.24605749014276912 0.2750624902707329
0 0.09190123515695198 0.6170254079182261 0.18380247031390395 0.34462773891337545
0 0.08761800163866594 0.8274530226645054 0.17523600327733188 0.22702142994439548
0 0.2292919192174785 0.64551009544197 0.2279572271419582 0.2425374222843619
0 0.7883004597853923 0.8920244286712958 0.25086518245046135 0.21595114265740825
0 0.8574262944147407 0.6159466865841028 0.2514528777999482 0.2898498723327729
0 0.6924627964319483 0.16700693745734915 0.22678183644298472 0.213691268438208
0 0.3960143059964401 0.2819857073193093 0.3073290346878963 0.30846245835392605
0 0.4024769633234971 0.44885293106684254 0.22938158104665976 0.21868111331538195
0 0.187083769348538 0.37948350814414467 0.25886031471131543 0.2952040223489099
0 0.7688064654012716 0.9815587322144186 0.18160668593136448 0.03688253557116283
0 0.4434995506892832 0.9287802856732836 0.2233005488150796 0.14243942865343284
0 0.5142048433475893 0.7840460185260384 0.2461105548986685 0.21755233514790662
0 0.39756524013015143 0.7173371586443926 0.2743608331084513 0.3227392454581071
0 0.666649085523549 0.7413440156570984 0.20941210248558997 0.2579071248054323
0 0.6277366037457145 0.9274707743446036 0.2167746549279424 0.1450584513107928
0 0.23355071898396032 0.8600042780096774 0.32347031319041825 0.2799914439806453
0 0.0726643307110195 0.3665879578698151 0.145328661422039 0.19675391829297462
0 0.8729777789416306 0.263874301330382 0.18753670418213084 0.19154605809573352
0 0.8563426641710942 0.1987151576976063 0.2346341350099091 0.1711506479469035
0 0.14977717086876208 0.05234099649272386 0.109099504416322 0.08974548228795855