0 0.33660490206380866 0.30507169555069474 0.227684375325658 0.22138166647115406
0 0.31310613714748636 0.4549484042542738 0.21390142121517094 0.18744806961591903
0 0.1441525762812779 0.785558160801389 0.2508409751934914 0.2051142447970088
0 0.5385858582965741 0.28570507072542783 0.28396023553484034 0.3331335424939105
0 0.6930585925287828 0.8251257194724629 0.3524017499904832 0.34974856105507424
0 0.7570260185095633 0.31967066240699854 0.23717377970238146 0.21920162087841902
0 0.02792519570078009 0.8689354394141561 0.05585039140156018 0.10806318652061993
0 0.8871061145331463 0.4093423318010157 0.1958044741323522 0.2086350838783121
0 0.9191187671783809 0.142935034776176 0.1547075722782136 0.11164198562029928
0 0.5981083298554851 0.5506327038500539 0.24324127439668514 0.24335198269743616
0 0.35617272553342466 0.11539164995795971 0.16265454893315068 0.21746716652980783
0 0.2485563380650388 0.05632755888979722 0.2288488623314609 0.106164901507372
0 0.07953378126866212 0.2857519764142629 0.15906756253732424 0.2656000397470087
0 0.5641632971508055 0.09616490048338723 0.28994263646761975 0.17241155102788483
0 0.7992516317020102 0.17985693944102632 0.28044301047161224 0.22020872340341902
0 0.2682298281335131 0.6223783829193379 0.19239278606921673 0.18934836450726505
0 0.1996606730355837 0.9204263259870729 0.2885568538423471 0.1459692433355773
0 0.46051196639299496 0.5125318264831734 0.1864410499942899 0.21321897562489328
0 0.4169107921945595 0.724516884204808 0.3388707563573184 0.3272088572587611
0 0.06407309257963893 0.6640500198735044 0.12814618515927786 0.34733080897777796
0 0.8197763185832602 0.5918937592035797 0.314590555960819 0.27622453676549175