0 0.88911160035209 0.1502403846153846 0.20435986977678328 0.20673076923076922
0 0.6932063754885933 0.20192307692307693 0.174387602827712 0.15625
0 0.20071235720474884 0.1201923076923077 0.1728242231635715 0.16826923076923078
0 0.29455352059580464 0.5168269230769231 0.17467324944092388 0.19471153846153846
0 0.5819306892956908 0.5528846153846154 0.14246522963594735 0.1466346153846154
0 0.5476302999078553 0.3545673076923077 0.24092184197829908 0.21394230769230768
0 0.7878627353780198 0.6274038461538461 0.2183962201213077 0.23557692307692307
0 0.4628556980648958 0.7235576923076923 0.20972238196096937 0.18028846153846154
0 0.8587350135416559 0.36899038461538464 0.2249353853910817 0.22596153846153846
0 0.141445633341136 0.9399038461538461 0.12138543412782579 0.1201923076923077
0 0.4480311011126558 0.13341346153846154 0.20810846231415864 0.22596153846153846
0 0.3094396940378796 0.265625 0.18205288120040344 0.1971153846153846
0 0.6164162052978377 0.6850961538461539 0.1761190757897935 0.1466346153846154
0 0.1369587742122756 0.49759615384615385 0.1856839204225079 0.18028846153846154
0 0.9283877753455589 0.8173076923076923 0.14322444930888223 0.23076923076923078
0 0.45693068929569086 0.5528846153846154 0.18104432141275678 0.18269230769230768
0 0.6516493444993146 0.9483173076923077 0.19232416565762242 0.10336538461538461
0 0.14161596650483677 0.2548076923076923 0.17885910853952203 0.15144230769230768
0 0.9647110825454904 0.25721153846153844 0.07057783490901916 0.16105769230769232
0 0.3438647534830712 0.8954326923076923 0.2203463263640008 0.19471153846153846
0 0.0996310255621799 0.7716346153846154 0.08712622811481559 0.18028846153846154
0 0.9482491744268273 0.6730769230769231 0.10350165114634535 0.25
0 0.7339042267724769 0.027644230769230768 0.19376999200649217 0.055288461538461536
0 0.2991184295644302 0.22115384615384615 0.14883630160778025 0.1346153846153846
0 0.7618653709554601 0.7884615384615384 0.17511051600214683 0.13221153846153846
0 0.9614033149403808 0.4855769230769231 0.07719337011923845 0.15384615384615385
0 0.7480070304831619 0.2980769230769231 0.11797302818633262 0.10576923076923077
0 0.7957060236229373 0.20673076923076922 0.09455639985696553 0.14903846153846154
0 0.8138754532176298 0.9134615384615384 0.16236837205848131 0.15625