0 0.3779704811864665 0.3532824578992939 0.14419916783888864 0.14626436215599298
0 0.6894810474880338 0.14043387657648337 0.25504524280455787 0.26630504990028964
0 0.24082811498646603 0.6240760468277637 0.1670051949541307 0.18847449315490655
0 0.14151036910035594 0.09061500399675392 0.1724438151237888 0.18123000799350783
0 0.23618878010619587 0.34989476198269615 0.21685503632293412 0.18479291395013187
0 0.3985399295297004 0.21519589068478093 0.12328592430954394 0.1256888465416947
0 0.4156992072791309 0.0657995309301446 0.1596737911985751 0.1315990618602892
0 0.09623992996481413 0.35363455787866643 0.1387899689699427 0.19366891204115155
0 0.15601625969764815 0.7327951469859293 0.17211364054244985 0.16494031151026844
0 0.31783836576609514 0.882313178393319 0.19185547234116782 0.1448185358071232
0 0.29348553034223496 0.783646169445321 0.20264226868717916 0.1861882003163313
0 0.5874172903653121 0.6324906282991051 0.151621015587749 0.1491724882036626
0 0.8042870373386024 0.8168561922622989 0.13791931051994274 0.12910125248318766
0 0.8093491708846847 0.9023608240217785 0.16685590835940134 0.10484415766411459
0 0.7011760939616078 0.9099250224291293 0.14762513912863212 0.1034994112805854
0 0.8311973656933748 0.6130253124042342 0.1616570187777775 0.15465255370311937
0 0.8126607271083326 0.3458622027314288 0.2132187557458685 0.2251540186716932
0 0.9224154838686609 0.13172541181696498 0.15516903226267822 0.26345082363392996
0 0.2880251191909543 0.056557957914425014 0.16739639222806244 0.11311591582885003
0 0.3219186959328345 0.09962614868585432 0.18100765330256385 0.18467536063486112
0 0.28123201921289126 0.24274727816363614 0.22668073022564064 0.18786913329574256
0 0.13437238389059786 0.22278479911702706 0.1550764081782048 0.16135981227083443
0 0.1370791634162393 0.011481444209107135 0.10588909606324783 0.02296288841821427
0 0.08200809149636615 0.7162033305395479 0.0483460749656693 0.11567026199782732
0 0.148863563837534 0.8445487231484403 0.1635498023636749 0.17628716908773476
0 0.43585293728781893 0.8075506043185816 0.14774500442264937 0.13217747182879827
0 0.4530993888938016 0.9079238162373261 0.17199377524843293 0.13626225096205585
0 0.594415249402776 0.9198090203413559 0.1448006744001422 0.09852362567495213
0 0.6078330919314798 0.7967338565927137 0.18353136475042697 0.213521514481015
0 0.7381371361567648 0.7380417857541643 0.220850912782051 0.23046599087320901
0 0.7098641576167368 0.5392789748256686 0.19930674139074037 0.20267893679737214
0 0.8318598949472212 0.4823771536068362 0.1425166935403133 0.12703359292522373
0 0.952626467991239 0.4913542316631965 0.09474706401752214 0.1562159333672598
0 0.9621524986589028 0.36405970214965594 0.07569500268219433 0.18047302818633287
0 0.8147376688175925 0.0379289901717772 0.18347252214900267 0.0758579803435544
0 0.6290558091061252 0.04194207766851172 0.21965007975071196 0.08388415533702344
0 0.37370763292977205 0.016104569868928147 0.1560691120133902 0.032209139737856295
0 0.47704141615327605 0.13110357860787078 0.1654131646488601 0.14296950952977083
0 0.4348972850724353 0.28521010907590144 0.11261899325754963 0.1129972425806994
0 0.45339088175199355 0.3721940738505509 0.13698762937735018 0.14576008226216963
0 0.40352523968724974 0.45186542019832143 0.09431990516937297 0.09499366641818832
0 0.44360713970918675 0.6473839184832653 0.2503279944901705 0.23969464891004086
0 0.5591432217796998 0.5304699900672495 0.21895812919615337 0.2088313754885935
0 0.6337098546367514 0.3184695519426698 0.20420487769173773 0.1767409089988878
0 0.5444531730590451 0.22434106203908227 0.20738893830227872 0.26775087624915944
0 0.9201429435224353 0.8181762286209326 0.1597141129551295 0.2553954588840463