0 0.593157056056479 0.5504198023061999 0.25823244257700995 0.23701163283088944
0 0.21214412674451608 0.5888812898183388 0.18913337532517346 0.19619965796125255
0 0.09799108163399979 0.5584096625692909 0.11785438378750882 0.160111431241876
0 0.038754518356999085 0.5341727783042809 0.07750903671399817 0.16449940276240788
0 0.05300145813516965 0.3544299537891279 0.1060029162703393 0.1504121024690592
0 0.7408784978056132 0.17033740219214796 0.27573113125798715 0.252022318855991
0 0.2709495940711709 0.23097531257340018 0.13367365845835075 0.13906442495928523
0 0.3524991661915363 0.44450172901735796 0.14272923840369028 0.12738097081978267
0 0.46561473754984317 0.9518887639219819 0.20226558757979915 0.09622247215603635
0 0.682714970736884 0.9657853005664029 0.1460814385692656 0.06842939886719425
0 0.7638102494154704 0.8669796562746245 0.1376976242279799 0.12240539019722646
0 0.8034179086358797 0.4301512095340811 0.22083121906120942 0.2069063166232543
0 0.9107415149207985 0.16784200375264843 0.1740385327980423 0.18127291609358315
0 0.8243082083126985 0.7053648892765918 0.16749875994055793 0.1954441605443639
0 0.3696520302884437 0.5931777090532172 0.20070476235836815 0.18700399413302835
0 0.16502567761031703 0.023820993016660078 0.11225633708705825 0.03991912354956827
0 0.6006750082718207 0.13052892767288565 0.12143050582110194 0.13383701186443245
0 0.2624700321347099 0.82659878890978 0.21949431570779654 0.281257659077621
0 0.933367209074757 0.4057960681105438 0.1144561449369721 0.3447878643008694
0 0.887111129990202 0.7785868151444356 0.1486105013665108 0.3051816420469661
0 0.831473529940323 0.9744811289888449 0.13590624928383585 0.05103774202231019
0 0.7862219634834536 0.9383661973965943 0.18963388560086641 0.12326760520681126
0 0.6115578819152712 0.8532357407392254 0.24023324362033968 0.2627823872637407
0 0.5533716918019658 0.7067384792577899 0.17096292104014227 0.1667658950130742
0 0.43549428867197604 0.7820780548566888 0.23458915823492751 0.29618440094529047
0 0.6322739686342859 0.3567575658125625 0.1806902665895359 0.16950551779664857
0 0.47233919959403126 0.27532820926102686 0.1535761932931741 0.1541590551418187
0 0.22336655341524564 0.37377903112782396 0.13344973659033277 0.13425673265159282
0 0.13512897245151567 0.27799910414361173 0.1470364204356897 0.1683302995925995
0 0.11825601068963086 0.12331350872313704 0.1888567869174985 0.2417887907268974
0 0.2949979973916753 0.07651484475234788 0.26096554367818786 0.14110961914933956
0 0.09789403337305494 0.8010302357928882 0.19578806674610988 0.3055479530883787
0 0.05113265127073775 0.6813530307122048 0.1022653025414755 0.18001375373210193