0 0.5808698800550098 0.3545673076923077 0.22954013871182746 0.20192307692307693
0 0.5572625546533587 0.9002403846153846 0.22231461508247435 0.19951923076923078
0 0.2808272395449584 0.8990384615384616 0.15710309523670263 0.1466346153846154
0 0.1347240605373053 0.8076923076923077 0.19117649642499265 0.21875
0 0.2838899912963988 0.37259615384615385 0.1403460979988535 0.15865384615384615
0 0.38810147856457866 0.22716346153846154 0.23001563441753062 0.28365384615384615
0 0.24796595943809654 0.14302884615384615 0.16451042604764823 0.18028846153846154
0 0.8335953850685963 0.29927884615384615 0.19335657989380195 0.18028846153846154
0 0.8676881612983097 0.6370192307692307 0.14520973097780507 0.16826923076923078
0 0.7319477720289834 0.6237980769230769 0.18608910076100435 0.17067307692307693
0 0.7950405389508133 0.9350961538461539 0.2699859682927682 0.12980769230769232
0 0.0363008300341524 0.8293269230769231 0.0726016600683048 0.17307692307692307
0 0.07061897165920139 0.6358173076923077 0.14123794331840278 0.24278846153846154
0 0.12831047799635964 0.4639423076923077 0.14754365129257715 0.15625
0 0.11806736353960805 0.15865384615384615 0.15500692277478198 0.19951923076923078
0 0.2948673270634273 0.5516826923076923 0.2420068948511318 0.27884615384615385
0 0.26027647466598974 0.7127403846153846 0.10887233531381678 0.1201923076923077
0 0.1422658531527903 0.33774038461538464 0.14734785894317 0.12259615384615384
0 0.5792142403792553 0.22596153846153846 0.15938107488021558 0.125
0 0.6724529803988658 0.5204326923076923 0.11365205728587952 0.11538461538461539
0 0.685141896512908 0.8185096153846154 0.18129539362112676 0.17307692307692307
0 0.9325236843233807 0.23557692307692307 0.13333035188672218 0.19230769230769232
0 0.9103933968364893 0.1141826923076923 0.17862582927879947 0.12740384615384615
0 0.6040079009797158 0.09615384615384616 0.20063804419441447 0.19230769230769232
0 0.43589250705644783 0.06971153846153846 0.1955226781947966 0.13942307692307693
0 0.2377150510422881 0.04567307692307692 0.22649297483850075 0.09134615384615384
0 0.5754320538405022 0.6694711538461539 0.128103104544586 0.1201923076923077
0 0.507704806498366 0.7415865384615384 0.1786258292787996 0.12740384615384615
0 0.4533253808678663 0.5853365384615384 0.17166602383792742 0.17067307692307693
0 0.8939704409158966 0.4579326923076923 0.18358735843245455 0.15384615384615385
0 0.7768796350578762 0.7512019230769231 0.15481113042537478 0.1658653846153846
0 0.9211523597920898 0.7439903846153846 0.09196150123000499 0.10576923076923077
0 0.05712510704065901 0.30408653846153844 0.08491778478224399 0.1346153846153846
0 0.036168772295061255 0.46274038461538464 0.07233754459012251 0.17548076923076922
0 0.32723453777831213 0.7728365384615384 0.1451537903065458 0.15865384615384615