0 0.8250365510242644 0.6358002237284714 0.2659429221551925 0.28930481032190186
0 0.08489513309892191 0.22512128141832258 0.16979026619784382 0.31898820639412406
0 0.43313470488533873 0.24904080810288423 0.2726149431328571 0.2534709185753208
0 0.04106240232223088 0.5683127849545939 0.08212480464446176 0.20952827624465825
0 0.5882077561624166 0.37739178688525593 0.3118613785644543 0.2639815054351498
0 0.5672119605794298 0.6933856558354695 0.25544472681457486 0.2194813715798078
0 0.23484237154703191 0.3856164575060895 0.2842417254170586 0.24894297696901738
0 0.8234657652537325 0.3611193405158647 0.31931789978001174 0.3553276592813036
0 0.7266734960304236 0.16543168941661263 0.20520933706999062 0.19192006108194462
0 0.612614683662321 0.5339764827878734 0.2746263408016739 0.24871917640790614
0 0.8411992832133921 0.08122018339492489 0.17817835665013876 0.16244036678984977
0 0.45320170835674867 0.9143736614465807 0.27639275571647176 0.15278913081517123
0 0.14177935476191614 0.937300154752831 0.2835587095238323 0.12193078179711574
0 0.26775928577799213 0.07054476093141003 0.26780764755733055 0.13579435731741477
0 0.5272521790163672 0.11823204290448702 0.34453410350572705 0.23646408580897404
0 0.7411205554770869 0.012711572949358697 0.1619896582765955 0.025423145898717393
0 0.8748800873820681 0.7893935970043262 0.13446752215220834 0.20706847995053415
0 0.1827929985726427 0.7587161626147434 0.18862779347925213 0.1651420525479702
0 0.2259880997442025 0.5969590935535789 0.1939750032708183 0.2012556949959402
0 0.34068593028001654 0.602686948358707 0.17018192121854162 0.17430983604113265
0 0.3684778251463406 0.747196463351816 0.2486747920817358 0.1953310097607909
0 0.6618701423908295 0.8711283859912922 0.16037031236064217 0.17168218932617527
0 0.8066650067273078 0.846164737260149 0.18141625501771366 0.16497420212713693
0 0.22534888321040808 0.16390411488851475 0.2680526303113496 0.22697266074273528