0 0.177329069306018 0.4939733917828328 0.13071662334918036 0.14584806909479597
0 0.1349224740717255 0.3991372273252867 0.15757895532612737 0.1544453901816071
0 0.25067969665920004 0.30439982865456583 0.16054283385949256 0.1641867550356529
0 0.3740955552594336 0.6130727638043267 0.23261080139309698 0.24944497094893456
0 0.5710009277324986 0.6063481534648811 0.22047527106987658 0.20567181922505912
0 0.500424510585561 0.4602651167253148 0.18444128730307435 0.16304271126841824
0 0.6042325064512446 0.3649556961709765 0.1634830038519677 0.2146675242664221
0 0.7383708385802256 0.5101041027398685 0.12632895532612748 0.15280764707901212
0 0.8774320409956579 0.4884371620937751 0.17172201605944465 0.15039357930588176
0 0.8758778545310745 0.24766949518353412 0.15218752209802597 0.18531744946562362
0 0.5514156519636082 0.119685065930412 0.2084560403006458 0.2050419180317533
0 0.28051551828949645 0.07010992241609028 0.24185357880562253 0.14021984483218056
0 0.41794291907292147 0.03856030424836365 0.21219108493108016 0.0771206084967273
0 0.04969038089373167 0.7775965730788266 0.09938076178746334 0.19480685384234692
0 0.7338883363936121 0.3401869072487585 0.17480219414679965 0.20327819469049707
0 0.7246444374058562 0.12858034478132432 0.21622761114170322 0.21503524336312138
0 0.4498026116846816 0.34189441168395174 0.1882452144057183 0.18720715304554106
0 0.35504772490440273 0.19947502348484303 0.27716381355713576 0.2326078262527273
0 0.04646907313626659 0.6277341291794253 0.09293814627253318 0.16760866471807254
0 0.04583791513407721 0.4069582237415626 0.09167583026815442 0.17646816790149017
0 0.21253710192444747 0.7329773353518175 0.16196662334918044 0.14748581219739082
0 0.3483555311919856 0.8492795880745556 0.17496591078256948 0.16494263646761972
0 0.4813145272097031 0.9118102529324081 0.1656542508978346 0.12850700344394392
0 0.5933604137076334 0.757354641131517 0.16082285004925204 0.16899444734334507
0 0.08258067044857684 0.9110202562365721 0.16516134089715367 0.12824482134733756
0 0.7925188915444501 0.855958330725988 0.2688322103365594 0.21299911630597443
0 0.8003937860938218 0.6590319164685952 0.3136415301494674 0.24170906829418307
0 0.8808007248175262 0.08343412265689865 0.17298208891336267 0.1668682453137973
0 0.9649471944725866 0.09681454180377 0.062265157741559725 0.16382925755823777
0 0.09729986260423525 0.26330969801369486 0.16437046950302653 0.14761179243605208
0 0.0863295709713723 0.12249061684606104 0.1540076273314629 0.21656744946562365
0 0.31616840530868573 0.4555425181791469 0.23786222652631872 0.2161690655110719
0 0.12380368479922901 0.6106126987444177 0.17309838846735232 0.21517144522106676
0 0.2455479358056592 0.5982410813074139 0.11659727115675309 0.10916047559379785
0 0.23769674979717761 0.8359068999415302 0.11827736829531031 0.1380066294399517
0 0.11785446234206932 0.8361962964899726 0.14740353833122372 0.1443260846115777
0 0.353280644628898 0.9293045132737572 0.13540801610288306 0.10295677904154843
0 0.5821479118468069 0.9292926312508475 0.1750133278643497 0.08346382771417282