0 0.10667830689169483 0.18355494322724597 0.19314866750118367 0.21015984598009313
0 0.3117560005909427 0.23264524262920172 0.16659060118949903 0.16068284195437238
0 0.7852762568275149 0.14519224217310003 0.16481665622895855 0.1725620646287234
0 0.7677274379837284 0.5419905741934853 0.16379859270038521 0.19886436422615114
0 0.4895009637115963 0.5833019347848601 0.1348366802348545 0.1492473521055507
0 0.48619315224492815 0.38300080522334556 0.2295843005248595 0.21947150586482808
0 0.29932471384185944 0.6584997406380604 0.2066796611343483 0.2397060403006458
0 0.6409704858557398 0.7526901087378987 0.19897442333744944 0.1841375625724248
0 0.17925161517494528 0.4022693804159108 0.21338727864124218 0.23051067996990054
0 0.9718177330122556 0.9516622829732858 0.05636453397548881 0.09667543405342836
0 0.5428606251953947 0.16102949746588055 0.19656035556431917 0.22953062330574212
0 0.7054726272477831 0.2915242544022962 0.17113611140058482 0.20168823466463678
0 0.48086786695729045 0.7158053437066031 0.16849052638870055 0.1512074654338677
0 0.9168663905120235 0.5221749424670764 0.16626721897595304 0.1851413277774732
0 0.1572628231201658 0.8515323035362722 0.20883154681087218 0.23503835608783336
0 0.6139970427569517 0.5809669711032235 0.17038022996861785 0.18726515774155972
0 0.49466270309068705 0.9634155949736629 0.1876055370000928 0.07316881005267407
0 0.8702041897152173 0.2795501975643848 0.17114633301986915 0.1561551658364396
0 0.04756955171626188 0.29035164774241534 0.07321854190548249 0.1624340647155999
0 0.7924400079998836 0.9112589733767134 0.20934568938480097 0.17748205324657326
0 0.9857573322192562 0.7944040314673158 0.028485335561487527 0.18152482585148932
0 0.11257037365454219 0.7075352549887127 0.16188844588189952 0.2538728095748532
0 0.23512577062232484 0.05084040058795287 0.1909014664438512 0.07582447755446806
0 0.7079496851402441 0.2473331167459019 0.1414183175030869 0.13764814562095928
0 0.35577932278974944 0.8211556717664252 0.16773464495673365 0.13678438851079078
0 0.0776295106622485 0.5209690161463213 0.10889829349719135 0.15732264767725795
0 0.27485388268374245 0.32875279327649815 0.11359022718550668 0.10966574888497418
0 0.21142436332271008 0.23878413341348226 0.08701171763525363 0.15125488251564775
0 0.32620961277310667 0.9326330363400823 0.15431940994294593 0.13473392731983524