0 0.28467084301615897 0.7930403245803976 0.25215295164267315 0.22946431773962261
0 0.639077175767386 0.37249321484286846 0.34090893085725715 0.3045177478651303
0 0.22190056232785413 0.4310783229058451 0.21665055995683957 0.19944294568941956
0 0.37246886418491126 0.21687657461301993 0.2560972524065089 0.25358672343551625
0 0.5739187502910545 0.7779571830142953 0.2534784795695266 0.21272133882013178
0 0.8774234524022494 0.5128473365753192 0.24515309519550116 0.26063037358219054
0 0.7348657345884093 0.14558541531551367 0.41684685379220326 0.25440328967577375
0 0.5240255646988687 0.6730808035651332 0.12441241636141652 0.10747864832955674
0 0.07982642955107028 0.45969551961376615 0.10974212973847892 0.1405448853813784
0 0.947667000425931 0.4714401444754366 0.10466599914813803 0.24715355772493006
0 0.5042127390464844 0.49490238362950556 0.14758748635602154 0.1322726072849072
0 0.8819131406281066 0.715720504103023 0.23617371874378698 0.2364240237288649
0 0.3233454657551774 0.9215277857032399 0.3035902766561608 0.15694442859352017
0 0.6329707113325965 0.595337381812388 0.24897887818383233 0.2173611428129599
0 0.5655947681801426 0.9177732249022592 0.25659167180623044 0.16445355019548147
0 0.9739820184569961 0.8493056834951591 0.05203596308600785 0.18373017199317696
0 0.12580391258483287 0.6531784301255075 0.1773256299514445 0.2220543565515357
0 0.42086449247522617 0.46680789766143005 0.21316839557600067 0.18253207845506453
0 0.24759431144049773 0.10218638782192463 0.32987853888746954 0.16981841909231357
0 0.24114378825567345 0.5816544841509581 0.2279604446432126 0.22622103001145574
0 0.1938283205980073 0.25500994457305126 0.1814562591930038 0.1742292659469088
0 0.9287281806087974 0.23270387782777854 0.09491779765454239 0.1712072762793538
0 0.7950209272510442 0.279601753161842 0.20022489204077615 0.16768928074482717
0 0.9771579343214931 0.6957533342000176 0.04568413135701377 0.2023733321219217
0 0.8090316945793248 0.8725123115875212 0.19926833625805784 0.22761754627611672
0 0.0775803136695353 0.2749351423973406 0.13636708109719803 0.2566010540254504
0 0.418827776059859 0.6034493797222164 0.2113807312661504 0.19206351891301693