0 0.4857595316136648 0.26619240034904246 0.31876214976043116 0.26848106852412934
0 0.2886861025017246 0.26192327503043994 0.1692901480197109 0.18528133587235304
0 0.2864842399260436 0.08997827098300006 0.2796992490828564 0.16287555439066845
0 0.8739449211851323 0.20714294248879558 0.2521101576297352 0.22623931150083715
0 0.7226168989007913 0.7065258819075122 0.31398242778836843 0.2730087446420621
0 0.21514044360592105 0.8379718621481336 0.28516424427784415 0.27613633981119723
0 0.5930741234264306 0.5379777565237522 0.18123945294986768 0.17396214557752096
0 0.8963223531742308 0.618118776478603 0.13082860955817266 0.1830412063542766
0 0.8805357223892111 0.38290372790932437 0.15476917492193054 0.16761436422615128
0 0.13515541628655312 0.5137100606030026 0.1450838644674718 0.15503510107740143
0 0.7294080809727362 0.4281697563934375 0.20070797003348856 0.21594759495194374
0 0.4788898284084394 0.11800584165030456 0.26066427220149424 0.19540933578547648
0 0.14723597760065163 0.11190587840305044 0.17427964750899558 0.21681135206211252
0 0.15094044436127385 0.3356035788056225 0.21311878550153354 0.283955327734035
0 0.32547801611969374 0.3902253195305595 0.2728653101523174 0.22735937625987537
0 0.8188904203362127 0.9131900118165327 0.2440191563061638 0.17361997636693452
0 0.7904288586049657 0.9772538094011002 0.24327794241197948 0.04549238119779959
0 0.5756474408437702 0.8449383864436324 0.31902786794891225 0.31012322711273516
0 0.2767174225301445 0.6829582264611613 0.2871205650616169 0.1993532709830002
0 0.3254158842196766 0.5860687770215812 0.21029538431324346 0.21169993502377052
0 0.09635204256870158 0.6592364654990249 0.11613981444661438 0.1365280808619212
0 0.9611406856108893 0.4080966954429287 0.07771862877822144 0.15606257482333993
0 0.8868685993438656 0.8518637400516441 0.1500174232854974 0.1769497326517763
0 0.942491903554733 0.706115468742857 0.11404364198469352 0.18927268815165676
0 0.7259623398166878 0.2489432098370192 0.1911345409215484 0.2225991010339632
0 0.4613031177510582 0.6059984651515188 0.1524772101106027 0.18670512536204079
0 0.055968344887778014 0.5331282550104318 0.10706985137600683 0.22971804848240204
0 0.06448050395609255 0.7571059716027635 0.12152089863471335 0.23536578935937305
0 0.8475601568743826 0.49753015304254605 0.1667324650199022 0.15869902008516548
0 0.44497885936031845 0.4848961048424926 0.19088280790088186 0.1793298702647325