0 0.1826927478348504 0.8242502601398383 0.20718922080245383 0.20946589658954606
0 0.3636725715421511 0.7328890137349447 0.2441711858761399 0.22662126205484648
0 0.17267242324729384 0.6036787344450224 0.1822264864979986 0.1932212939716534
0 0.6777577658659155 0.656444927243971 0.21168882218814827 0.20502250942081693
0 0.3421827895902541 0.2578188873372447 0.32238750770934566 0.2899602994010832
0 0.4700916694352158 0.0899705946494088 0.19443204574495299 0.1223809773426398
0 0.8922623036601637 0.2680996731790439 0.20654075594173313 0.274005437604429
0 0.49017890072975984 0.5492335684776273 0.2079594481074487 0.22148512735877682
0 0.37674336473861825 0.9021185432526321 0.33838332225913675 0.1957629134947358
0 0.522002185265637 0.7122770076743239 0.18386010534685007 0.18138421577190436
0 0.7394750818638707 0.8240695269786331 0.35268095192662724 0.35186094604273366
0 0.7701430254422554 0.9706324168620772 0.17325956674333462 0.05873516627584562
0 0.6289322842093283 0.9534577006132073 0.28987654581594147 0.09308459877358534
0 0.03755893442087542 0.7748954302599909 0.07511786884175084 0.21806009128921253
0 0.05852894343640795 0.6053152687538035 0.1170578868728159 0.28755361443068383
0 0.19405614412073618 0.38307134599962106 0.19997768234091542 0.2089194388811013
0 0.2910752242240951 0.508783444310531 0.23640434679274278 0.25473880562307427
0 0.08865220068432823 0.3835791021409269 0.17730440136865647 0.223888973512623
0 0.13694589285004352 0.19999538238478076 0.2471589308572572 0.3105737248699804
0 0.19915025862509575 0.0585700466056831 0.22669948274980853 0.10329649793076646
0 0.566816957719283 0.1637267717984042 0.22346084325751825 0.23940496585258936
0 0.7065338264616515 0.2262475419902502 0.2157871684129829 0.2316469696826062
0 0.7052890060766098 0.39644730611433043 0.21788292364483114 0.22702142994439548
0 0.8059747366328751 0.4837889422484428 0.2595794167873478 0.2804166402868698
0 0.8644248149331274 0.6271103680400808 0.21261309495414202 0.21944558634389383
0 0.4549970566629743 0.4197528991500358 0.22463232572337277 0.22035634919130176
0 0.5054243142942308 0.8390433198349847 0.20161130118976678 0.19708236068135213
0 0.10489890974529242 0.8945426996521305 0.20979781949058485 0.15927770699656862