0 0.7691502041727468 0.3160994976739786 0.2028340147339646 0.19919660367659406
0 0.5926955581950508 0.5015479258099451 0.1618007929558084 0.18767788318305634
0 0.29620092158010053 0.2591874244434341 0.1398724625363432 0.16984331170005207
0 0.21963785215127582 0.5106362887308561 0.16669240384488643 0.1927094973587667
0 0.1554628340469258 0.8793434570838706 0.19566443556311874 0.2012645670284134
0 0.442200688066695 0.7158721549892417 0.1887046528457372 0.21535176114946306
0 0.1741170922832522 0.08629814818265784 0.18061196927964943 0.16453510911666683
0 0.10577866758477136 0.34895618343141904 0.21122041333490213 0.2668401787863134
0 0.06267119068613451 0.6605868292291753 0.12534238137226902 0.2586736584583508
0 0.6454786288762973 0.7854849882261614 0.18604905094773405 0.20081672329237732
0 0.7764462849702198 0.7939907052834987 0.14442839909987873 0.1556441566449932
0 0.7089829220841111 0.9295822559951623 0.1708707067921864 0.14083548800967532
0 0.9425296553455114 0.16900064706554146 0.11326231768126423 0.15899635681056837
0 0.4703417232775134 0.13738493891738612 0.14679028596303184 0.15335227142515606
0 0.8355414991319232 0.9230476321776515 0.1225839872617993 0.14261727746968125
0 0.7353799169623627 0.6657734853944134 0.2003882092894254 0.19668079658873905
0 0.9038622977084209 0.9163265731352871 0.09972038586273677 0.16734685372942584
0 0.824331661470211 0.9919456187549986 0.2076119143353187 0.016108762490002704
0 0.6345956524791361 0.9785795428503121 0.15025528096855378 0.042840914299375754
0 0.31633170954650036 0.897662147354782 0.1618007929558084 0.18767788318305634
0 0.43433605083060345 0.9470989931275989 0.18242838536379594 0.10580201374480215
0 0.49360183192389234 0.8722374298505982 0.22459450799065822 0.20741579054421366
0 0.4964009378159572 0.5740485458396661 0.18832701922950187 0.19371714576484786
0 0.3754533628911785 0.6117197299084463 0.15362419080833484 0.13205353884256774
0 0.2470695566982282 0.7308417808729732 0.23433577047812137 0.21507517274178822
0 0.048470076800876546 0.8691616399437456 0.09694015360175309 0.1758232798874913
0 0.06975076798341708 0.4913955777180441 0.13950153596683415 0.16548346312839585
0 0.10879973651465516 0.17587926035449597 0.16593713661241546 0.14944026658953585
0 0.28275172140395033 0.06489408252075565 0.15084271103825322 0.11030696252394331
0 0.6340340378378624 0.13177712858384505 0.21021339035827408 0.20914787109400573
0 0.8252866645860565 0.13226456129909991 0.18500006868041352 0.14072056944622333
0 0.9132313861172769 0.5381293258847636 0.15910323176711244 0.17073899917212423
0 0.8978554120926195 0.7298772135224108 0.17238124125712828 0.24341418845755397
0 0.9296475293482633 0.42461839918112526 0.12996336288610877 0.15256854488709293
0 0.9582507405112518 0.3020518925321475 0.07619760239694419 0.09962463510812551
0 0.32090800200083314 0.4287442059537685 0.22965395604250757 0.22206278933530862
0 0.4647550543231895 0.3885308815273047 0.25841619130727567 0.21859862823572443
0 0.5151397383882182 0.25855856174594644 0.22657876123757603 0.18348928993976116