0 0.69272024884402 0.20931053426287155 0.21537054075836737 0.19465728002741134
0 0.5599967537801329 0.4414363722274163 0.17366468965327705 0.1821625374577611
0 0.21903676654609178 0.30249133330070077 0.15085342118307382 0.16508387283943973
0 0.19805861096975066 0.5681443045830784 0.17897666185479283 0.1894300184840548
0 0.2130964043598365 0.9198462399623094 0.20546950952977083 0.15611182771874008
0 0.45709446568374634 0.6936312758287445 0.2021241169208784 0.21131637541006884
0 0.07904127646371115 0.16611628409146903 0.1580825529274223 0.18219050874013887
0 0.08377371876383788 0.4484143651153153 0.16754743752767576 0.2618251159232156
0 0.0748312673066577 0.7691879702418887 0.1496625346133154 0.2544457497674114
0 0.6694986637032486 0.6959635096460185 0.19871171097938556 0.19686532720461422
0 0.7990877227303295 0.6632310316800053 0.15482064700106035 0.15312058463496406
0 0.7639551035277533 0.8221645906576275 0.18126295469336803 0.15342826874111773
0 0.8536933345363018 0.04235763789601642 0.16761333092739641 0.08471527579203283
0 0.36430080558940303 0.13146777328258974 0.1570563998569655 0.15074470976349558
0 0.8842396945439968 0.7679233680776982 0.13234556512673926 0.14084961232433485
0 0.7323007836663907 0.553521218356788 0.2129666946045215 0.19462930874503379
0 0.9243233893273111 0.7614522265338522 0.05755716109422693 0.20483040615971995
0 0.8663877383294967 0.8858237147456702 0.14955921478221512 0.11222722873720195
0 0.7069186956772799 0.9165019875875573 0.15609838005198912 0.10269575796895006
0 0.3725907170033883 0.9059809045561565 0.17349659635533604 0.17975869130391522
0 0.5018353527596219 0.9296968542819617 0.19160125248318766 0.12952966361454415
0 0.5402293179221199 0.8271697660725912 0.23750943603680624 0.20212056003034845
0 0.480989543949162 0.5408332030064368 0.20061127723940822 0.1896817600254534
0 0.3700934675927267 0.6153812471233593 0.16275509863703383 0.12919400822601299
0 0.2704772354811572 0.7690604153405616 0.25020103999780147 0.21187580105762074
0 0.07939561630884331 0.9443190984429379 0.15879123261768663 0.11013106668950948
0 0.06233274665171874 0.6000245005018886 0.12466549330343749 0.162931768226992
0 0.05398601846263773 0.280536732299371 0.10797203692527546 0.14565730463202722
0 0.16517653807368993 0.1109668368995815 0.16035125248318766 0.12916603694363543
0 0.5225426551733615 0.08768275792000133 0.2241454588840463 0.17536551584000265
0 0.7072268124496275 0.0408768440606313 0.19131560586997573 0.0817536881212626
0 0.8853646877140344 0.37400028295308263 0.182271514481015 0.16785134566419468
0 0.8889122402536083 0.5637083301302854 0.15830006627515386 0.23722722873720195
0 0.8839018280487948 0.2575256296210546 0.16409984502056302 0.14842477745678223
0 0.8879190338830119 0.13137964910888672 0.11025720983097095 0.09976045744992941
0 0.27902416371837985 0.4579161804705614 0.24332568813214522 0.21659957951818035
0 0.41102530557427186 0.3735149958380447 0.272003748680358 0.21453138875286548
0 0.43279394762408824 0.2339520625030797 0.23823234921124098 0.17811006977426433