0 0.2147320575112044 0.8836835111659174 0.26316076091869817 0.2326329776681653
0 0.5057007658349032 0.7117132089431225 0.26878479325477905 0.29300589807094635
0 0.7694322918283352 0.3841349360527294 0.2139637730827372 0.21613548768752616
0 0.6512108301595588 0.2412377562480256 0.24308994311865023 0.2222867112033266
0 0.44626460335089135 0.1388930975991602 0.30939387022129416 0.24934811796003148
0 0.13536620689725493 0.448607151809373 0.18173371641857858 0.1978530724684859
0 0.05713564003847988 0.8654735569761436 0.11427128007695976 0.20690865241382556
0 0.6558841222485234 0.8645353228954096 0.21989153014946738 0.2355901787863134
0 0.7298884945695545 0.7113082681136529 0.2358546961162218 0.2627042520826752
0 0.7594798628214264 0.5343193402011096 0.2275705099774254 0.16163075268712773
0 0.8987595669239324 0.1708150413521665 0.1988406556852612 0.20344449131424136
0 0.07658603253155297 0.1542149977727045 0.12490516583643958 0.16883566329397104
0 0.0613632754105247 0.32066652032796267 0.1227265508210494 0.19103008334863153
0 0.04537159534288812 0.49787937010852396 0.09074319068577624 0.1496048940632018
0 0.6986447409638475 0.10967165012071274 0.23634584602353131 0.14765551950008685
0 0.09715761135889463 0.02862885983283101 0.10856939266682614 0.05300320417331958
0 0.1975946802522492 0.10441262200068455 0.17211833180319397 0.1974052287324499
0 0.28224415408506426 0.265029098427036 0.24876139253651133 0.196180286313046
0 0.3634041582410998 0.38209644174913415 0.14063573269521462 0.10963519691988921
0 0.4581353364804886 0.4937699548236664 0.1558988581875701 0.12473003944702026
0 0.574616308083252 0.4389359648759362 0.29296326288812036 0.2965293535648824
0 0.2073545592634352 0.5989924584832902 0.2358784046571119 0.22195082840129962
0 0.29482790353473576 0.7525093573821123 0.16336670429797806 0.17062703823811523
0 0.06958562778756458 0.6409938439265506 0.13917125557512916 0.200256918622332
0 0.8053081668355195 0.9048210192766637 0.19825691476485202 0.19035796144667272
0 0.8808170653888929 0.6857979229452885 0.1749184937007893 0.24548215180937305
0 0.3714579884223777 0.6162771670782922 0.15827899580052623 0.16559542406240488