0 0.2834857266038804 0.42991711535601457 0.29675327543290053 0.29280800853990496
0 0.10092857733701482 0.28780651640852917 0.20185715467402965 0.2801561979521724
0 0.5589467191599353 0.46547897987839576 0.24861705796162534 0.23806235788191502
0 0.6137344922737517 0.8603280669800436 0.21406752433570703 0.21746029950234366
0 0.6960876744962656 0.7406071533212427 0.16660307246848605 0.17713772576743053
0 0.8701921295433555 0.4024117352461199 0.23028197620292828 0.2565095333133687
0 0.7613704845076575 0.07880865305710445 0.3089898002154542 0.1576173061142089
0 0.4840588226131063 0.12842214121126683 0.2674592778507105 0.25684428242253365
0 0.2942702513206167 0.07090837563637102 0.18907408093082137 0.14181675127274204
0 0.09640410129169262 0.11983113331404176 0.19280820258338524 0.17379927183345495
0 0.21794289782155152 0.8068760998543035 0.2340820201045394 0.23507081637858215
0 0.446637537384268 0.8935288711914482 0.183541956479418 0.1802272164956777
0 0.751145586312014 0.8463314996214584 0.138145467964016 0.13279105352414078
0 0.7201493335261605 0.3785344594926533 0.1773380664239606 0.2015679842055498
0 0.06712649519728843 0.5269137017258145 0.13425299039457686 0.22501875039452474
0 0.0661007092652717 0.7152728025155372 0.1322014185305434 0.2560728519446957
0 0.09958164312708297 0.8442744587894063 0.19916328625416593 0.19562978566789943
0 0.11711302570915534 0.9369470173153474 0.19276216389842352 0.12062080877409624
0 0.38306745880543946 0.5842122210011678 0.20495264999601537 0.1763010672122155
0 0.37721584303979483 0.7356055540810182 0.1601752605450106 0.19367080116961033
0 0.4880726684517404 0.7250902743503382 0.19897268180857614 0.2024495272297799
0 0.5098754033863216 0.28273360743018866 0.2449816415336801 0.2115221009646929
0 0.6806934023679312 0.1953972901447884 0.19232094801708263 0.21417491032426733
0 0.9122231621837918 0.5302604430555232 0.12853008334863164 0.13239925662448307
0 0.8354547709523382 0.7361280213531278 0.1473130088433648 0.12356746580841414
0 0.8530983816918479 0.6406373775391752 0.1512843080733367 0.15731926118717451
0 0.22754189094915045 0.6265386637033848 0.22289918241302864 0.2010251733250783
0 0.6414216259495489 0.6264693454825655 0.2786354876875261 0.21289339011349503
0 0.3427290958845285 0.2139668485529607 0.24342081631224902 0.28103774097640244
0 0.6079721743975397 0.07061353220297933 0.1398248819741513 0.14122706440595867
0 0.875951311641172 0.8196524991537489 0.1773380664239606 0.20156798420555005
0 0.9166850299074144 0.6920303123155663 0.1110973169167015 0.2732466874522616