0 0.589238664453434 0.4747652232607675 0.23345084996237553 0.265144582787905
0 0.32777946606372227 0.48041072098727755 0.5760311249710964 0.5941418294428276
0 0.13224710127287362 0.27171759527773076 0.26449420254574724 0.32988471230598126
0 0.19407637721551696 0.7193822795774197 0.22556297956732843 0.2119799512135301
0 0.8377674578819659 0.36206671337021856 0.29237952196771116 0.33086476897013956
0 0.4386505027513108 0.7362814498522436 0.19403296337756887 0.20535215367240084
0 0.6780838948317203 0.07761999420032929 0.22911059902110284 0.15523998840065859
0 0.48242273769829624 0.8690885835046364 0.21594759495194374 0.2114199188340109
0 0.5619929925784132 0.6751945066467168 0.2129600078776884 0.24238990264425142
0 0.6913998828414347 0.22205877395150211 0.26995227509559727 0.23373086615213515
0 0.39632015795875114 0.05897721066234612 0.2362058379286516 0.11795442132469224
0 0.2058325708844958 0.03290751017289753 0.2037194736156238 0.06581502034579506
0 0.1695885749753739 0.07199908506139495 0.18346123063891595 0.1439981701227899
0 0.32146388279799637 0.1980869517347892 0.20857233985463547 0.24932142491603043
0 0.2763220048944859 0.8703119719719887 0.24507376498785718 0.21790770828026057
0 0.6733529360228505 0.7992737213347836 0.32773717380100464 0.32094565962410554
0 0.6392683328891504 0.9114607375028242 0.3229080161028831 0.11463491467797564
0 0.7287910167761761 0.5672562719820801 0.2777001373957647 0.284491651572664
0 0.8760523038620591 0.17776431258679362 0.21015984598009313 0.19431297956732843
0 0.8506944981174545 0.09898556761894454 0.21695136015699254 0.18752146539042924
0 0.9529635265146909 0.1529213652903886 0.081472218431439 0.2059833116745902
0 0.916079883058626 0.43656335717378975 0.12219759495194402 0.2059596031337
0 0.8178874299842693 0.8267909198548101 0.16572313337004402 0.2540128176697328
0 0.5186955669673707 0.14347706528029722 0.2593331252751643 0.2570692872161979
0 0.08906085039675819 0.5253696600150497 0.17812170079351639 0.2569529876622082
0 0.06141774120275785 0.733290498052297 0.1228354824055157 0.17284208081848307
0 0.09432525137565538 0.8441711458598697 0.18865050275131076 0.18665770828026057