0 0.5264423076923077 0.2930412795912273 0.24278846153846154 0.25878202490225455
0 0.9387019230769231 0.21132134469436792 0.12259615384615384 0.21842439642817577
0 0.796875 0.7785587309091654 0.2283653846153846 0.243266032562288
0 0.27283653846153844 0.5911045295176873 0.2980769230769231 0.23652922630802303
0 0.30408653846153844 0.7678230845759655 0.22115384615384615 0.24031572869999707
0 0.06490384615384616 0.8664761113932282 0.12980769230769232 0.14204777721354353
0 0.8425480769230769 0.29192475516593863 0.2091346153846154 0.21296265816028165
0 0.6105769230769231 0.46214670889014137 0.2932692307692308 0.252991844245983
0 0.7367788461538461 0.0831181329317139 0.18269230769230768 0.1662362658634278
0 0.8930288461538461 0.06396805488976244 0.21394230769230768 0.12793610977952488
0 0.3701923076923077 0.9154581196844529 0.18028846153846154 0.12423836578804143
0 0.07932692307692307 0.4699505036686465 0.15865384615384615 0.21394514650886087
0 0.8305288461538461 0.8829797487825772 0.19951923076923078 0.12329174019004768
0 0.14903846153846154 0.07834301532006725 0.18269230769230768 0.1566860306401345
0 0.8774038461538461 0.5777450813699943 0.21634615384615385 0.24956680817641866
0 0.125 0.6936530663869581 0.24278846153846154 0.2227243325945621
0 0.5552884615384616 0.054628737945153376 0.1875 0.10925747589030675
0 0.1814903846153846 0.8636513271579873 0.18990384615384615 0.1802554376044293
0 0.8786057692307693 0.4983270820083304 0.24278846153846154 0.36455125567148516
0 0.021634615384615384 0.6437933191823582 0.04326923076923077 0.18837490009682212
0 0.6334134615384616 0.6431085671723741 0.2548076923076923 0.21642355698043156
0 0.3016826923076923 0.36415908329929303 0.27884615384615385 0.2735335442137089
0 0.6009615384615384 0.90518301147576 0.21153846153846154 0.11458711842207073
0 0.5492788461538461 0.7901089071042292 0.30528846153846156 0.2514987609395449