0 0.19851563286489307 0.3110289132793887 0.20930412720950908 0.23802913101010775
0 0.7176188471943349 0.0716503934613475 0.1750628841257334 0.143300786922695
0 0.5993162851931438 0.4298979967142612 0.1892342195074116 0.16434395245460573
0 0.12287670873524396 0.11749452190685533 0.189709731307831 0.2052093370699904
0 0.7235479169930736 0.4570520636093711 0.18266602054055825 0.2190437412655234
0 0.489943811389086 0.7492166899586046 0.20413280823090793 0.2063866825250784
0 0.863639778497271 0.19297287502590207 0.19999642670027823 0.2636865417323567
0 0.18743680831656828 0.806392867592376 0.28460655388531286 0.3114197748357549
0 0.05692646568817965 0.3430388358954465 0.10792301951230655 0.19373002051679933
0 0.7971597652156603 0.5797711055647002 0.1436170851490899 0.16542338415451935
0 0.8853845948807688 0.033041984367047375 0.15057688206922995 0.06608396873409475
0 0.07431365647796892 0.49320568601140885 0.13878142155902 0.16262708951564384
0 0.42630760619153674 0.24310876408664892 0.20404889438377508 0.19917514406353995
0 0.6546204165034222 0.6335137556866308 0.18199470976349547 0.16135143357321569
0 0.574941326200837 0.2995505885566121 0.15077268104587313 0.16120436457437107
0 0.3246179723228665 0.10147697423878453 0.2621048287469917 0.20295394847756906
0 0.9590392420922359 0.2236835559081111 0.06434610463692209 0.1637556764592276
0 0.3518197149659397 0.6654495487050176 0.12670624822503398 0.15683827599537828
0 0.05679975285216638 0.22875803146649684 0.10985135386573336 0.1530608601439294
0 0.4184446370513228 0.911451529355302 0.24888283283552382 0.13078802005593404
0 0.7211423867085995 0.25032129437860184 0.16083560617929968 0.2004508000059682
0 0.04483983290894698 0.6484008319333303 0.06686183592027868 0.1735672853171269
0 0.5677488257723715 0.9221221647809309 0.1425821477011184 0.07648107646221164
0 0.013417794888111139 0.11921118647973435 0.02571673848111798 0.14619301165591592
0 0.803436791913491 0.809044076893236 0.35602265644125725 0.2572103482650411
0 0.5709011600279008 0.15912181279912677 0.18221848002251634 0.18058220280398485
0 0.192930639107826 0.9683581466132194 0.22394929026097884 0.051902700707710366
0 0.44214407493999686 0.46678914613743355 0.19675344207510376 0.19137493287445745
0 0.8729614646476909 0.5395437472866127 0.2540770707046184 0.29042298742235356
0 0.9810794410713266 0.6930713838793252 0.03784111785734668 0.20324749137700948
0 0.2660636072687371 0.6363578170065961 0.1362377189932858 0.15041163450389833
0 0.6040087241100696 0.03360568274059053 0.14551744822013918 0.06721136548118106
0 0.9455671887699976 0.7825532090555067 0.10886562246000481 0.19471114172937257
0 0.2403188975052416 0.4916854440471274 0.18003840412769115 0.19961674779223934