0 0.7500518793260971 0.6256527143688364 0.25181133808357825 0.3115086557954482
0 0.6698562821518925 0.8018389332191034 0.1779031128568692 0.16687231669804975
0 0.8655691580882224 0.8759168298470186 0.23090189414674084 0.24816634030596282
0 0.9423997476500301 0.2626867316610313 0.11520050469993984 0.33722373476138656
0 0.4442846436036924 0.2357183774653699 0.25414523945800493 0.3091187948094169
0 0.12416470775656174 0.6328268858453896 0.21965205595112464 0.28007684861385607
0 0.5457542929934213 0.41897009187026946 0.1637598150514704 0.1764037903065458
0 0.6030819924070421 0.11767199167748404 0.17671405160673742 0.12600693208266536
0 0.8141621997886122 0.22705478561654086 0.15825267494958312 0.1523373584324547
0 0.36918778914578315 0.8349395638891155 0.14835751121652027 0.14266603314581078
0 0.7069775985135354 0.3429980063585987 0.2051847579022111 0.19587230739016653
0 0.8970930855509723 0.6998510876334763 0.20581382889805538 0.25363454092154836
0 0.7536596711116642 0.9537131784033709 0.22395163733062654 0.09257364319325817
0 0.8904911781055548 0.9891353469306394 0.10413477718899927 0.02172930613872108
0 0.5415395407749283 0.8936248184962738 0.2727722293275814 0.20587927670436557
0 0.5664117040209615 0.7159150177093434 0.2120907935924887 0.26801566234118085
0 0.27174878128987157 0.08810480033371874 0.21176679334897391 0.17427964750899558
0 0.15244364516709916 0.07659522683457863 0.17988729033419834 0.15246322494278783
0 0.25174139330415873 0.30910480964160214 0.2974844150066552 0.31177437398392943
0 0.2734130036332818 0.6409055047114454 0.1837342532022714 0.28467476340432624
0 0.3838850095410757 0.6379430532001569 0.20072678949161632 0.2078635678237678
0 0.2170460336592803 0.8100200367783218 0.13062130600714358 0.11131813697110715
0 0.8362200969404092 0.11782662987859623 0.152815479627115 0.1306747727122097
0 0.381276532675502 0.05269042574550708 0.16639921919715783 0.10191252987294463
0 0.5409924123474322 0.048812747097498735 0.18294636315640295 0.09239504143226357
0 0.8714404744498653 0.4196631590322513 0.21452036339991748 0.1863128634460412
0 0.425781068375499 0.5084010790809456 0.17734355462151322 0.14764154746728067
0 0.3090659116460464 0.9163067187567001 0.22768443429344332 0.14312754368369915
0 0.11572190947385287 0.8382718209923469 0.188637613942966 0.20538979583084765
0 0.6934802786403681 0.20952860414887794 0.14891706945187622 0.16189680237658008
0 0.5297630941788678 0.5714954487130744 0.1688472864768407 0.18604714525756