0 0.21155600530993726 0.6774387589972017 0.1985912731919248 0.17525868310237652
0 0.4171263465087887 0.13696665646573172 0.2029368291166203 0.1681030872055932
0 0.41166097731209533 0.6701589764603474 0.23603537464860766 0.19731286772265585
0 0.8727036171877219 0.15677420524649804 0.25459276562455624 0.21453138875286554
0 0.1399456543856682 0.8531564420628667 0.18284266834199442 0.19188980720265647
0 0.913604749559872 0.4346422062747497 0.1727905008802559 0.20388106668950948
0 0.17787908816764703 0.2831100902781109 0.24050269301757743 0.2670244061841945
0 0.5914374756793596 0.0645312862336327 0.1780672590510268 0.11737057643342551
0 0.20688297228611205 0.09848944823237636 0.2599197907260703 0.19518873439258588
0 0.6139281129852071 0.4154928246951711 0.2357272837266098 0.19250517541496356
0 0.2977273371099199 0.5415243938818866 0.17393662980946745 0.1653635856632158
0 0.4190694585427514 0.8419920195367809 0.17230301096061604 0.17735484515006908
0 0.9229477910100243 0.7676588124295749 0.15410441797995134 0.3242132307937051
0 0.9741558902376698 0.397047777566917 0.051688219524660454 0.20994578257356597
0 0.7565340352528628 0.7666510041986668 0.1654927276599375 0.14604890258531356
0 0.8876727827043769 0.964504259535802 0.2246544345912462 0.07099148092839595
0 0.0827855763267751 0.4297298779562234 0.12521124187182384 0.22965206360475457
0 0.4403194004174121 0.03034514364929796 0.14025418545020876 0.05207513232629286
0 0.7063129324190045 0.8779789415732152 0.2924630356361992 0.2440421168535696
0 0.08715280097680124 0.10430242257503447 0.09661229772553079 0.19569053334475475
0 0.5109995112161764 0.9239588605371318 0.19751295496493212 0.15208227892573645
0 0.06242437953261393 0.7117342605151047 0.045977483033762596 0.1926992902609788
0 0.9547226510208144 0.5782304780761479 0.09055469795837112 0.13604192001664253
0 0.6843130297015663 0.6517130872667791 0.3027877663344415 0.22691424619300532
0 0.5576508126473024 0.5493529846863604 0.1918418711133833 0.18238630771678205