0 0.912837138929921 0.2083781006430465 0.16609798724734431 0.18546162087803447
0 0.42465229096243856 0.08679567682024694 0.21540336577914013 0.1574966121364301
0 0.4825222521223586 0.8749607704781214 0.22923056706584596 0.25007845904375725
0 0.14941400497319945 0.46567753496388276 0.215599264228969 0.16230430444412242
0 0.5565067451891532 0.2454583360350847 0.20529005475229886 0.26301408716150393
0 0.09007690406570817 0.09178064310625117 0.15761310886191796 0.154085743005956
0 0.8775467869566244 0.6612093856081966 0.20220056402405143 0.2461452047938881
0 0.061157341855292896 0.9436923489005556 0.12231468371058579 0.10373085164726512
0 0.6001474292496798 0.6503534721485593 0.20804081333678764 0.21261723651212022
0 0.912004677626997 0.9297738364729254 0.09521105808683245 0.14045232705414917
0 0.15752134840659113 0.2962273607630754 0.18929979023059082 0.2243007929558084
0 0.36955364621306713 0.34683673763473727 0.22574927943794088 0.23454556693158557
0 0.6630534880969609 0.49388759240291774 0.14760592734687542 0.14430252122780018
0 0.07466620816102683 0.8044580887855965 0.14933241632205366 0.20738995129749982
0 0.2486329081034887 0.8053900062418304 0.1732115764839682 0.18318365259626673
0 0.04321312518296195 0.29889512924543327 0.0864262503659239 0.2972675299694044
0 0.01760852535894197 0.6928321834413527 0.03521705071788394 0.16451052072885922
0 0.8846194747588269 0.0743772090348853 0.23036925358268853 0.11211725024820302
0 0.38614796665803053 0.5299486382339732 0.25273439801072023 0.1893760014968225
0 0.07464680675688874 0.5797614123370204 0.14929361351377748 0.16850881992903302
0 0.0665261971345222 0.899284133990441 0.1330523942690444 0.18799134490395902
0 0.8372323935085958 0.8240834940000354 0.13750079660691866 0.13211545329579785
0 0.263384545366143 0.9421621996746746 0.22835720432850024 0.1156756006506508
0 0.2671065088040432 0.14538737949363628 0.20053542720050602 0.20527982017850338
0 0.7416518736477643 0.2474872783415096 0.17242798268465265 0.16395288336549763
0 0.6582171647851733 0.08125034340206691 0.1978907981278158 0.14037597402465724
0 0.7747037625045006 0.4104392220225567 0.16437978566789915 0.20224658466426468
0 0.9082947704017257 0.49696551697666347 0.1516749103242674 0.18520986513387755
0 0.7477554552227008 0.8866321603374547 0.2885431271126841 0.2267356793250905
0 0.44578908704444614 0.6897563648818722 0.1145397765425161 0.15813816808117748
0 0.9123821054701828 0.36713684502362476 0.15035668593136448 0.09390567057841646
0 0.5587045210889895 0.457185614381664 0.1696323396311488 0.15429553945942012
0 0.31823831705322836 0.6911382917059214 0.1831738735299956 0.13291267981896182