0 0.7640969577541404 0.3452435664993404 0.11527928230530166 0.10869383016683047
0 0.620070404976256 0.20132427383955823 0.12338650823891208 0.1284288792914231
0 0.673366589045036 0.3256348673314236 0.12075874021704788 0.12345309368578966
0 0.5722404231098317 0.2703299324430319 0.11527928230530166 0.10869383016683051
0 0.5600202898150638 0.35147237513100715 0.11527928230530152 0.10869383016683051
0 0.5957618047358624 0.4902313155372847 0.1427292384036904 0.13217747182879827
0 0.4812761907506667 0.41108128239970776 0.1157271260413376 0.11830921478221512
0 0.3906874301727474 0.36254238273666645 0.0980045154923425 0.09790179246585796
0 0.5565460087844846 0.9107626890866355 0.18868553158913753 0.17847462182672905
0 0.437502957629443 0.8590036268384977 0.1109194337336453 0.1179730281863329
0 0.3357083400175322 0.7662709832675496 0.24951274543369736 0.2642373903423256
0 0.23456891837293745 0.913322553509195 0.19064153400694753 0.17335489298160994
0 0.31319478494653497 0.08460426867925869 0.09800451549234247 0.09790179246585796
0 0.4641596017056306 0.1313358854062128 0.08794128714092181 0.08761403465870882
0 0.8245092889871881 0.21320835801070817 0.12338650823891201 0.1284288792914231
0 0.9178705614965518 0.6164573886726631 0.12081803461140012 0.1761696157724638
0 0.877288214994585 0.9621674114896409 0.09292023477697543 0.07566517702071816
0 0.5215585732045731 0.7889135984733718 0.13948899917212423 0.1654951313867622
0 0.9427192609918572 0.1865051137300838 0.10918735318385313 0.13222801181146865
0 0.24505069956112263 0.04607571688511976 0.12528321626237013 0.06626506588730535
0 0.19115162976677869 0.6078445670357199 0.12031089648101187 0.11383770907040504
0 0.7787933091575447 0.44394408211363867 0.11527928230530139 0.10869383016683051
0 0.8986497340478253 0.4595602854722337 0.17275429598428632 0.21094957502922773
0 0.6879310959503459 0.7378439427333686 0.1334497365903327 0.1387166370985723
0 0.12985373099265404 0.1634274718287983 0.16710358274417894 0.1410699432697481
0 0.10489987656698714 0.05195130560453417 0.12193101609679495 0.09717887929142312
0 0.20149825252952175 0.10091043851242822 0.15474846917292118 0.13301793831850398
0 0.30452112648818414 0.2190515599967022 0.16347479417092878 0.2174887402990016
0 0.41111035884734926 0.07939281647664374 0.13931774384376305 0.11037476314624178
0 0.667034346567784 0.1250230301255755 0.12249082076684012 0.10919811006065389
0 0.8366734418149514 0.133267838399656 0.11242759241541943 0.09891035225350474
0 0.6853429169077004 0.5604048305849413 0.1658193459304229 0.16494031151026844
0 0.766757508751576 0.7023575436521002 0.1768309282935725 0.14414616261535876
0 0.8716244241940394 0.8326859892035461 0.1603991824130285 0.20289757007798342
0 0.7576853591694985 0.9352504922155476 0.1870061175790022 0.1294990155689049
0 0.6647421050500424 0.9750611753813175 0.16782801488788998 0.049877649237364846
0 0.6370255023260215 0.8211045849619782 0.14982881593121977 0.1302779055687756
0 0.4054626032366848 0.9588566454799285 0.16369208818425166 0.08228670904014297
0 0.4510798778417095 0.5416118878818349 0.23978539988430375 0.2611611709967151
0 0.2289809916034819 0.44287842556767626 0.3110117248823115 0.3500023987236822
0 0.0883593055308295 0.8643672589555637 0.176718611061659 0.23354221021881963
0 0.08182616052804029 0.6483825616966272 0.16365232105608057 0.27272666185479283
0 0.05474504835620216 0.45757947239544 0.10949009671240433 0.14592817556011076
0 0.05361724327221921 0.33257947239544 0.10723448654443841 0.1591745993975997
0 0.09611094324727976 0.24065322868145722 0.1790108525794007 0.13950656360560756