0 0.3305132582757325 0.4391463063802312 0.21798241848048505 0.29637839681470174
0 0.14370632543771436 0.3754702132610832 0.2874126508754287 0.3903635034452434
0 0.11463640890652377 0.13667424753194352 0.17661356782376775 0.206982349211241
0 0.32342838767967663 0.21019259522205266 0.23690551401932872 0.2448385278136154
0 0.15724673407816026 0.6663103278851328 0.241853058005169 0.26921317594795924
0 0.2631060670830378 0.8648962488742822 0.2079474788306565 0.22359063900755252
0 0.4362669011668497 0.8620850844544707 0.21306284483027446 0.2758298310910584
0 0.512974810699096 0.49158485856221873 0.21774467062763356 0.2555130121993171
0 0.6205131651968986 0.19489442521008998 0.21995272443207242 0.22202725934341214
0 0.8091085968049119 0.6397482270117945 0.19583035188672218 0.2059232494409238
0 0.8489950196732607 0.8108750438460246 0.20281812766322377 0.16796599087320901
0 0.7086349365065925 0.94230245403733 0.1570891100688877 0.11539509192533998
0 0.5840055434536845 0.8897405503032694 0.17905936948105824 0.2143619809707207
0 0.6338803619499583 0.3773933696131214 0.19344049090069093 0.2081590022968289
0 0.5455867618507398 0.673024703194933 0.24652089863471333 0.24551090100538003
0 0.16753879662226367 0.9553689895308701 0.1495978682510534 0.08926202093825981
0 0.3423498805082215 0.6780515887496766 0.13556637602679075 0.17287476314624192
0 0.28160421771382904 0.5788132865752548 0.14262407764236643 0.14693673534775756
0 0.44176926334682265 0.12347724374424499 0.1402062463207055 0.1443647958959702
0 0.7376365299090077 0.5241285049966375 0.1474457551178738 0.1496767680974858
0 0.8883811819208746 0.24128105869975688 0.18164502281649675 0.24578007426866175
0 0.799013127965365 0.10156409848850292 0.1904352825308083 0.10462552438350319
0 0.921887382457516 0.4756895653660571 0.1525611211174914 0.20289757007798356
0 0.94686124752927 0.7299424377972556 0.09964853539724644 0.19439182521558634
0 0.9675798344220161 0.8889072005556489 0.0561415567751639 0.15050076123726142
0 0.8807336991916291 0.9165995328693872 0.1838111211174914 0.16680093426122566