0 0.5533762706017635 0.8566707317645778 0.19359655541217954 0.16196863011857998
0 0.6889997626811973 0.9471330107373679 0.231050991348718 0.1057339785252643
0 0.10462727758878222 0.21087592594836788 0.15502311667008561 0.15648958915980218
0 0.9453020297516027 0.48157129307547397 0.10939594049679449 0.21119062062856414
0 0.28720969487863274 0.3125805650580225 0.24201118920886774 0.28055431818020515
0 0.87135435965374 0.8393937993198393 0.18353557955267108 0.24589344904973104
0 0.09308663782906015 0.3860839597896337 0.17397614507756431 0.24812945804080588
0 0.17448773585245783 0.6830577747241884 0.21400227758878226 0.21278507367489177
0 0.7264401294710472 0.18808953608396484 0.26057055675630364 0.2520438386595939
0 0.4474520903961005 0.07388921765428934 0.207404180792201 0.13577807817042908
0 0.4560434517458872 0.5978647402567117 0.21690967500512834 0.23446164835019992
0 0.3157291923345626 0.7636164135843726 0.18034843143493615 0.21219764360519214
0 0.2628864579435363 0.04183317807013394 0.17481137742553424 0.07754029969911458
0 0.23632135886437042 0.9136111257477777 0.1569793617017095 0.13730077921972578
0 0.9518562356764965 0.8912592251434719 0.07882739157061991 0.18639689185763167
0 0.8830688794685906 0.9732694368104708 0.1361819885431624 0.053461126379058206
0 0.517432488452725 0.9591163655080833 0.1703393859595087 0.08176726898383344
0 0.4648974798332267 0.25561037836848455 0.1966158531090813 0.18845289710158028
0 0.9539922271743057 0.19692532029816892 0.09201554565138864 0.21317487387548192
0 0.10305966872195521 0.09190652097832966 0.13400395282852579 0.1825542632358744
0 0.9648425346319982 0.7065407049135536 0.07031493073600359 0.19360843031917013
0 0.09360023848205207 0.924335701797708 0.14590927343910265 0.07463294205695448
0 0.7573065180014963 0.5851017850848158 0.3060198331182694 0.24322568056737298
0 0.93003869578531 0.1087443631305096 0.1297537520455127 0.1031853808682585
0 0.029672504965919482 0.8102849706542716 0.025998726326282202 0.1878776336162356
0 0.09488407689129343 0.8246390253491319 0.15563856821314118 0.18293189685210992
0 0.6876758899332268 0.43250559689845514 0.1714583887650643 0.13995638111772898
0 0.7381077435970627 0.7926148844855797 0.20522614507756415 0.2486749288198125
0 0.6968976136885687 0.3125230856596116 0.19756499561570534 0.12599485639227317
0 0.22397932823787403 0.1252544855129712 0.1637992491813035 0.1205997340148812
0 0.3635982306519232 0.13610158591161692 0.17850207680576935 0.13287072052826895
0 0.2967741540489855 0.5686531193786771 0.10532363952510693 0.08593886488440707
0 0.27689895326597264 0.48901150162155776 0.09850375204551284 0.10263991008925161
0 0.17683161210982945 0.4740490372116515 0.16296200695523522 0.18786546703188065
0 0.5409633789724899 0.7363105869094986 0.13271709960213693 0.1272658016974128
0 0.947900696457372 0.337403462780744 0.10419860708525601 0.09568012737187022
0 0.4338463201413465 0.41846350711497693 0.15798646422670956 0.18057000998895653
0 0.8948582800424151 0.6619917157781914 0.10113139876047009 0.11229725399532905