0 0.3810759078440178 0.24691031889428303 0.22754382492351125 0.24269161248828747
0 0.5353754245813502 0.8301082048158546 0.1349808516472654 0.16712634650878863
0 0.7443780788017096 0.755485195516368 0.3357047352622334 0.3864888435414724
0 0.7849430413355182 0.21982875836953542 0.22214870254611932 0.20872967541244344
0 0.906769031596032 0.32487618635885845 0.17622386987888533 0.1913797347303863
0 0.5726222496270618 0.20942332012948142 0.2499337075405976 0.2873472524065089
0 0.11974292207904136 0.1556052199505917 0.145813055692742 0.237454066814323
0 0.16675323676666043 0.4887546813470763 0.23521691558267085 0.26959605656359203
0 0.1848273957345626 0.7601277879291247 0.28224485639227315 0.21258081193741746
0 0.12015978521715544 0.338066459451401 0.14978156218657768 0.18968523465939782
0 0.4260390303486798 0.5597811334440742 0.20300185189673575 0.21230500403214414
0 0.054767323928164344 0.6920623250134876 0.10953464785632869 0.17837534997302468
0 0.23775607642413604 0.07780260997529585 0.23602630869018942 0.1556052199505917
0 0.5741896397358656 0.07456949769997391 0.3323899512974997 0.14913899539994782
0 0.8054474856402412 0.08533583732998175 0.1929668743744229 0.1706716746599635
0 0.953793618882271 0.10695913729164645 0.08947561188695975 0.17381486736519317
0 0.8971299375664867 0.5331939923190482 0.18853681568296593 0.2089768851123041
0 0.6797436145140037 0.46908712926995305 0.3109110064913009 0.341679158162252
0 0.5703598014530121 0.6141633061305605 0.13156998251679125 0.10927999335548194
0 0.19943047640476566 0.8864533158559781 0.17774657092818208 0.14105301096061604
0 0.4520921615949462 0.9242880581821267 0.15063291458478917 0.1008969724280891
0 0.3936892757296746 0.7623508328222155 0.2545316033948257 0.2756361125592761
0 0.6788360302264794 0.9337692236561869 0.16181295954016323 0.05359027665616076
0 0.3577060651878273 0.41648893608200493 0.21232352147727054 0.1960942627992168
0 0.3060145598191434 0.5578680218786374 0.15454729520357718 0.1875894794275495
0 0.3866686600905191 0.07892935272737557 0.15454729520357718 0.15785870545475114