0 0.671789728633724 0.8553546294123934 0.31687973213574183 0.28929074117521314
0 0.8697149949080478 0.42245058042756484 0.24856439142196834 0.2843292675933763
0 0.6966841105160865 0.26474386690224416 0.19975640834663913 0.21595852262040616
0 0.5087296389253553 0.14751088701036366 0.31072850861994145 0.2785724327790601
0 0.5196458299912339 0.38188588701036363 0.22687048164300094 0.23099705108653865
0 0.11299751701645946 0.6989897143146903 0.1729255513126475 0.2585563517063036
0 0.45111005948574234 0.8437300644422547 0.24722086021386025 0.25548311374722243
0 0.5680718915795744 0.5967233969471158 0.30748826938837526 0.3121143786523508
0 0.9135917259959592 0.6926884521833341 0.17281654800808172 0.2014794955570514
0 0.8629844394560214 0.9374510844330666 0.20852877202960884 0.1250978311338669
0 0.9462296389253554 0.4365399663870734 0.10754072214928921 0.28885519932158127
0 0.2669751590628033 0.13828212868167758 0.3320272412025297 0.2718644455800216
0 0.8481068909422133 0.834960966504381 0.2144034071377341 0.22110191576976518
0 0.884964523126802 0.23430815875341954 0.19975640834663913 0.2159585226204061
0 0.3233108579865648 0.3424981564170943 0.2686908481248097 0.3040076379463677
0 0.3557826646275734 0.6530139363153313 0.23279778329078332 0.25514741290555565
0 0.12134505630587372 0.5431033902264958 0.20148848889643123 0.20159139583760705
0 0.11208194598030183 0.36999849207943386 0.19757648406081102 0.22071026478782066
0 0.2227741439185815 0.4266027868534724 0.23755280905881876 0.30568413227660274