0 0.6946472456321929 0.3316200775529317 0.36306685304173725 0.3774941940164848
0 0.35343457768482806 0.5049155023169282 0.3803143946933041 0.3832819429883354
0 0.1643899494673784 0.263444141834149 0.2539936963679483 0.25156155443410666
0 0.2724818428195854 0.7947297046454841 0.24311645602863202 0.23657844513151088
0 0.13274330196552553 0.7992444049177414 0.1435072172843301 0.21881888247220943
0 0.6828023625760667 0.8590187333685075 0.2132187557458685 0.22287911722372272
0 0.8136932027122493 0.7257582557706013 0.19885670151538412 0.14072832370831415
0 0.7708162592625344 0.580873741571983 0.23746752657165204 0.22668304432636652
0 0.8986314635685896 0.08589456921914149 0.14026213398119636 0.17178913843828297
0 0.948735746175783 0.4637757093879361 0.10252850764843384 0.25557661525430053
0 0.5556480574205126 0.07298675122362147 0.22166272863062658 0.14597350244724294
0 0.5935320603935884 0.6395212758123285 0.2705198661642445 0.27644006454184694
0 0.9478176856379623 0.6890835028816256 0.1043646287240754 0.13977197558504584
0 0.9384946089324422 0.8364181587406397 0.12301078213511556 0.20182824275951652
0 0.9230758330313388 0.23038076605209448 0.1538483339373225 0.19263288242877125
0 0.36568209852848954 0.24447192340271 0.1729548776917376 0.17270207272360322
0 0.3381146911477918 0.1076723158957831 0.229113997680199 0.2153446317915662
0 0.12049197092735028 0.07155535223586554 0.2025224033931621 0.14311070447173108
0 0.12173366577300467 0.5353232105971888 0.16439103951296266 0.18416127111331476
0 0.4161111054891009 0.8346861582193807 0.13824948510128174 0.15872272862605558
0 0.8355517479889585 0.8513301424205655 0.17695075415085443 0.21837514964668012
0 0.7798966102371794 0.07822151652640603 0.15979365649259208 0.15644303305281207