0 0.3261079909377486 0.3133750930888857 0.29413770912806214 0.2762060811288862
0 0.10238848147613955 0.02954379702925353 0.17593080910612524 0.05908759405850706
0 0.5933566226348999 0.2027822566284724 0.22752196737492844 0.1974845179111272
0 0.7953396322049853 0.20316954317346492 0.23683659870968599 0.22202725934341208
0 0.7249192524473637 0.4487397808029202 0.22082149148133878 0.17551371593062945
0 0.901522671246474 0.4553047760304692 0.19695465750705202 0.24880575363160198
0 0.943648821540206 0.6632880083208318 0.11270235691958802 0.2228007125005174
0 0.9218401284713666 0.8641267154822565 0.1563197430572666 0.16416685835316341
0 0.30860164786545463 0.6108719262979799 0.15047902515783454 0.16342747182879827
0 0.07047268208554046 0.44613209481907296 0.07617010367592562 0.1606204257464695
0 0.40905866403254976 0.06171887013436967 0.15465578960356105 0.12343774026873934
0 0.5395877281955127 0.03786553521021934 0.1512908410064101 0.07573107042043868
0 0.8055510731537023 0.6377949237920956 0.2682969079970083 0.22661631837049312
0 0.07546453251659524 0.10234858815277274 0.11532359269202264 0.08929496763812013
0 0.2575711343435896 0.08216803579199214 0.26514226868717916 0.16433607158398428
0 0.6588935767418802 0.0347096675363406 0.10561776408333319 0.0694193350726812
0 0.8399328314363247 0.06421995789929388 0.29816518697905975 0.12843991579858777
0 0.936657672805128 0.23070501726882986 0.126684654389744 0.2551098122708344
0 0.4435041651566942 0.45269765001306195 0.21036486971666635 0.16522595812348037
0 0.42416606119109557 0.6463248187129481 0.1824798183138173 0.20150228371178422
0 0.1522012712251412 0.6339012680823548 0.20850150743148113 0.1985436176814443
0 0.1282352728928758 0.8713859940942658 0.12271383904900245 0.2283818579653147
0 0.6620689169877475 0.8775906526674772 0.2352445684044157 0.1765222757182764
0 0.4378279944901705 0.19430945846593553 0.15748025433205098 0.1615279055687756
0 0.5967172110497139 0.6282124858765713 0.21760582947891705 0.22068251295988317
0 0.40787744189166497 0.8748077566436036 0.22178259392464353 0.21380716109422693
0 0.24730030080562498 0.905384823485399 0.17409686812165218 0.1603007125005171
0 0.10210025875470033 0.26857542935537476 0.1659830698182332 0.23140753732825511