0 0.15836400203678086 0.49991173609786355 0.3167280040735617 0.41363806626581134
0 0.7034144878191608 0.6518863572819815 0.22044266971952556 0.26108536953546957
0 0.61948758096373 0.07099137497257882 0.2706402226879246 0.14198274994515764
0 0.11899038461538461 0.1328876883201567 0.23798076923076922 0.2657753766403134
0 0.8695334414997393 0.6062301711004291 0.19807699433650383 0.1920952029292019
0 0.6546330161626123 0.3114108618858275 0.46932968823413074 0.3618638399192298
0 0.8770316882999479 0.09317600964220162 0.2128952484559601 0.18635201928440323
0 0.39453351275932036 0.4730215686213683 0.2104321079077618 0.20035828782735005
0 0.38964332856584283 0.8864231744358982 0.18734200038102927 0.16721550424145257
0 0.1669173256682775 0.8563424060753564 0.333834651336555 0.26763437874316165
0 0.5511192174123951 0.889054220618591 0.15212070115105683 0.13061732806509951
0 0.8142317242518875 0.8169568167903152 0.27930725329158024 0.23990079402621015
0 0.5038459044376207 0.5675991851658841 0.136525348348233 0.15558747074615362
0 0.5181734119144743 0.7482935546286336 0.21507517274178822 0.24864552019159503
0 0.9199747999002421 0.34565368404173963 0.12646211999681228 0.14513084898148124
0 0.9117489851779274 0.4708639933290616 0.13216549977657677 0.16478223678689433
0 0.7035036075596411 0.13596060400135462 0.18734200038102927 0.16721550424145265
0 0.3573530753331426 0.13738100674245035 0.3189476954875609 0.2747620134849007
0 0.34071693485076165 0.6261610612626074 0.18404246675511096 0.14777442572336139
0 0.11561498695837633 0.7385381438409547 0.23122997391675265 0.2008083277027059
0 0.9336800725343033 0.20559967925669698 0.11360649614986165 0.17752283941139585