0 0.5454917016637209 0.6657902362094341 0.23011072087456697 0.19874261201428725
0 0.5783422940133229 0.11551930131692334 0.22312310428104654 0.20334046998372093
0 0.3022918495900467 0.09906219014521822 0.15804800279883935 0.14623344418035214
0 0.14813283228434668 0.17882525681611425 0.19014102373125455 0.2167843199949247
0 0.25018415473984695 0.6234982097972784 0.14178088439196138 0.15776306149364644
0 0.3392844620511254 0.7777383086663665 0.2292216612571901 0.28273733784006355
0 0.19152692339907226 0.8492627757473498 0.1643111872486488 0.1776233337391912
0 0.7910988919675408 0.7415391362639686 0.19315734109480276 0.17846267109222516
0 0.8596020576464133 0.40774138294965945 0.14463257428184362 0.16744839088845048
0 0.7234488671520786 0.41100104137399557 0.18790180505107437 0.16870739691800168
0 0.8201264210730509 0.09246570233579737 0.26840100400774436 0.14464321172595732
0 0.04427356524796428 0.1455597200397399 0.08854713049592856 0.17092713238717214
0 0.06816710472789317 0.34227754654152587 0.13633420945578634 0.24224740077535933
0 0.10453416841883177 0.5205689687758668 0.14888046191949078 0.1555690496780587
0 0.07028930250856687 0.823851142274081 0.14057860501713373 0.1989781700061286
0 0.28010387924112917 0.44624309742743873 0.24090500922439395 0.27587552327562265
0 0.2636227807482759 0.2832840342486282 0.10873950944781718 0.11839224089965426
0 0.10581177737789263 0.6481826492679714 0.14960489406320177 0.11958130214978596
0 0.529886407078854 0.7941162263225252 0.16173608576644144 0.12233487220072967
0 0.6538986422368585 0.5088721477142842 0.11343524082150054 0.11612828430464717
0 0.6977738945100482 0.21287145745702807 0.18080222752354494 0.17090140873358928
0 0.8924193325735872 0.8142932726302556 0.15044791499561683 0.18922289583190485
0 0.8592330355709102 0.9324792922823162 0.20248950944781705 0.12112008729701529
0 0.5418693627962136 0.9145513181880033 0.20092868422638605 0.1708973636239935
0 0.368930733923128 0.9349048169801493 0.19639758032636878 0.13019036603970152
0 0.16731389260490204 0.9509880711370405 0.2258562053822246 0.09802385772591894
0 0.5721218343211276 0.3524380370296086 0.1279702786785864 0.1189517991350104
0 0.5131486037424113 0.2748983189185474 0.18107881593121972 0.12529827658993192
0 0.44233716135591605 0.4256890130331612 0.1710748819741513 0.168217783462065
0 0.8680319106726605 0.5885194579440576 0.1847142323591651 0.15181052906165904
0 0.7821554511051626 0.2875398265212248 0.1540240370292102 0.16292047769843623
0 0.9245125316549547 0.3061246178197625 0.09124082076683984 0.1034795505206408
0 0.02973512438905462 0.6745107910550231 0.05947024877810924 0.13444977140296283
0 0.024947226570971724 0.5142353531477367 0.04989445314194345 0.17750916783393494
0 0.3371673242359492 0.2288570206261191 0.1465885766996537 0.15790295105248536