0 0.40567303065281063 0.33619957691335745 0.2639249727120431 0.26201200458790186
0 0.20238845797484334 0.6214806504661061 0.29138471740920635 0.24121672655632054
0 0.21932837161030277 0.3596841158619254 0.16376594457222418 0.19671421341112133
0 0.12573425947695785 0.2708909464645836 0.15230201442485208 0.1675882804472895
0 0.6124536266717804 0.9322649808155302 0.316720108669109 0.11238826116050131
0 0.38221109831899575 0.796872977445202 0.1784362311951619 0.16354998071321183
0 0.20505012811994422 0.8321319404350326 0.2476533502569788 0.23274618206523073
0 0.34342348502144093 0.9244388237208057 0.22420247235710059 0.12889118399390972
0 0.7707532399267405 0.1329105542368022 0.21957742371581956 0.24392607548142756
0 0.8949631863020711 0.8248942463009798 0.210073627395858 0.23487024910139892
0 0.7282344101428297 0.37136807509671654 0.21027013002243294 0.2484539886714419
0 0.9300698500440132 0.38667268794386633 0.13986029991197368 0.24500097082630296
0 0.9010678083312043 0.5535522718608339 0.19786438333759138 0.21337552327562265
0 0.9396100543345545 0.1482372776468703 0.12077989133089116 0.14793784254000325
0 0.9058593591305344 0.24939578861987588 0.1475874863560214 0.13146064336017774
0 0.6226602797370605 0.6405602588471115 0.3380106653036894 0.3697396891808789
0 0.4226484719737643 0.6198883954569134 0.17270426612147582 0.1489870142312958
0 0.3537486558622259 0.08965259475849628 0.2703985668853115 0.1758232669465378
0 0.11942023798165681 0.08155590728222045 0.21480201442485208 0.1631118145644409
0 0.11301813932191955 0.448273086566471 0.18197927679813783 0.21883844225167337
0 0.2881585346139662 0.5130185456892243 0.21301435011500172 0.17895228454816184
0 0.6162281806087974 0.183165014211857 0.1767703293295858 0.24987860791341482
0 0.4984254199676297 0.12999700661889907 0.09531905281540204 0.1395372428283331
0 0.5741484162194396 0.043591208457947554 0.2011814478234946 0.08718241691589511
0 0.9726574117329707 0.7115894768266957 0.05468517653405851 0.14929251700255664
0 0.08432050371979632 0.7332908559189976 0.08822927679813783 0.21611059585431255