0 0.5318589829877238 0.47793424847857413 0.2414265608945791 0.2850104074318814
0 0.7106030237334937 0.7386334835996056 0.2332357955211674 0.2513146057745908
0 0.650208593297408 0.9137925939706345 0.27660069472340065 0.172253400886149
0 0.8815080455577474 0.6903405917767026 0.2077469910871502 0.36653139914542865
0 0.7774138764039205 0.5082138820257447 0.21431052906165904 0.17910132498450274
0 0.4718512713932433 0.3092874181783439 0.2470293694294688 0.22976390139686428
0 0.5087667985262236 0.11475768689839781 0.2757356337167835 0.2251240311029495
0 0.10174379286194447 0.1027578311705904 0.20348758572388895 0.14782335464887308
0 0.11237055895618077 0.30236097294670994 0.22474111791236154 0.2729492211592063
0 0.3589697836861409 0.5117900782105854 0.21216073837190813 0.270419508495027
0 0.12426514779716377 0.8109562416667638 0.203760138660238 0.2295121683761979
0 0.8224779703392736 0.03363607382272164 0.2348517516291451 0.059048868970342956
0 0.30126663672183973 0.139997270158633 0.21626898288540536 0.246409017292195
0 0.14988300251802672 0.550243822733067 0.29918881336630626 0.2877498976132827
0 0.4363675896835651 0.7851230901295493 0.18854194550996356 0.2847027337399558
0 0.7900075497900966 0.19934062900823607 0.32159282132453626 0.3143180718159236
0 0.15121354386286395 0.9580655514019328 0.2692749903566059 0.08386889719613431