0 0.5267852042015011 0.11246165782325056 0.2190437412655234 0.19577142994439545
0 0.40225158391811855 0.04352168943160709 0.2468108601439294 0.08704337886321419
0 0.9173726434874584 0.7789036852645592 0.1652547130250833 0.18324160421730576
0 0.102063762488541 0.4651248799856613 0.1452602522226811 0.22840408618252347
0 0.7499730419851702 0.6687849824278932 0.28875488299489593 0.3181137057198964
0 0.2065095706342537 0.12565475566434003 0.22532291702599275 0.25130951132868007
0 0.9206108394041578 0.6039320915833724 0.15877832119168453 0.27233020172850925
0 0.8847498672541872 0.3035065358867583 0.23050026549162547 0.248255877439462
0 0.29893277578732635 0.773105509090931 0.30361956364667236 0.29535031216780594
0 0.5674272081934583 0.8918363380025564 0.2303272303083655 0.15840280689974653
0 0.6039526687803483 0.3763009948790205 0.25598424429844885 0.2678509518091944
0 0.7589521855580039 0.21580485283851256 0.21796430956560953 0.24108020172850922
0 0.7475438247451572 0.9205154318379681 0.18740168951265992 0.07153590297290763
0 0.8499308652731293 0.07592381614132997 0.17803128765129428 0.15184763228265993
0 0.13037158904731835 0.07770548132688174 0.11170471655617517 0.15541096265376347
0 0.2103119608397034 0.009231728692852026 0.14658546014094528 0.01846345738570405
0 0.5703245904448346 0.03355851164427556 0.18391841165890005 0.06711702328855113
0 0.5664221044572986 0.7165556527165614 0.22581367599836247 0.2201741966218202
0 0.0922757394220623 0.7452281704428934 0.0805526303113496 0.2258898129603671
0 0.9102696214803073 0.8694853660822012 0.16483471142697517 0.14627314906220554
0 0.09843420910026833 0.24287811841492574 0.11445185595138058 0.20217979381028306
0 0.9582514079272164 0.07191619914658383 0.08349718414556707 0.10307564379414602
0 0.300209621926252 0.3739207577335736 0.3440924997770276 0.29363921354130035
0 0.11204582777062252 0.8392693306724086 0.09576100093665102 0.11953826173210576
0 0.9455943491867717 0.16675911456347325 0.10881130162645675 0.20622301308946334
0 0.3577296878996314 0.5304067044289338 0.19304303730191508 0.16991144271111808
0 0.3366114009396351 0.167990324281902 0.24734998089563748 0.27914157230049885
0 0.33840040981543906 0.6491790737242511 0.2136965314739571 0.1595315850672216
0 0.7981229044632668 0.8586336150475843 0.18185785874641305 0.14995206320242252
0 0.6589452070263747 0.8425740038157264 0.1996659030359096 0.1632463619580244
0 0.7616251953555382 0.41151823043219965 0.11822966853499504 0.10212901819615237
0 0.7743064349856523 0.49279361823926493 0.11719939207875175 0.11877378870359387
0 0.8739187830053403 0.513060669944492 0.1941712275133331 0.21299852091086727
0 0.5293848778656962 0.233200423224003 0.15301170490025923 0.14776623236864375
0 0.09681406971998345 0.6082268710489555 0.10258009091316016 0.11527702713285834
0 0.6113598363861528 0.5559339910490037 0.18877486247809663 0.20542267731036562
0 0.16885691166636027 0.2907535381387978 0.12038813520265655 0.12857132588846015