0 0.6673289694908112 0.8660825196127594 0.24178537876965825 0.18149464284021433
0 0.24235175152254199 0.8766889090263829 0.2856700610819446 0.21121569678319055
0 0.23534508300341847 0.4044973609898024 0.2190897205978634 0.23736542483770628
0 0.06846413549273489 0.43074242355388886 0.13692827098546978 0.15275607724581766
0 0.6309516553662392 0.08746289753633245 0.3054043815752138 0.1749257950726649
0 0.8840548782735577 0.034848672189386226 0.18761391015865397 0.06969734437877245
0 0.931235594166987 0.09500803508705181 0.13305280044380352 0.149259315675082
0 0.9065516961372325 0.22765702359700135 0.1525073702356837 0.16033192084631923
0 0.8716929120893158 0.3850730839233388 0.1721857405886754 0.18101991063294107
0 0.7563062868266021 0.4969996393043574 0.23088515080598307 0.2286608030697296
0 0.5379429131133006 0.7547066801650153 0.1716262391858976 0.1569814490944794
0 0.5880930061976491 0.5073464730142215 0.13517689589626075 0.1374222374753328
0 0.7052430658181621 0.26810714776409755 0.2557628644486113 0.2665400210722377
0 0.909088383068429 0.582606567803565 0.14887463087382494 0.21044838493812534
0 0.07658436126426268 0.16336904276852107 0.12958791150277793 0.20658731822842652
0 0.8515319309706189 0.7873350781783135 0.1878956707381412 0.23740128758829224
0 0.6896649715069972 0.7312118375184453 0.1851561237426285 0.22279605809573375
0 0.4143706466294332 0.6512889208320287 0.18974001548920955 0.21354497861931201
0 0.25593959609764894 0.7052872218253796 0.18683261807286342 0.19172821066521525
0 0.10245711816330069 0.7013199862722005 0.17447768646196593 0.1763943708947304
0 0.20043034881522387 0.5643172674699859 0.2106472790502138 0.18393435174464629
0 0.053271241671313904 0.5460180312784707 0.10654248334262781 0.14354086051998174
0 0.13114848579626065 0.044580161506187474 0.20885687456132487 0.08916032301237495
0 0.5156449355577454 0.37245927895289116 0.13718909106816254 0.12077746696789131
0 0.45414902326559786 0.4887008630590359 0.1696699941542736 0.17603006575576702
0 0.39841597542206164 0.35734629331902684 0.14305983604113265 0.1668148490299314
0 0.3279521248839207 0.240305792842061 0.14473633037136757 0.135747001599413
0 0.49339788344722196 0.24576611170167847 0.1506630254846155 0.18418822981529917
0 0.0705562361188565 0.8564232767294324 0.141112472237713 0.12649592212299154
0 0.3603790877078525 0.10312659910347133 0.27443413227660274 0.20625319820694266
0 0.779121884791346 0.1353298008105449 0.1450160810727566 0.14776623236864372