0 0.7389012953532881 0.20055189488312342 0.2405261559271314 0.2284469732665304
0 0.48428855995692505 0.2974239996500593 0.22934606362922894 0.30007261175734273
0 0.5470699569113292 0.07811482819581897 0.271244701561957 0.15622965639163794
0 0.256158405045808 0.5962457137180217 0.2043006359251735 0.2125546579697368
0 0.5264364132351094 0.7017639897642276 0.20653665438475408 0.19822953027157436
0 0.8706809630686018 0.04498953097482125 0.143253458478181 0.0899790619496425
0 0.7229143528130073 0.042506087687126014 0.19359437129706228 0.08501217537425203
0 0.8898507373427317 0.6497140414175304 0.13394575796895006 0.15442566890875617
0 0.7441942747760184 0.6748707387556239 0.19921323079370515 0.18832029798144626
0 0.26184887687902303 0.31369584141618423 0.16276394053272636 0.15319721345388343
0 0.11571353425063435 0.7929835633813718 0.18487406771776108 0.19494414109349817
0 0.6260019137737096 0.5078932000013462 0.19714504002839042 0.21706850260268568
0 0.8326767404397236 0.5042772589663959 0.21623595284727168 0.20583286563277062
0 0.6857039434706349 0.8490475455411134 0.2115121743867121 0.2128485056444802
0 0.85899065116539 0.8239663551934269 0.18903842053076841 0.13985157800486547
0 0.9709652962958794 0.8025847931579819 0.040447499510348504 0.17224026452170832
0 0.9040106132791633 0.36201365452080003 0.18481812515300597 0.19013644878580585
0 0.32124490660042265 0.4746596746424042 0.24041427079762107 0.2188315886511458
0 0.4703244829971366 0.5682974634698665 0.18711008617734165 0.18061901339533565
0 0.5539670747442016 0.9168857782989507 0.12639856411888045 0.12528566738785904
0 0.4470378778216143 0.9176387495768744 0.15773247796601317 0.13377054577328534
0 0.2967974932062296 0.9237605761340274 0.21782863181216708 0.1362192763961463
0 0.3237021691230819 0.7797032631185796 0.2723355815746836 0.2777972362673412
0 0.1513088583337821 0.934494196549044 0.19608213129804122 0.12572234875653182
0 0.09781561125937167 0.5103581840891274 0.19563122251874335 0.36870670874482225
0 0.07954985127062988 0.2767667778884429 0.15909970254125977 0.23012029037696033
0 0.07623778050482553 0.17955793249504534 0.15247556100965107 0.136076442702217
0 0.215548130233078 0.16301059514524244 0.23829013746755096 0.2427721009646929
0 0.2935481015276928 0.06732814302490314 0.16494401642755163 0.13406439344802865
0 0.36717225126084013 0.14121479397563216 0.21866777028349518 0.20833466101153114
0 0.9545036840204932 0.5653876177265283 0.07986006157272577 0.2555382213511084
0 0.9037185989448264 0.18062121913032986 0.14216426259608228 0.24125797812196106
0 0.7349170717451071 0.33646715180034553 0.17455940104293624 0.13445619034768647
0 0.7411496153234294 0.42030791951021756 0.13098248616755206 0.10625079660691866