0 0.3201010648722906 0.870419365338721 0.2033513099891366 0.2011526060944041
0 0.44828604089176716 0.6991238754238994 0.24008137548859337 0.21244740471992402
0 0.22288755898168747 0.6844637990723663 0.17830428866302825 0.18560991983123726
0 0.7026811766631318 0.4704356855669258 0.2076547224030055 0.19416498950088368
0 0.2378473025320082 0.2992062960501037 0.31863484540841136 0.27361050136651105
0 0.2834440095146397 0.07545101514422183 0.19467747182879827 0.14564022268792465
0 0.7788884571538591 0.07010985143631292 0.2739538549230511 0.14021970287262583
0 0.4890750555667064 0.47559251638603556 0.20402368318090106 0.21076799070978885
0 0.5422887408051188 0.8624668250967337 0.3350080285741813 0.23364080422319836
0 0.5834474487422405 0.5993839654544172 0.1796995750292276 0.17129880384216933
0 0.8097451737996612 0.5840519453498778 0.3156256393954012 0.33337077241063784
0 0.9045548335364182 0.7701194725502416 0.09171528714189656 0.21512121142674992
0 0.8044255248896204 0.814317351916068 0.28625873230549376 0.22178620092763388
0 0.10511501082671616 0.9140937150863737 0.21023002165343233 0.16576667939076592
0 0.0881784911262674 0.7707323000578482 0.1763569822525348 0.2808154119733545
0 0.1530408739220682 0.48405550868575864 0.19597167822965703 0.198412877138531
0 0.29264907745945634 0.5434436218759872 0.23265120374644357 0.24324956098388795
0 0.07322558433481197 0.547540137749359 0.14645116866962393 0.2126120321935899
0 0.07425061747238891 0.3543664051667705 0.14850123494477782 0.29607488197415127
0 0.06255053998267032 0.15442897785867976 0.12510107996534064 0.18633435197494816
0 0.4048887802665408 0.10873610644599344 0.21962341318956605 0.21747221289198687
0 0.5570875077995836 0.09791382786266435 0.21190759483420413 0.1958276557253287
0 0.6258245531062154 0.2332156235317388 0.2139752543921679 0.21602352675351716
0 0.751211279684768 0.25612784787541504 0.253562905956624 0.2681837099944216
0 0.8645117621614893 0.3490874934826568 0.21106712834449853 0.20870002735796975
0 0.40582265001306195 0.38123335910368117 0.22068251295988303 0.2091478710940057
0 0.6195139376913377 0.7175049958675583 0.20010699734558474 0.18902141439116457
0 0.23737876917024467 0.9569348075347016 0.29730346991981793 0.07135154164140708