0 0.08914502758942891 0.7359194337336453 0.17829005517885782 0.24587732900575213
0 0.587246581262286 0.6724745717982162 0.3828827917204232 0.3700475637827273
0 0.518929209234067 0.3388931332289506 0.224094918901376 0.2236829089510917
0 0.450656940345753 0.9389391006543314 0.1950136584246805 0.12212179869133713
0 0.6077111003369589 0.12115409556237933 0.2073185358071232 0.18935729719319147
0 0.718011173442075 0.2854619688836806 0.18316252095339097 0.152291956479418
0 0.4304653514778077 0.1382213319951061 0.1901554261343179 0.18376587834743605
0 0.8139986061972997 0.8096486664080224 0.2407537486803581 0.22206278933530862
0 0.05095154245829238 0.17210223579536563 0.10190308491658476 0.23295578290975405
0 0.29832250624818946 0.5794324343051892 0.23298739034232574 0.24805725329158024
0 0.19056086592856034 0.4478004059288291 0.3250729307128447 0.33141476999282776
0 0.22688005479100928 0.7388930263395792 0.15878787281904708 0.14636465483163563
0 0.408174836251358 0.043127800786997975 0.1788426351895918 0.05625007125958092
0 0.1874500199837696 0.1474019504348928 0.21202514814947493 0.2566649895008838
0 0.018996782533107447 0.9108930648340263 0.037993565066214895 0.15832459120651413
0 0.14640774542903887 0.02731828974924651 0.18314604760346073 0.04926245466606047
0 0.6746919626566137 0.4221156696537083 0.17628716908773476 0.1567637659850834
0 0.6611615721052325 0.9409577113938412 0.23621522963594735 0.11808457721231765
0 0.9728770824409627 0.10681019659774003 0.05222871554278104 0.09587725774617122
0 0.3256711738299234 0.15383970414041093 0.11943532788513272 0.16609593433809783
0 0.17044900679969996 0.890611922439562 0.2217416127302002 0.1900290627972455
0 0.8007164358277508 0.1373784892116432 0.213521514481015 0.17527010307214158
0 0.37931220905527396 0.14548553699630148 0.20246030351676061 0.22267526054501058
0 0.8798022554649267 0.9392059254289159 0.09936409216465783 0.12158814914216812
0 0.23933711208790284 0.9661848402998354 0.21915319992848276 0.06763031940032906
0 0.889323116890616 0.31876354074771396 0.17075656360560743 0.18046634472151787
0 0.7764621408408774 0.9455744429580393 0.17354713633800636 0.10885111408392152
0 0.8790276823749418 0.5522165200058134 0.18916333969660132 0.27237230323771683