0 0.5510385584598274 0.27280922427208903 0.3309810685241295 0.3264005136322285
0 0.1517048617354701 0.6475531462531959 0.21877146539042924 0.21274602026084713
0 0.13051510075161452 0.48975149927917533 0.21678764352122243 0.21988761394296602
0 0.30173635578376545 0.5247306831513276 0.18950528725963606 0.20469514444627443
0 0.5465193718866485 0.627844034857415 0.47586446114751707 0.42420731083856
0 0.8415612908075359 0.7492181776185253 0.2217353439237946 0.22243134965565103
0 0.9270886191714258 0.7212206098615326 0.1458227616571484 0.2936374521385821
0 0.7152486760527753 0.08440557778509786 0.23338196749016601 0.13397865541928006
0 0.8343909230334849 0.06987397060222718 0.14474338452850824 0.0954029510524854
0 0.185093910695693 0.25256223318493903 0.33497242080343315 0.2713218864320254
0 0.28279857858843127 0.38499285472086286 0.19646051807230513 0.15930184664087552
0 0.31485082119591384 0.708694858699978 0.18553764352122243 0.2189783318105125
0 0.6597897684271614 0.8627178970494784 0.24392999168792892 0.23267623728581144
0 0.8118806962682558 0.39606262734139924 0.37623860746348853 0.38626110948654113
0 0.4650968136874506 0.09512519448960528 0.2955782427595165 0.17178496721246006
0 0.4202333473413796 0.890544215948587 0.17988990264425142 0.20441536532859644
0 0.5381618169747209 0.896375356293989 0.1654668257211745 0.20399569665207962
0 0.8446522015901057 0.9052933156699766 0.14245583792865146 0.13853229226287694
0 0.11635169620309829 0.16417023499186045 0.2248629390929296 0.1937250853683363
0 0.2938795618991317 0.8999698542338336 0.20180453421862643 0.20006029153233293
0 0.1888103716042998 0.9109049409220619 0.13790445326982873 0.17819011815587624
0 0.2884644201301401 0.9716305977829912 0.23667327929507115 0.05673880443401749
0 0.42694748950131556 0.40838533832709295 0.18852523059547777 0.18786822136935136
0 0.3799573115225563 0.2402338865537829 0.1704145261237467 0.20653943236476455