0 0.17011395070665222 0.7768273830231169 0.2504823872746076 0.28282048644071595
0 0.32380533061237765 0.49465152761696934 0.3059806831513276 0.29422153400033074
0 0.6319723673790326 0.24576805204225807 0.2249750853683363 0.230518191515131
0 0.7831312828629978 0.37115312737306727 0.233025961182909 0.2599108030697296
0 0.8825797598308898 0.5785049186300057 0.23484048033822036 0.33107956208712075
0 0.6119762506842445 0.8774689955459375 0.20730882493837915 0.2003969696826062
0 0.20378629433275225 0.9341315968728675 0.21792916011921973 0.13173680625426507
0 0.1609198253036512 0.3371967657234931 0.2444156889373641 0.23918695053252215
0 0.30888700458790175 0.27045630131609155 0.2713476100856083 0.25801755187374253
0 0.48335357451708816 0.24889766965747734 0.17251013866023804 0.24093391190961333
0 0.8340739193413227 0.14355363519447123 0.21622476175956853 0.17708711842207092
0 0.9102851186623445 0.9395376723686196 0.1743801502323111 0.12092465526276076
0 0.7464260220872074 0.9431054497363882 0.19643443429344332 0.11378910052722364
0 0.5693807440556261 0.9563707223166359 0.15500949144270273 0.0872585553667282
0 0.9114351624131706 0.32930667381738005 0.1607007422292657 0.24723468752374386
0 0.9243857858777733 0.8265205911492779 0.15122842824445334 0.1908174478178074
0 0.7854543449654309 0.7395059779952664 0.2091273892032863 0.2628969696826062
0 0.6629888319419892 0.6522733495211875 0.11703756643710068 0.14798424768871096
0 0.5449113425497226 0.550981949262995 0.13195025681611428 0.16590408618252347
0 0.5907978669017226 0.4381295384758289 0.31148782325321495 0.31862430067775543
0 0.4573385937015578 0.797392691999242 0.23528991777791602 0.25528526333151874
0 0.29871047120129457 0.7038220057521705 0.1779031128568692 0.17898036961805813
0 0.4268893455742177 0.9270677676385015 0.21403074994398105 0.14586446472299686
0 0.10617242452829193 0.18673694637976462 0.2078683831737352 0.21962773891337542
0 0.32367628032553214 0.11926929110271339 0.25277206752319753 0.19664633004121765
0 0.42857885955227937 0.633311550919811 0.17288558621091846 0.1714045260175565