0 0.7891605542368022 0.7324861545589787 0.19783332988183353 0.19661937874841312
0 0.6872254245088529 0.5631447464877835 0.21337552327562265 0.2355845821545441
0 0.5696411616631877 0.7665673805776063 0.18518459609782723 0.17456504257663744
0 0.5891372576489768 0.2615917999550498 0.19083162575855375 0.20357908473765518
0 0.21435793125922892 0.6384920321137031 0.270832272976089 0.3120345285447127
0 0.047686591144653345 0.5317651026116242 0.09537318228930669 0.19127748708444378
0 0.18954487352062172 0.09381867695158992 0.2603333298818335 0.18763735390317984
0 0.495731345900612 0.45936730016285937 0.20992250543048385 0.19944294568941956
0 0.8767666849388103 0.5277089762832108 0.22338485291394122 0.3319902607806864
0 0.655679170473719 0.4093558319261878 0.17083146395416987 0.17646522378589077
0 0.7523982105083836 0.18024638756094616 0.3341016655497035 0.34065938433025467
0 0.9352874907121584 0.12583168059790056 0.12494855269283424 0.16765874633314273
0 0.9227472871879459 0.26795240822583594 0.1451328251818937 0.2836309708197827
0 0.7515327174828355 0.9115040160689272 0.21029795298116427 0.12981535138531305
0 0.5788055183030099 0.9055287646348067 0.2783050930830517 0.15620424933187302
0 0.348557260288761 0.7718863969075118 0.19769344032299452 0.1918116864407208
0 0.46825634143446754 0.6608439514259019 0.24194189800409852 0.22697652742834432
0 0.35835111994335883 0.8892131655800971 0.21239629636374943 0.20193073600069766
0 0.16977622459848335 0.850171677094155 0.29744019388081855 0.23611878151082083
0 0.03432916083032498 0.8049374177028911 0.06865832166064996 0.22185593382498708
0 0.10999243645591744 0.4285370718994195 0.21998487291183488 0.21445363171452123
0 0.15987585723888964 0.28258544744129244 0.2172739334508613 0.20450247046940812
0 0.32973170737185076 0.26344623049617655 0.21500997685585416 0.20922621861966834
0 0.40976732697909585 0.15378886361219596 0.2641360716240699 0.24696279407600244
0 0.5500168794284155 0.09066694150907624 0.2076585488354767 0.18133388301815248
0 0.36823544440442796 0.5082455222741976 0.20800827273257425 0.21618592460891056
0 0.7829081546790164 0.4109164069669026 0.18821794526644892 0.19628360211868462
0 0.8666468024858995 0.8342413329773115 0.1424491999103698 0.2739316420469661