0 0.8114540312985584 0.7682768043991086 0.2684534969011755 0.2978307501264067
0 0.891471286677511 0.3258222414586547 0.13512094575598282 0.1357923333383068
0 0.20353473988482987 0.932300454305527 0.13948103694145308 0.11695401259256691
0 0.41982192877355834 0.7568940130385117 0.16709829757959418 0.16959324849099744
0 0.6250120592685902 0.5703513500935815 0.1618430041496797 0.14997003077519913
0 0.6861102909444982 0.3498109526551974 0.13562449701848295 0.15742694872292218
0 0.9425055276767629 0.052554999516753985 0.0704409001632479 0.10510999903350797
0 0.6225862676789002 0.880030477832871 0.20041644289177357 0.15791731096312597
0 0.7796135400084941 0.5902449216495658 0.16480635170630364 0.1742047165561752
0 0.6358742627716347 0.031128302087322098 0.14674852554326934 0.062256604174644195
0 0.4614835163372329 0.03318845826764323 0.13450549421292735 0.06637691653528646
0 0.08075666647115402 0.21016509020694174 0.10090759819935907 0.10900673240463991
0 0.80982243277906 0.23253802607702337 0.17442173632168825 0.17498961352623385
0 0.30113223535635725 0.41736263588649425 0.169334293312607 0.16257793427197378
0 0.8646872485092416 0.041038419798644525 0.147643727787714 0.08207683959728905
0 0.3861930428727035 0.6055006622237913 0.2082993830366455 0.18735213753682373
0 0.12402891205753236 0.36197546712852663 0.20159139583760696 0.20839808019389522
0 0.3520696501607914 0.8984999358850023 0.20779583177414537 0.16571752215220834
0 0.08837392506132558 0.9513346025616158 0.06691805120384621 0.09183651608635766
0 0.9342339513670942 0.46141894565269553 0.13153209726581166 0.20148107646221164
0 0.0682998839701929 0.7097234864782423 0.08905822772906001 0.21840631002647487
0 0.024240316663728896 0.3171360456870127 0.03751440583301296 0.16861252401058996
0 0.03214721212254285 0.13947223216674703 0.06116121638953003 0.15374784335881364
0 0.20400428644289587 0.6420483200395216 0.17755293429914543 0.20643583776874852
0 0.09831697100598338 0.5507263470830369 0.17425388590085483 0.16777807506469544
0 0.6270441899982373 0.14028369041946975 0.21165438157521385 0.22841374639472314
0 0.9694554063877674 0.7424237645325936 0.061089187224465144 0.2875291757604694
0 0.5961958903706737 0.6774695729385799 0.09582015519027792 0.09659505315037965
0 0.40905454158723337 0.4494960417099759 0.19124865939861133 0.1763631832238365
0 0.8951010112222224 0.11960661045600716 0.1181821223985044 0.12961107133301183
0 0.2677820952178421 0.22620771141205484 0.18431687163846164 0.1877937412655233
0 0.3358980497424146 0.1002267885655644 0.18683261807286342 0.19279765781573027
0 0.21479663388221223 0.7953058011581313 0.14093574058867533 0.17945401259256719
0 0.508930077008601 0.6532836456691081 0.1056593403667735 0.10699533473582298
0 0.5045450255701396 0.8270473535948325 0.12332551554786342 0.14442659674111816
0 0.7126954888046478 0.5090045146590003 0.1151628247016025 0.10297253939818937
0 0.5554094062704599 0.42550713214735036 0.13361230184658132 0.17405764755733072
0 0.4794584222288997 0.11138798459748002 0.10851078764284197 0.126422328209107
0 0.7833771102696048 0.08848970453222955 0.15809836450726505 0.1769794090644591
0 0.7590659326030986 0.43176272211639927 0.22736230184658132 0.18171039301540268
0 0.8738371063227568 0.4994632596412867 0.11829402267905974 0.13441876364070418
0 0.8619877358524578 0.6112175281732978 0.12500200987809834 0.11337282098363269