0 0.8615797837753357 0.7959731824414042 0.18037355529998594 0.1870821148949639
0 0.7488033173314845 0.8621497219434315 0.16695832028619834 0.2061450564314674
0 0.1743521874912264 0.8904554881751062 0.32320832028619834 0.207963189786012
0 0.07084370020586335 0.6372421589629376 0.1416874004117267 0.2639772205356633
0 0.0710045611108236 0.3512404092200005 0.1420091222216472 0.20849296002055845
0 0.12914885145954227 0.16429899280223859 0.25829770291908455 0.23851390772657186
0 0.3286425929799454 0.33010675072223994 0.24008154681087224 0.22621496413356496
0 0.604640649029688 0.8854486286295147 0.14798973315203548 0.1650838728394396
0 0.6117432000851171 0.6811636624761579 0.28031703023295107 0.21467124516475358
0 0.43342953588809735 0.46221954763014267 0.2202310980060814 0.16832685746461407
0 0.7228052612817419 0.30389883066888573 0.2957275058267489 0.32536005337118706
0 0.4429784799781348 0.16541447583608673 0.375704773335546 0.24701212517748028
0 0.2831040575111883 0.6489520214953866 0.30459723062945065 0.2654037559369212
0 0.42966891156320547 0.9006977004480449 0.2333841509232625 0.19010132926111767
0 0.8375089969753962 0.9343901352642013 0.19810278328610556 0.11281462566713156
0 0.7453779572430483 0.5378682470744104 0.14621578819149514 0.17707513232629288
0 0.6212547081040344 0.4996732778607733 0.1579830584834038 0.17240729643048852
0 0.9257464017333922 0.3279635793590968 0.12557879309688502 0.24169926565636296
0 0.7845612618726847 0.0904419748261909 0.24515142121517094 0.1808839496523818
0 0.8376213051887565 0.5884460737281872 0.17176601259389065 0.2062009989962229