0 0.44238182190536324 0.13984109531298466 0.18445792914277404 0.14748426417172572
0 0.3853523165382706 0.29575852643830525 0.22851205688206336 0.15911494559927256
0 0.13949938854765978 0.7993215709114602 0.20682828625377786 0.18684149010533646
0 0.21914463051194122 0.6303772606108278 0.2509803277482418 0.258344403511019
0 0.6966266093038441 0.5015737246329168 0.19343548578694444 0.16945476235836815
0 0.6265464065147798 0.2893141448780919 0.2108510815914116 0.1774500273579697
0 0.8000151829784835 0.10759173172527252 0.2486256368380659 0.21518346345054504
0 0.5204110901771007 0.8414479948491678 0.29061921166486826 0.27455885537824
0 0.8019302538207889 0.6343647731796336 0.17361604382863105 0.16134753642475766
0 0.8518954880912706 0.5063154946915619 0.17803128765129428 0.1567637659850834
0 0.8490496414765593 0.3651603372186928 0.15860429417801022 0.1534642323591651
0 0.3944531580237821 0.4629641283344504 0.3140690004757858 0.2684669262567917
0 0.2993036221417641 0.06822308519489767 0.1850466018703179 0.13644617038979534
0 0.17197350885342313 0.1081334879438581 0.1736160438286312 0.1613475364247576
0 0.09590886339982715 0.2505795100851783 0.1918177267996543 0.15503168543529122
0 0.11862370394868774 0.36565457593759515 0.14001135291845512 0.13104589043648668
0 0.06485548437450764 0.5082125590129244 0.12971096874901528 0.20472872812799744
0 0.3325675985696587 0.8250525240204951 0.19598640093963512 0.2007047623583683
0 0.1762196848144842 0.8922022167092167 0.29478947273351225 0.1789648138944389
0 0.049893088333639715 0.6924426725841821 0.09978617666727943 0.19203773175471256
0 0.6511257740996954 0.6629409664728076 0.14982296177635457 0.13389758032636878
0 0.7828965022968659 0.8675378501027105 0.20501311282747553 0.19394106763286564
0 0.7480655090540148 0.9421986890031264 0.2170818955725425 0.04842606158834046
0 0.9196687666512489 0.3654632588961962 0.10885926667362938 0.18946263027250534
0 0.9652183603669017 0.11548959216602468 0.059359618655433675 0.1991306814275468
0 0.9477050491733431 0.24202739804497478 0.06612995012043836 0.10605244703160083
0 0.7847340713180913 0.24363112617297217 0.11621827086617852 0.10359593433809781
0 0.6632413316954374 0.13314645861492483 0.17812920140646846 0.21663599796321914
0 0.5337277773854342 0.08240078879667337 0.17479338928371924 0.16480157759334674
0 0.23177592143405368 0.28495116052804026 0.0928176372989309 0.08095367054740138
0 0.458204831442624 0.6647422831989946 0.1412378536172133 0.11673477444741866
0 0.8573416034684258 0.7036251539777886 0.1222033086289586 0.11824293312919291
0 0.22689509135910488 0.41808471973147926 0.11896541026138377 0.13724978049194397
0 0.08082357924978395 0.10998415728235436 0.1095462498885138 0.13920578290975408