0 0.2093751120886793 0.8255865004391085 0.2204060078145783 0.19381363486353984
0 0.263663851866177 0.6223676413576364 0.1694215736392165 0.17733362421725937
0 0.393704279901513 0.48587286937781193 0.16469782548895642 0.17954157192127668
0 0.47559527836952553 0.2803256711329004 0.2273657138038206 0.18689594407674465
0 0.8429106093750788 0.32072585048436575 0.16153848191822162 0.15780900731174688
0 0.2991034516095601 0.9134064821883423 0.15812730587519028 0.1288649042406786
0 0.1514041651524021 0.10137986773914595 0.2258852533817273 0.2027597354782919
0 0.3734089924464002 0.8008481323786228 0.1547466642438433 0.16953439040623408
0 0.680444912186294 0.058778978766323695 0.22825856512388917 0.11755795753264739
0 0.923695066590632 0.24613929301161236 0.1526098668187359 0.22761849499819975
0 0.9403960989061068 0.5967580091859503 0.1192078021877865 0.1857736181336706
0 0.5100847875082817 0.578625025037602 0.18118897193615113 0.1706118318802932
0 0.7757365433305553 0.9132433048860509 0.19144537539930823 0.12062080877409624
0 0.9199748187907464 0.08146555256012106 0.16005036241850726 0.16293110512024211
0 0.09081205638867634 0.6703343447793185 0.14032358732076647 0.1689466950567475
0 0.7811699872801777 0.8275639441373118 0.13383701186443248 0.12067387352999558
0 0.3300709828267801 0.08509984568613668 0.16494965796125258 0.17019969137227337
0 0.5109318372108238 0.43054361351377746 0.1591346357643752 0.15771105808683245
0 0.0567498761653018 0.21193434858156152 0.0731837833279383 0.1710118090668353
0 0.6448833276443726 0.6128523045933117 0.1662622300684817 0.15560105960772957
0 0.2810630658898829 0.2244596860491332 0.11452229847623109 0.11748643357683387
0 0.04564647394900241 0.7901307654285262 0.0414301183833458 0.15531539221987054
0 0.19559683260278551 0.4999632958178693 0.09993133323829 0.11209104591965485
0 0.6682426277951562 0.7647619161756841 0.15972224486639972 0.17453798116375552
0 0.712759532309437 0.4885195970766475 0.1695055177966487 0.17973747037110555
0 0.8573337372475553 0.6992826451026778 0.12070363171452123 0.22575745972482508
0 0.5618209405111214 0.8882579651371334 0.13126527739572202 0.11576823199738885
0 0.4566736318450104 0.7035719602817027 0.1459707212027797 0.1931810550450379
0 0.21356460993326298 0.3596097012581051 0.19877139242996295 0.1929320918393097
0 0.08799609757589101 0.48629319017271605 0.15047317129242793 0.25337515811610634
0 0.45704367052643413 0.12822016110069906 0.2277014904335488 0.19651132869212923
0 0.6699405057896513 0.19296691161299254 0.16377443975720332 0.153099264228969
0 0.4292888926256968 0.91893453173527 0.1170100887875094 0.11998822895559431