0 0.7006200662336531 0.9003656146391806 0.23797997576643753 0.1992687707216387
0 0.8666712707584222 0.8560749091034155 0.26665745848315553 0.2878501817931689
0 0.4940859179775643 0.7969996700573561 0.25902591842350897 0.24517471440949762
0 0.229688212140654 0.5299382003163313 0.20020542051978343 0.1980393377876208
0 0.2995710004907063 0.6686718707312735 0.2063866825250784 0.21520244746042633
0 0.16068744105150326 0.6948120584604391 0.22757969418099433 0.24058565538241686
0 0.41853601401992424 0.9150748981419093 0.19961674779223934 0.16985020371618129
0 0.941203087887695 0.6534060874527312 0.11759382422461001 0.2416952951354043
0 0.3891027743748896 0.44787068452323986 0.2720750289168174 0.3464724394669183
0 0.27364581468734933 0.07291298783094512 0.2155608601439294 0.12262910054601416
0 0.6624796237846334 0.26860669615591537 0.2342025599149889 0.2338783968147018
0 0.1834026783325296 0.2996397427746237 0.2919927813624709 0.2976726032155605
0 0.8863687172549333 0.46737718379293625 0.2272625654901334 0.24349378143008635
0 0.14224375081770457 0.05894421078546118 0.14025673240463993 0.10780282369445451
0 0.34163989511167714 0.2031491500584553 0.22939486760729652 0.2335422102188195
0 0.5648790701659282 0.1123989994636206 0.1970658326395487 0.15957779932608243
0 0.8244449028054769 0.27634722453617244 0.1589967426630396 0.16169599886671665
0 0.8577528769588861 0.9746997187941002 0.26506050816212523 0.05060056241179959
0 0.21546016926359435 0.8826817517226218 0.2981744400999317 0.1977196245416687
0 0.4528284816093161 0.6722183033379674 0.1448190452261475 0.13441322468470338
0 0.651244099788964 0.6287298793216853 0.19377877902830354 0.20715044250918216
0 0.6730755345143429 0.4569724326369562 0.2824265519907565 0.2683221694755833
0 0.1051543934911885 0.48298795030876573 0.1514415142279761 0.24482205446368527
0 0.5538136058622751 0.93823058988296 0.17101597343227035 0.12353882023407983
0 0.798344698158031 0.6593322161548161 0.24842941259555082 0.2324831104485024
0 0.9054894822856935 0.27225364876151004 0.18902103542861298 0.2924617109793854