0 0.5871287775148486 0.5691912769244232 0.17938053750760694 0.15349106112862684
0 0.5815580315869209 0.4687684591999141 0.13982608362917895 0.13750079660691866
0 0.43489181167654967 0.20634516110069906 0.19486066709698754 0.1996538841762759
0 0.8698567682625473 0.39591237373693233 0.20764437089473048 0.1786069641411472
0 0.5806415911064066 0.7971158900276927 0.2521169441491607 0.2595010748167014
0 0.36050893486827856 0.729400040246574 0.34579521864798934 0.3256251961385361
0 0.3404377088829962 0.8835890163799284 0.30358020172850925 0.21127313775896456
0 0.15762413978846843 0.5447548297167162 0.31367031855116717 0.28118057467033186
0 0.6864953220512982 0.1433717755498955 0.20298296840593394 0.21196696262025005
0 0.9218900925587398 0.1361765976621257 0.14274052474088433 0.17596233506845715
0 0.8213919310382617 0.7034312252139187 0.22767831472115047 0.2848659410349501
0 0.7461412511745515 0.8742471358309251 0.23517959400392768 0.1941074825382831
0 0.8011442301166043 0.5436958474425714 0.2410443389779234 0.23987850868627447
0 0.6807933788632141 0.2502449801711349 0.17788745420116864 0.16541234267294305
0 0.48788259590464544 0.3767284804924748 0.3378550699085248 0.31571596384840817
0 0.3574897443213695 0.5162413263535819 0.26398988509949567 0.2264349240123421
0 0.16585970698227823 0.30956970353945085 0.2968433954742441 0.28049493009593085
0 0.06892629524118045 0.41148011172874194 0.1378525904823609 0.3501166996194392
0 0.12287125134663962 0.8740552204156896 0.24574250269327924 0.16972210856917896
0 0.1060188506150539 0.7212865080435946 0.2120377012301078 0.2712264579111889
0 0.03743609032099055 0.7475022947646816 0.0748721806419811 0.2453800258552523
0 0.17704557803837886 0.07251127165848457 0.17956269007708844 0.14502254331696915
0 0.37508965687646423 0.07205214805530419 0.177705301631687 0.14410429611060838
0 0.2698281822485393 0.18671032453994557 0.22443543122106774 0.21044465949063393
0 0.5516619221158462 0.12805687668955873 0.2650469377657994 0.25611375337911746
0 0.824025147778388 0.09942508049314794 0.14831269007708853 0.1546215673585851
0 0.7345736645364979 0.062330741036969575 0.12875347845794166 0.11787823047649165
0 0.9601307768836576 0.2640253054715291 0.04950111969874326 0.21050590453341764
0 0.8587511391572775 0.2262187890629999 0.26063941334765584 0.24546979479328235
0 0.5029153395876788 0.9057256483194425 0.1718046939071053 0.1483895211461911