0 0.8730775601037715 0.7241731211468372 0.24111355285706126 0.2803149016976614
0 0.6921326154947501 0.7795011716645176 0.17254715284237648 0.16900691862233194
0 0.4778686380551 0.761821464022089 0.20924818464475392 0.22597479417092878
0 0.08471055286929846 0.3556243087106981 0.16304365335650242 0.1781744595016807
0 0.08983823079370518 0.17620188744713264 0.17822195490377474 0.24375007125958087
0 0.46356637951083807 0.15278234682411596 0.2424824615629359 0.19148455493936264
0 0.859096971306852 0.14277823471809514 0.16874642670027823 0.25532145829277564
0 0.29296912525090346 0.8906907441000951 0.20656462566713168 0.2018243716984582
0 0.11627244730202234 0.8977179496728341 0.18015028925720158 0.20299664757820543
0 0.30088887902118666 0.33112474772681016 0.17539853951426457 0.20758041801787966
0 0.3202472031532832 0.547889098111824 0.19233734772069797 0.21797952917132732
0 0.6560723969911156 0.4709164904274855 0.26031635080545296 0.2788067430158873
0 0.6864955600303483 0.19170480658212857 0.19113626670908893 0.3212329528527028
0 0.4733389744405556 0.5792411172637902 0.17542651079664204 0.20998426417172572
0 0.8299143200068528 0.03335074632739048 0.18867479385985947 0.06670149265478097
0 0.9345515559051045 0.03583359229072201 0.09506465027174744 0.07166718458144403
0 0.9122481559393687 0.2665729977138245 0.1752586831023766 0.1955611872486488
0 0.8924176882681091 0.42262872304298243 0.15787233437790113 0.1467005376336627
0 0.9730419077143346 0.4175081672757441 0.05391618457133081 0.27912937010852396
0 0.8710216708490174 0.5474904288391451 0.13137408412083845 0.14066127505187118
0 0.903937646281113 0.8959065130156524 0.12846675488419543 0.09728008334863165
0 0.7801955119227912 0.9064801934248088 0.11647549539734187 0.09912412483243244
0 0.5029797836385292 0.3361431061931301 0.22906635080545273 0.27735125087377016
0 0.2680856307839154 0.10172547050999213 0.24035832823286582 0.20345094101998426
0 0.1292673046932132 0.5676073000578481 0.2339859282426556 0.2871905573571728
0 0.10535639805607898 0.7863869472550241 0.17249121027762138 0.16419922631463962
0 0.29333106779118423 0.7150980139353167 0.1722114974538453 0.1401607647761781
0 0.48304079909901526 0.89626890723646 0.23507512412475423 0.17432174906041262
0 0.5630873969299297 0.039788500032908646 0.20790556309062871 0.07957700006581729