0 0.6784246418104988 0.6201655009206344 0.25411772583311776 0.23907970235500725
0 0.5838264986122679 0.8584706091141003 0.2410899352762403 0.22423690464476975
0 0.8581500467975014 0.6390681016498966 0.18171669460452122 0.1981837833279384
0 0.9537896964832394 0.18011281224717707 0.07863695660234854 0.23295177886246504
0 0.7658271599306812 0.10892280455705015 0.27440759483420424 0.2178456091141003
0 0.5825042223878744 0.049088031555518885 0.19556847830117427 0.09817606311103777
0 0.3973745618754203 0.08746945539843573 0.2389047224030056 0.17493891079687146
0 0.3100654470120532 0.8812194248287959 0.2744075948342041 0.22060443054112694
0 0.36389928556024004 0.7114811713045037 0.24137558188945213 0.26261449894887623
0 0.6377767705428457 0.3098480490138687 0.32110570489485796 0.33973599859850173
0 0.0986178688814275 0.8816048326148612 0.197235737762855 0.13437121122070922
0 0.06806083376060473 0.618902610919142 0.13612166752120947 0.15863097081978272
0 0.35013866525464277 0.23956039006673702 0.15001295469336817 0.15631106882336868
0 0.8777411526826082 0.3074632486552755 0.21291615462185093 0.23284495937096944
0 0.8628984024811184 0.48543180819732296 0.21637910054601406 0.21378207845506453
0 0.6950241349654054 0.46851333283474655 0.18260770107689722 0.17663311210075497
0 0.7582146614064198 0.867967685621558 0.25243679285370635 0.2150412408165457
0 0.5174015761019864 0.933928492820926 0.27081062224483976 0.10058001116368313
0 0.45450493294914907 0.44453976965846415 0.19782070450700956 0.22272590981099244
0 0.27680488421240496 0.345234239011504 0.2330379303249961 0.21196584140324284
0 0.18002808491658476 0.05390338294083212 0.21686690708990744 0.10780676588166424
0 0.09778479911702706 0.35568145707298826 0.19556959823405412 0.26940631662325426
0 0.0037414757952899526 0.8306814672628682 0.007482951590579905 0.1607524500896482
0 0.10679154548542497 0.7768276645289733 0.21358309097084993 0.22090967275917103
0 0.05561697142581864 0.5516101858172919 0.11123394285163728 0.2381257822115699
0 0.13453189793285397 0.16795632947356584 0.22493538539108165 0.23326468015812996