0 0.34558932005582244 0.25370507154852395 0.2683975467608977 0.29542690397256055
0 0.0560138034839743 0.07142859976658328 0.08508777764743601 0.14285719953316656
0 0.22519616217729654 0.5298526461448938 0.19013166647115406 0.23145542051978338
0 0.21689058116319382 0.7320700594317427 0.21428202829017115 0.2382253552526226
0 0.4649353410706191 0.6410436130355277 0.1683292006657054 0.22247786387561289
0 0.4626953255814096 0.8403666195622436 0.24329603255715837 0.24779158462433715
0 0.6671890941401167 0.8680606006733934 0.2174671665298078 0.1689062652761132
0 0.8768272607872322 0.8293544761900016 0.17039734597788472 0.2082510111950507
0 0.6428559710377668 0.21264445452103914 0.1594951081361112 0.15217765268653047
0 0.4908591866379274 0.014374715143738401 0.15770470364722217 0.028749430287476802
0 0.07589997698490906 0.36001302633729704 0.15179995396981813 0.1569853449942228
0 0.04913495104695495 0.49197918531265067 0.0982699020939099 0.15065701399008324
0 0.6505610113713135 0.7062669682732297 0.21981707242147464 0.26986780373765173
0 0.14559953778947646 0.04015422051083111 0.08380092442104708 0.08030844102166222
0 0.09835784706052332 0.20670658834109995 0.19577861088301302 0.26790556131250504
0 0.0439066277481301 0.6088600601379611 0.0878132554962602 0.10439526433946228
0 0.06813990983851469 0.7882900902069417 0.13627981967702937 0.2984198195861165
0 0.23709645809262744 0.8947712785450577 0.2512329129642095 0.17646109697901097
0 0.4798949690215809 0.35910682818672623 0.15849001548920955 0.21207758229016965
0 0.6738242104582797 0.3252819305104492 0.19622420212713693 0.18396717017040431
0 0.67422088613547 0.08017415674894245 0.19225576192361132 0.1603483134978849
0 0.8996519032034187 0.03694208996158861 0.20002479190982897 0.07388417992317722
0 0.8942746601024567 0.5436156978679164 0.17106874766121813 0.23709716504120457
0 0.22279533084059797 0.3752951298281036 0.1572591124030984 0.15919296690555426
0 0.649391083120726 0.49882483657182386 0.21383442716794876 0.2189945860218532
0 0.8965436556008544 0.29150618807784223 0.19471555821773515 0.2222324843894281
0 0.9291384688456195 0.12809380485997388 0.13601614800042747 0.1742538717998453
0 0.30973147299529913 0.05916438624333352 0.22669090016324794 0.11832877248666704