0 0.15364033467060184 0.7789613318249131 0.1615909965023443 0.1775097650312955
0 0.19302770729619684 0.5213760645852852 0.24347743631153007 0.3287646475469431
0 0.6736026617196814 0.9513252385817619 0.1850000686804133 0.09734952283647622
0 0.6908370111191781 0.8138589102613104 0.1809056843144992 0.18343752209802597
0 0.3091350674381309 0.8313310887613288 0.20249834040842174 0.1822937487980976
0 0.6402060308476206 0.5438118010021527 0.2649022552426814 0.3180054896316304
0 0.933037418833391 0.37919239181978004 0.12570114135742336 0.18502502822348355
0 0.4609631980531167 0.19769463923487213 0.15450533591288432 0.18430127920819464
0 0.942229857018484 0.12827048493261656 0.11512069305610376 0.12917653430550294
0 0.4194088386646636 0.5104983639655217 0.15277283841012343 0.22262280957485323
0 0.8900117545018745 0.9544398579052215 0.15627979270633793 0.09112028418955703
0 0.8194421565953983 0.33888816115914494 0.17116442182703595 0.17566595125696843
0 0.1758495897860131 0.12694713748264128 0.2035473226757425 0.24238990264425148
0 0.5536228802496521 0.748116137113416 0.1634913311678764 0.14880361928002153
0 0.5390550518234155 0.0662875865312771 0.16708220404547666 0.07937209700824245
0 0.5351236688371932 0.911869546035159 0.17475529470463635 0.10623442898518931
0 0.9475532273988451 0.23686358614033276 0.10111720903995493 0.15237494727468584
0 0.042184372503394574 0.38720553437066035 0.08436874500678915 0.2503726072028591
0 0.738097834041856 0.17413210860758385 0.161171403595416 0.15347130349283392
0 0.3887307486266452 0.06234477290898392 0.19850004120824807 0.09080758685706405
0 0.05202444992541236 0.05235902424120104 0.08345110014917528 0.10331796753360442
0 0.06289315372395346 0.8874736962899749 0.12578630744790692 0.21244739257994966
0 0.34019835664427844 0.15456653813575152 0.1447221141347284 0.17412586221329093
0 0.9156595654398327 0.8233438979017996 0.13122214160689355 0.2261704290286275
0 0.9296414460560859 0.3669631489082297 0.11566616383511039 0.16042653430550294
0 0.5200793918601665 0.3262648456543062 0.16871861638249705 0.1731220970082424
0 0.358635876629796 0.9455504654555866 0.19929726773141176 0.10889906908882671
0 0.7733461332420298 0.08474606808974677 0.19107870629324544 0.07836833180319396
0 0.952118600777921 0.5956666994903687 0.07956651223672531 0.15592256672846033
0 0.5002320236079085 0.9640219228597319 0.12191263861071387 0.07195615428053624
0 0.33579598464489435 0.6824907850947418 0.12983748501403036 0.1468435059517047
0 0.20007413836377813 0.3244706921122201 0.1485647427564856 0.11911741686458886
0 0.31267119068613447 0.28410606852412934 0.1222902722269492 0.12719271243629612
0 0.059407179073085334 0.7045013724079077 0.11881435814617067 0.14938736020043072
0 0.20118395355287294 0.9449559918399628 0.17260320429494713 0.1100880163200743
0 0.06595618194453011 0.21920446552074407 0.12760147602295552 0.15631888247220943
0 0.4100905226074919 0.7686318093142237 0.12254202797110626 0.14161578935937305
0 0.7887653140664779 0.8556569344590732 0.13468713661241558 0.14952736829531033
0 0.8192208173121281 0.6962093352424982 0.2141399375614172 0.161359173887881
0 0.828719137116426 0.5656197441425221 0.143589213286022 0.10922201605944479
0 0.871367791586256 0.4658364202170166 0.17293887862048998 0.13974826704415585
0 0.6008478271738148 0.17937280104559095 0.1834354083404238 0.19078906865444412