0 0.532670344548278 0.7196556257164475 0.1406000256459991 0.13901447134924075
0 0.6893863275327295 0.7482140434177844 0.1558079995391347 0.14938573739659233
0 0.4601377354599461 0.7840708833445753 0.1372150582795797 0.12686926034134907
0 0.30018385410791953 0.7744912743966854 0.14580016643872076 0.14407412413425538
0 0.683498608426875 0.953824662525904 0.1608610713330119 0.09235067494819195
0 0.9389344186539416 0.4450110270304996 0.12213116269211682 0.1708943725425467
0 0.4539558783564024 0.9429188106660552 0.11661071935120773 0.10903449535513669
0 0.3330056317088659 0.20893708381096499 0.18980513893434015 0.18467732665303369
0 0.8151488289078651 0.1336755140363025 0.11700316783623722 0.11384218766282897
0 0.7226497088623755 0.15874737153226373 0.12941484709049705 0.11927978116382706
0 0.5704225042000091 0.14119523188122624 0.14261142331481602 0.13433275928020977
0 0.05855034242962284 0.1454854608077387 0.1061121272784242 0.1563555370000928
0 0.9081876648033116 0.08589309831746396 0.13849071422200782 0.08385199004944054
0 0.9072667974488285 0.8328644617799541 0.18546640510234297 0.21123539296471813
0 0.6207797902233543 0.39156806178756765 0.2740868233178001 0.22021065476751303
0 0.9098310924258927 0.21772669606301895 0.18033781514821465 0.17480998156032673
0 0.8144116986188963 0.5058358478567844 0.19579017669712057 0.19935236405343287
0 0.7023628953570302 0.5406541810164335 0.16664948812111155 0.25287710225063825
0 0.6047861258958285 0.6061504922924652 0.16076276084567154 0.18076171763525364
0 0.4681101883679569 0.6324974846039644 0.17842373613632348 0.16253879031377377
0 0.29461643755025235 0.5743370316245067 0.1667477986084519 0.19543675503565275
0 0.20464365503561827 0.6450189759242142 0.13329017669712043 0.19607687784824288
0 0.12359947228756746 0.707791379640105 0.12735429417801022 0.15268166684035067
0 0.1590435175137149 0.834114172146047 0.1608119160893417 0.15204154402776082
0 0.35228317579031043 0.8849319956156629 0.13162246900182867 0.11700191524864213
0 0.2301528065625253 0.950212122081867 0.2606452643394623 0.09957575583626593
0 0.5217049760267113 0.9674442003266097 0.1679255407957057 0.06511159934678054
0 0.820297235697839 0.9298048542236198 0.21453058368768596 0.13570832028619834
0 0.9924681589902742 0.9470761585418734 0.015063682019451527 0.10584768291625306
0 0.9799341867250875 0.7771776162869408 0.04013162654982512 0.2043064798383547
0 0.937388706420452 0.6689517708638173 0.12522258715909593 0.16671658142816012
0 0.96153766807413 0.5866438689397888 0.07692466385173993 0.13825858991727402
0 0.7951079899869534 0.3133391851911004 0.19735997063723795 0.2185831332842021
0 0.6769032958059591 0.08214946682512389 0.3009219762273028 0.10911958911666111
0 0.31831319277601783 0.07293080576066557 0.42508792401357415 0.13477535051914935
0 0.06259791375517444 0.0631196795740216 0.11126350955964151 0.0728508228087832
0 0.32128014220515844 0.38783976272415377 0.2189945860218532 0.21971695543215256
0 0.129855657354865 0.3299363810316605 0.22517584802714818 0.23679583898639797
0 0.10326568556546409 0.4733533895207743 0.13863778322085243 0.11497600981077948
0 0.4907273135277259 0.23515464547778636 0.19495612448339167 0.21845715304554092
0 0.8075184790447162 0.6706304004435493 0.19059003590439888 0.19429271126841824
0 0.6077532736910519 0.862417178964045 0.19049212214922442 0.1344485178995867