0 0.2670473250746878 0.40688235477378754 0.2383181087499286 0.24654909460980626
0 0.42961462456545685 0.3879974101270881 0.16133908926209656 0.23815865241382556
0 0.2649388615164346 0.17468727905961565 0.4893530461979001 0.34713533943905106
0 0.43998018141315265 0.9310821298585673 0.21573246976447452 0.1378357402828653
0 0.8880203024776263 0.6787246786875876 0.21243522670517315 0.2933944474126301
0 0.7988436071463652 0.2813293561073899 0.3689089969641938 0.31990267735398514
0 0.7466171589629376 0.11895446586141792 0.415419528227971 0.1875265114187807
0 0.058543747674196636 0.3802028695040714 0.11708749534839327 0.22675189285429667
0 0.24645658038734844 0.9276376741741165 0.22772372925132775 0.144724651651767
0 0.31071961324245173 0.6843059776023478 0.3412656082602771 0.4219245307612617
0 0.7178926655609128 0.6239004523729477 0.1949929354159427 0.23972610548995157
0 0.6581025116902846 0.8015018514951928 0.33472369644517325 0.27266214735478217
0 0.5451653835137098 0.585791188201222 0.2143635610585999 0.2526410237312545
0 0.1171277681413316 0.4756619307113827 0.13383387283943968 0.1455809282935725
0 0.5324930379351754 0.12461494273461592 0.1895978461783205 0.1890214143911644
0 0.5895411640674841 0.2860118317716829 0.2551730031092293 0.24973666730171543
0 0.6253322871272751 0.41394914932574556 0.18221848002251642 0.17426245466606047
0 0.8867467670641312 0.8862620156499484 0.20938804105664188 0.2274759687001032
0 0.5950842009009847 0.9302210604746927 0.18699820104783116 0.13955787905061465
0 0.08456143373895597 0.7940299379648129 0.15172370464671184 0.2377108086777895
0 0.10084207474420166 0.9409114945599273 0.13841779488811115 0.11817701088014533
0 0.04272210663223935 0.6018868731307866 0.0854442132644787 0.1893506693384962
0 0.8845560737893733 0.45969477635256495 0.22344749130881014 0.20741579054421366