0 0.6134102814501061 0.899980439564785 0.3070249257651711 0.1831714860119122
0 0.3525380285565698 0.8552751560964573 0.275665035362714 0.28114174824990484
0 0.19791460238082215 0.5816441208805693 0.19929944996431637 0.20051408716150393
0 0.14827509513231799 0.44314414835273475 0.16234655541217963 0.16142315933957307
0 0.3683439431850426 0.17618861763491894 0.16212275485106845 0.15180777472418833
0 0.2040721326285255 0.16223590597045473 0.18213682604572665 0.18579729520357718
0 0.41636692599978625 0.0793600693066243 0.2970738403081198 0.1587201386132486
0 0.04208925312815145 0.6938513730023355 0.0841785062563029 0.15556648476455975
0 0.9056814541457795 0.4731752229083774 0.17263535158899593 0.2937605756731899
0 0.8193738277417734 0.10343838412151342 0.307024925765171 0.18317148601191208
0 0.5662126448160788 0.2436194580458755 0.23150060234903855 0.2419249425558953
0 0.5733911835122325 0.5030040665624496 0.11779047141655988 0.10537943056864048
0 0.8524571181633007 0.6951682548760801 0.20181519639871828 0.205363738759889
0 0.4774571181633007 0.7017139042241618 0.13310875058408117 0.14409272477433588
0 0.3178601591371258 0.33205490072650606 0.1722416907289531 0.17361022727157513
0 0.07454017126602533 0.8146581737018667 0.14908034253205066 0.19279903721165134
0 0.6407797862131939 0.6532085751793187 0.23921569207307714 0.2636854358125891
0 0.7516114997385146 0.4854760021281032 0.23574879325395307 0.21797039959881942
0 0.7809931996735041 0.25548910152886717 0.16525395282852584 0.18309973401488122
0 0.9698639781103096 0.19332204608559558 0.054005628068269335 0.15232345279685716
0 0.8666243996989309 0.9123806574736144 0.11153008533974375 0.1461189373119467
0 0.7506832977286853 0.7834480269782943 0.2252402162722224 0.28266444929920126
0 0.7724827487169864 0.9308439928875578 0.15401601414508548 0.1132203583905712
0 0.34068966302531994 0.6932882761013454 0.12019431757040604 0.10542138985933337
0 0.37415069850534144 0.5461291695830697 0.26057055675630364 0.2520438386595939
0 0.1902254778488242 0.705526116385032 0.22725040156602577 0.16255606018827962
0 0.5051353536369655 0.39005917333019574 0.17168218932617527 0.1495717657331136
0 0.15267120090032046 0.049893339161069604 0.17542682896858983 0.09978667832213921
0 0.15532179799017068 0.295244670955157 0.19946730038514973 0.2077256256230424
0 0.08200599770643678 0.5308994293212883 0.16401199541287356 0.18567141733149867
0 0.012654617870031729 0.8469781356145337 0.025309235740063458 0.15219757492477862
0 0.07741808620365884 0.8902324700305955 0.15483617240731767 0.11587596028857441