0 0.30429075491442326 0.12607027097681203 0.259128130049082 0.25214054195362406
0 0.10876584271764561 0.08710163286448211 0.21484462301907495 0.12868134965565117
0 0.1841941948172911 0.7504711159836828 0.21037944136810485 0.23897849361489612
0 0.7284117795982509 0.703343651055454 0.2182627454336975 0.25361140487623174
0 0.7855277129837754 0.430882560144596 0.22251063307134444 0.24173206366583982
0 0.9210584014118894 0.34000752228212494 0.15788319717622118 0.24040311285686922
0 0.7372333177445773 0.0916825838975286 0.20025691862233222 0.17626865927663765
0 0.5329623751346588 0.10865705473355106 0.306309365653933 0.2173141094671021
0 0.9696985321606812 0.8569522243549687 0.0606029356786374 0.14229081287927686
0 0.3758234936662342 0.6269471825328214 0.1534115658195082 0.2013120713805552
0 0.1395482935664763 0.20535759729596187 0.1717466475782053 0.182640860385142
0 0.4248288871908007 0.2837125196423408 0.18007779537983382 0.2068891562618621
0 0.32130236717805 0.8259161038028231 0.1560393338413723 0.20618970846766707
0 0.49845260863691165 0.7016099159515558 0.1751054755984756 0.25475624500052657
0 0.5528551463363917 0.39673187435348434 0.2461605452681222 0.28563079744984626
0 0.8576149292167057 0.16930070025620286 0.2847701415665887 0.3386014005124057
0 0.8052061478016287 0.014456026757988747 0.29310460329556504 0.028912053515977493
0 0.9224777075766115 0.6261351593692367 0.15504458484677686 0.32969514444627446
0 0.9027302147313159 0.8800078458908925 0.13836938983203403 0.1360585013296115
0 0.18630174714832906 0.9249248240860777 0.21093261818345474 0.1477722293275814
0 0.4797125860487449 0.945272687232761 0.19141863269031545 0.08959030817933702
0 0.1968126410868335 0.50457936049718 0.3364463841685381 0.31706490813452193