0 0.2236614708379481 0.21650324948770655 0.2757901580202749 0.2629823624446066
0 0.4456141425022015 0.35022073050509245 0.11331745835817951 0.12209822743469732
0 0.5501653086861469 0.3916431879485719 0.10354802828179602 0.11930258438119332
0 0.47339259241275666 0.5779229127805835 0.17291919280461193 0.19165875191542187
0 0.22063591562313778 0.48730529646054915 0.2825395600988165 0.2560646716578115
0 0.370870773021554 0.7739425038308437 0.23665155649260355 0.2134362009939668
0 0.17653004910980677 0.7156747712193758 0.23665155649260355 0.2134362009939668
0 0.161965383422781 0.8625318174317699 0.20984027665616076 0.16918747797559172
0 0.7052023311752872 0.9437605701076404 0.21295346889286457 0.11247885978471928
0 0.6286574384246257 0.5315029462403217 0.1796685948831535 0.18474106112862684
0 0.9259966372845502 0.14323480929900728 0.1480067254308996 0.1475079781219611
0 0.9347862205184998 0.283049683121742 0.13042755896300035 0.1403943888853371
0 0.8206750237243386 0.40386439882837044 0.1528573150467107 0.14049233811025152
0 0.7805886382996867 0.7510773343652102 0.06983330090581265 0.07956770599576703
0 0.6711333709004177 0.12804449915038346 0.16012973473038628 0.17914977502161886
0 0.9398517368174469 0.7153012193019348 0.12029652636510618 0.16492259654837063
0 0.8952632064698877 0.8974588964006551 0.20947358706022465 0.16967722410016386
0 0.09095551297668812 0.27822783597527534 0.14355002135332404 0.14490823351828605
0 0.07176764105403755 0.4464746245099986 0.09978637118437171 0.21025694132768946
0 0.19352391448732162 0.06422837338362605 0.2716632135900279 0.12375518397135857
0 0.38509182010108767 0.07922687522586315 0.14727939543402366 0.12827720889119185
0 0.5374261175426643 0.1741440856379522 0.24663591325212325 0.2569992794379409
0 0.6868478503279671 0.27973167990497727 0.12058987804185506 0.16075566434606464
0 0.82375961775563 0.2649310680298657 0.14851175912201542 0.14750797812196112
0 0.8144703079762616 0.13868017034048546 0.16185651781809932 0.13126875039452468
0 0.7314352394014271 0.6387862998522843 0.19045546196439253 0.16600003802242969
0 0.7859248754294813 0.5163329797000599 0.14897389550501217 0.15471951658349944
0 0.923180701607179 0.5526987816301188 0.15363859678564204 0.2068654226378145
0 0.62993085701508 0.8132692247428436 0.30238651117358156 0.26646365007251166
0 0.3499418189084841 0.9287845104999108 0.14881985004401316 0.14243097900017843
0 0.5125865479455969 0.9353777310905707 0.17991580458301415 0.12924453781885875