0 0.6278228153062255 0.5312315408000858 0.19641970279558982 0.24341286107007895
0 0.3665229757709503 0.4929598191276374 0.4994058628835739 0.5368085649594706
0 0.1282512212741454 0.6730197681775815 0.2287186850629105 0.3047823548401206
0 0.27568368693647355 0.2430394162614865 0.19785848526350072 0.18822234875653182
0 0.8572730581874464 0.6714973579391166 0.2479494542936798 0.3055659486394363
0 0.5233427797186666 0.2567339556584439 0.16660848526350072 0.186949008832644
0 0.03686981518402511 0.11680487914587488 0.07189342157756565 0.12784052752251898
0 0.6434952341345468 0.933176914360365 0.2070123176812642 0.13364617127926992
0 0.5930874644099065 0.12385512471356971 0.18853681568296593 0.20465747493379716
0 0.636338445302605 0.33100013307850423 0.18161899225627728 0.22119055033597684
0 0.6851970747949737 0.7905979622097423 0.2437833179307347 0.20450646095298344
0 0.3527557273912406 0.933788101257432 0.21401405968933862 0.13242379748513608
0 0.15473213473378272 0.9468439791751487 0.18698432192733117 0.10631204164970252
0 0.13417964784618935 0.8750407943255728 0.16792138985933333 0.12454695805755843
0 0.31007119692289525 0.7681063446615498 0.17457529095751026 0.23051208727661804
0 0.38618885801636577 0.10581610675554252 0.21949310064811614 0.18910389178076192
0 0.771406569054619 0.22480439274478164 0.2884372052928288 0.28559647007836647
0 0.7641442582413961 0.08398349429495276 0.30713467032894604 0.11820878233336574
0 0.7850710252218618 0.45716734349059335 0.24226061688143802 0.25488928095883795
0 0.8629077697246406 0.8566914610101849 0.18799134490395902 0.1734074749337972
0 0.8221412000438104 0.9237268056734175 0.1950350462027265 0.15254638865316503
0 0.9537869118355448 0.8967650715393697 0.09242617632891054 0.1918097658962359
0 0.9512693543939749 0.6107073792316773 0.09746129121205026 0.1966174582039281
0 0.9244974556683019 0.1878039123700756 0.11341798825968069 0.3048884843519194
0 0.49760707292141065 0.8466108711308811 0.22741794705143276 0.23026312407088986
0 0.1068717151570502 0.41151681591087264 0.20342144480366403 0.2316874779755915
0 0.09965744692669752 0.20463912284273178 0.19478329045856932 0.14966286107007895
0 0.16636281281152115 0.10406529113740895 0.2357325936553396 0.1561356902013169