0 0.7614398228154772 0.8262557055499038 0.278776728516486 0.2979267120361349
0 0.5737439243656483 0.8343362225316369 0.19484619186858373 0.18356128621250234
0 0.3749062480273765 0.7621396491036807 0.2404662040357612 0.24200886113728123
0 0.10806904603742362 0.265951861264551 0.1976418349220876 0.19321863011857984
0 0.1553501048847046 0.11013635052464836 0.22776132869212928 0.22027270104929672
0 0.5289563735013948 0.16492192432934488 0.26563517180418117 0.21122041333490213
0 0.8999894298923596 0.25573204421203255 0.18865903012520463 0.2675280644343464
0 0.16119046130628956 0.8487437793469959 0.23526671482841108 0.23230955794051084
0 0.04829736238740497 0.8066013661342942 0.09659472477480995 0.22333572926987316
0 0.324196859199241 0.29701031468761907 0.2036249179287533 0.22214870254611932
0 0.2829295058800176 0.513922918958126 0.2208436379053341 0.23205780219635377
0 0.6247919382286933 0.5247706431113208 0.29800749774725516 0.29826238636167773
0 0.7305182760462058 0.2586901742058771 0.23697673612097164 0.3332291371113563
0 0.42066500374504134 0.582381761991057 0.20372286715366775 0.2245525486999655
0 0.9071662556890641 0.10907644918207074 0.181357722725636 0.14729379745134585
0 0.9793571472948557 0.13544092158517015 0.03482105656593531 0.14713812687292938
0 0.9053215809894581 0.3901586120192994 0.16467363334264243 0.20945812312580328
0 0.8621360374975187 0.5362416733327305 0.1770397765425161 0.15922910963919096
0 0.9383244952337372 0.5529278221844062 0.08828518701315274 0.2801888511483244
0 0.8081066539353218 0.653688377253472 0.14780182579670453 0.14911021353549242
0 0.7436415877762941 0.968292425080291 0.13608462298910132 0.03840741258649088
0 0.6215841546671695 0.9572111950594715 0.12754667984777568 0.06468188311602702
0 0.5152577439609952 0.35372874563300005 0.2665615992974261 0.29290922327497854
0 0.3557508786781654 0.08692826173905181 0.2644597811052076 0.17385652347810363
0 0.11573970810214246 0.4834369992515887 0.23147941620428492 0.3023567707275919
0 0.05501506458092902 0.6899309090913699 0.11003012916185805 0.1778304895095678
0 0.21175690933164673 0.6689019736529864 0.18886310886191796 0.1546312137849627
0 0.34297878373985974 0.8972165859166865 0.25783593799315585 0.19667145853974688
0 0.6605230617141051 0.06486524038651652 0.2218313104413629 0.12973048077303304