0 0.8012058166794465 0.7384041114285227 0.19634147249907785 0.17655762715250872
0 0.63283280737996 0.5313734624448849 0.15501395150069625 0.1691083408381185
0 0.32606108764233377 0.7351565666873298 0.13485890950393312 0.15457338257252326
0 0.2600683089701009 0.47462595493522536 0.16012973473038633 0.17394400348144037
0 0.2107968324388792 0.09977279919728076 0.18928397949853812 0.17891951780291032
0 0.49056357423971453 0.3001435224929153 0.18299671380299343 0.19330063922254287
0 0.19598820172076217 0.9006381605429569 0.17393662980946745 0.16441252987294447
0 0.13965738978334488 0.6220157693818399 0.20080879086804732 0.2462691656140471
0 0.090169144163331 0.3000682067802327 0.15723146917681863 0.24120974028568837
0 0.6970023940568482 0.25685950520072026 0.1796685948831535 0.1788635771316511
0 0.8273492454780368 0.2645177676771828 0.14114617519947797 0.1401922611528907
0 0.767086589473834 0.11216722543206277 0.16743443743078665 0.13794225184500733
0 0.9573234399437782 0.9092512015941353 0.08535312011244346 0.1426380628101815
0 0.49515958453304026 0.8784573222584151 0.1433959758923251 0.13780240016685935
0 0.8929642801203967 0.1438989123665238 0.11889537797086656 0.13045101002717294
0 0.7822439258738687 0.3862196721383391 0.19393762634523143 0.1765436419846938
0 0.957554728206548 0.13869264277610982 0.08489054358690414 0.19998074130711904
0 0.8858011661839453 0.034980033030803555 0.20429464006019826 0.06996006606160711
0 0.6959743427605987 0.036650459229522314 0.14675637782888956 0.07330091845904463
0 0.3720855929380699 0.10244156218445863 0.1550139515006961 0.16910834083811854
0 0.49400468371809086 0.055315630518941714 0.18031705974387408 0.11063126103788343
0 0.5483204479654715 0.15071347625563944 0.21828417880569098 0.18149118597053404
0 0.5397008316296119 0.4477493056855095 0.1816103046540028 0.17166602383792742
0 0.4196482702955969 0.39434104786298885 0.1514709058977201 0.11381987929965695
0 0.2967620094414636 0.25918803564188386 0.23076554595791848 0.18877265027114648
0 0.07436334290257571 0.09094757656343215 0.14718623119516183 0.15945100071928955
0 0.10118339462475631 0.4719432067802327 0.15122369619785936 0.14745974028568845
0 0.1350466402447702 0.7939816729726359 0.16216460874009744 0.13070274304783916
0 0.3053470602123998 0.9372754359598138 0.14922110520487294 0.11620974028568845
0 0.6591136999886442 0.903955631123224 0.20657303895845802 0.18622895243915247
0 0.8507120462134788 0.9292931105581628 0.18302899681971824 0.11880937878894161
0 0.9380193327938218 0.5366970032514259 0.12396133441235636 0.1523373584324547
0 0.932505058011756 0.3443823183598261 0.13498988397648815 0.22442477271220962
0 0.9516398993951791 0.6520256779647821 0.09672020120964166 0.13299470785916703
0 0.9768094896285895 0.7781087271152793 0.04638102074282102 0.08948772923708476
0 0.3574992585257135 0.5690464416351863 0.2240161438793769 0.1959422332292406
0 0.5006964492432648 0.6271295326711588 0.25480400749638005 0.18891250194929435
0 0.5454577100973981 0.7627370628462445 0.2215514165033938 0.15748069476770227