0 0.4853676390791285 0.7179423107028524 0.32282015795093066 0.26810138882285384
0 0.6819739919302263 0.6887288810917529 0.17493596179898782 0.18661639581043532
0 0.6799889729695004 0.8636209775949782 0.28210119681277546 0.1762157174928261
0 0.11123071791481377 0.8450750095521813 0.22246143582962755 0.22331151935717594
0 0.2584901236830929 0.3199822890338899 0.32294613818959184 0.2705052349767001
0 0.7690145844209415 0.11998488565233142 0.29220005914423663 0.23996977130466285
0 0.3836518795892486 0.46654376665124886 0.1837954649824056 0.1729782158574171
0 0.08113498330133254 0.43857963006599654 0.1340705771836033 0.18328058368768596
0 0.09168844849340821 0.6710904997621072 0.15950504296662174 0.16620828112457803
0 0.8425924138062302 0.40993227922143494 0.14938573739659233 0.1558079995391347
0 0.24387641599839865 0.5988284428800438 0.20516789827041448 0.215413394412919
0 0.48951310493203704 0.8672015741056636 0.2617263838147717 0.1984881608486557
0 0.8175070138837337 0.8200823848159763 0.17732958633354995 0.23228947273351197
0 0.8223265882143358 0.5911037498512125 0.21843670980697283 0.2859098298445162
0 0.647659579725222 0.5670646932145023 0.2775352433631214 0.22610781399605145
0 0.16563897818627277 0.10906847400835191 0.25121891590947487 0.21813694801670383
0 0.19358282712323016 0.04133156596591913 0.242642038061232 0.08266313193183826
0 0.40837978203433 0.15572306887616796 0.32521378248549265 0.3114461377523359
0 0.70414651393459 0.2656519580148298 0.29285040357611053 0.1986352298475003
0 0.653119276868414 0.37154368016107014 0.21693516856232292 0.21158682331780007
0 0.884057034757068 0.2581466782877681 0.11725387572596446 0.136430161309521
0 0.025432805379392916 0.6601257263387891 0.05086561075878583 0.15571008578396026
0 0.09702382580156456 0.2039102937022245 0.15520127161357405 0.1754312172549333
0 0.04813908299444089 0.35836949953167446 0.09627816598888178 0.1891185524516217
0 0.24404328271419654 0.7783320074484466 0.19605643460967445 0.22424388205824478
0 0.5164779868151667 0.3755169235228678 0.1557051925682186 0.1850466018703179
0 0.9233681096277565 0.3758126484492201 0.11748539296471841 0.2321915589783378
0 0.9243929443695976 0.15073411907899767 0.13912000834933352 0.23395757716096982
0 0.12790955711088184 0.5508492351922123 0.1686165066273617 0.15737779347925213
0 0.5306746573091317 0.4928394020768777 0.1936628100751124 0.178570805135168