0 0.6668748869282994 0.33621747377687083 0.20529387850907563 0.2144007592639923
0 0.43161623525528026 0.8757628576823703 0.11813573739659261 0.15131686043672124
0 0.23186548724729553 0.7671313291876088 0.2983833124579173 0.3449463958599547
0 0.2665238545031799 0.23988651117358162 0.20340417492915833 0.17834306695629998
0 0.12942119037605018 0.320942059743874 0.15735315729009788 0.16820466473578138
0 0.4799571304312008 0.266740688318143 0.21945477333554606 0.2560363711843718
0 0.9408069812648553 0.29271164759917323 0.11838603747028933 0.2208743534372607
0 0.8488759637115962 0.6090198868160285 0.2090835072881943 0.24099711241729913
0 0.7918203284258619 0.8688986226396362 0.26767811988969853 0.1704830636340408
0 0.9171012933574113 0.4708434726836494 0.12875896392126626 0.1711638115114862
0 0.5793830123842205 0.6324781343385311 0.18214750026052628 0.1841681962688478
0 0.942671960998375 0.834470864369483 0.1146560780032499 0.15633947942754936
0 0.8406277084853071 0.15449233615867553 0.21010157081676795 0.21470885018599023
0 0.5013755610059886 0.10400279504216842 0.32005881431966937 0.16425667916063344
0 0.2663025588837101 0.09852172447965539 0.1760800055662225 0.15982164380838842
0 0.07551174024959376 0.0922847257148538 0.14723385172006864 0.15797309827640096
0 0.107740577704656 0.5243912921742342 0.1701282694912956 0.18339796896385308
0 0.3364311345359777 0.4995161948916724 0.2792887450850934 0.3005988468637314
0 0.42628762916039153 0.6598018174887138 0.12219776989160198 0.09168284297356412
0 0.7609857052129656 0.9661319282945745 0.16647484257012207 0.06773614341085094
0 0.4985834229181092 0.9713042068035329 0.14130255888371004 0.05739158639293425
0 0.5828168040895497 0.8351409979555342 0.2283142765189637 0.2422294761052906
0 0.26926807570312383 0.9685636715222764 0.15281786869829617 0.06287265695544711
0 0.6673430322154493 0.5051494685095282 0.1956887155129753 0.16826554595791848
0 0.6989403080735804 0.6509206923502872 0.13584452214414383 0.16922210174063684
0 0.6878574974774151 0.14230660323139568 0.13280055317770753 0.2025678569724852