0 0.30577961144577115 0.12083932317468338 0.20817602411088626 0.19334450799065828
0 0.5456516115326477 0.21646532467150598 0.3732702426292017 0.3066907442533082
0 0.044823417233814104 0.5875664641604359 0.08964683446762821 0.208786774474718
0 0.15032785080942165 0.6414939785201946 0.2190514815801888 0.2151469605380449
0 0.2205960569247879 0.2613235489494359 0.2225753924930731 0.23441968905950702
0 0.4228143690337607 0.6522659733984463 0.36703876083182163 0.3233917894581528
0 0.5135564381443065 0.9476006462271663 0.20609961122857984 0.10479870754566725
0 0.7979651098238552 0.552937493750565 0.21270370022881918 0.18862073426435158
0 0.7541747742121316 0.9872099818905803 0.1488747449026917 0.025580036218839333
0 0.5047766157972788 0.44314625436699995 0.24918141682115083 0.19646166208628257
0 0.015406498312926557 0.7987063124373155 0.030812996625853115 0.17914339410540017
0 0.5795447862458557 0.8739741033922909 0.20873605649040528 0.20295989260604286
0 0.8904990893260261 0.28625134489888954 0.20164081758285646 0.24606128621250234
0 0.24520864826367442 0.5204293387843291 0.18145370022881904 0.1880752634853448
0 0.9071893690337607 0.6607207704730518 0.11839366784929996 0.1773689373119467
0 0.09196882230358942 0.4660192925816028 0.14313216986216035 0.18980776098810567
0 0.6488255677275402 0.9789914204524138 0.16894556270273936 0.04201715909517226
0 0.7091820324663956 0.09419267856653996 0.2630681699055985 0.14627460789036312
0 0.7576857092793404 0.8313640546897907 0.18626139253651147 0.1881591820667306
0 0.9276790895432174 0.5154978746188236 0.09871916579300141 0.21064514984955723
0 0.22117755469473627 0.04476759864981787 0.23552950599514288 0.08575886113728098
0 0.8669054821883244 0.4434515122316556 0.1999844289851893 0.17639170704165677
0 0.10790235259423117 0.8606486750739539 0.21580470518846234 0.17482704670166718
0 0.528971426001987 0.9514581712020926 0.17923727925163283 0.09708365759581465
0 0.6602576928506705 0.5830187169033432 0.2061922022416793 0.20051408716150393
0 0.08694182599266369 0.28183134677752225 0.17388365198532738 0.2191993856132663
0 0.8363363004227549 0.8856752859579622 0.11724989454937183 0.19896159340586905
0 0.3009560616238017 0.9459012949541067 0.16976190273112807 0.10819741009178657
0 0.047611724860964405 0.41687240759201255 0.09522344972192881 0.14143712287633278
0 0.35786086264767347 0.32147047514727417 0.17001821037999745 0.15665742632257354
0 0.7338872148183816 0.26907993443543216 0.14908363546978073 0.16829902347556877
0 0.7485914295064486 0.38844795266705223 0.15008740067482926 0.14430252122780005
0 0.3994240445869961 0.062316642729510686 0.17230575697985395 0.11347211413472838
0 0.12966880578804296 0.12859360264641445 0.15769525488011704 0.19246336288610882
0 0.8653975912302909 0.1594829713976132 0.1796335949953822 0.1568252634853448
0 0.2584868303115927 0.3750805650580225 0.16465048569278606 0.14695812312580317
0 0.0887271707309255 0.7282483198042977 0.17510591887744928 0.16154903721165134
0 0.23652926795635926 0.7933917551179461 0.20362463945206338 0.2388917070416569
0 0.3594291465331627 0.8316313305416655 0.1390482265697569 0.16091964785125923
0 0.4458631627880797 0.8969067270195699 0.17466218605191977 0.19516092407480473
0 0.7836250127938935 0.695861441677679 0.22626302004172716 0.21527283841012343