0 0.23539890305864042 0.8527752247768708 0.26340376238289565 0.24255433191628784
0 0.528445172497984 0.6794079401884611 0.268547098718143 0.30033055818998106
0 0.7971321228942748 0.35503892046001834 0.21279712664179312 0.22003857142712296
0 0.6813986796694391 0.2104393306740053 0.24168523599139144 0.22775362137697538
0 0.4812649028715067 0.11854099900211829 0.3115086557954482 0.23708199800423657
0 0.16343196541561003 0.41537403971142545 0.18385307662093583 0.2027081368618859
0 0.06880170119842727 0.8292910470784076 0.13760340239685454 0.2116102135354925
0 0.6753726750515606 0.8330774438108519 0.22012054644585013 0.23939521852997048
0 0.7519748944700466 0.6803134184617202 0.23711529153655092 0.26853508741097437
0 0.7842458117205268 0.504287178451944 0.22691252987294447 0.16740571178666455
0 0.9149353709557005 0.14386927947680073 0.16948594036911785 0.21207176573311354
0 0.11106560259529154 0.12064504682893722 0.12597896174703574 0.170451113885258
0 0.08366531090767029 0.2857700605650199 0.14054189034826065 0.19474133116787654
0 0.05896335525315533 0.46409524850191003 0.11792671050631066 0.1535402722269492
0 0.7314397174691916 0.0785695498301869 0.23405414249540912 0.15551235888951226
0 0.13454545877631063 0.011326902472799062 0.11071677475507104 0.022653804945598124
0 0.23387153395866733 0.0852587031723302 0.17648770131343458 0.1705174063446604
0 0.3135193145401813 0.2324841021500084 0.24635307662093575 0.20379907841989955
0 0.3921539718102719 0.3500898301725296 0.14006639464255763 0.11301056193710729
0 0.4852466689229765 0.46143418706627837 0.15697722872636943 0.1277273538950339
0 0.602133888492533 0.40771646915998383 0.29259954542441935 0.30315399725075554
0 0.23346436138173937 0.5655785483282946 0.23689152885151393 0.23007354894943596
0 0.31669693344230043 0.7191580500771225 0.164454485376389 0.17352630869018965
0 0.08266617276406175 0.6055025786719047 0.1653323455281235 0.2072640734254213
0 0.8229085324050808 0.8821796397409352 0.2007219552013032 0.21021339035827408
0 0.9035430686726874 0.6560353677634564 0.17450341019403234 0.24821337662219142
0 0.3968000333329446 0.5843599319457975 0.15961882273306707 0.16863469780111154