0 0.46827292769466083 0.39387349150533113 0.2497239110871334 0.2638952322660534
0 0.45571368568405174 0.7757493556413271 0.2028759740246572 0.19579031343519715
0 0.4949244080858837 0.8881785708009121 0.1631976161330267 0.12540742632257354
0 0.5225625555629372 0.9520097252732769 0.1676696341151763 0.09598054945344632
0 0.701166562181508 0.9326314747705337 0.1535402722269492 0.1228357430059561
0 0.8368139266967791 0.23689466345583507 0.26448266233575307 0.2833777572409796
0 0.8077783322879586 0.7073981406039423 0.14417664335572164 0.13709098276626172
0 0.5901733997210198 0.6315064198262029 0.13232524974926216 0.14649657092818202
0 0.06814625436699995 0.5310760795450513 0.12135500124735216 0.20638292832087182
0 0.0439791851876457 0.31677711788185453 0.07956651223672526 0.15278500499447828
0 0.1397824606627802 0.2295341614626065 0.1274336388601842 0.14160496003910408
0 0.5738925711776525 0.18063840846262422 0.21784452172674088 0.2272920691793542
0 0.8269379732762459 0.08412455481452583 0.19233748501403022 0.14273786088781054
0 0.2972824263225735 0.16619770541756404 0.20254029969911455 0.17655954420442804
0 0.44092514172909414 0.6168857130340167 0.19827807817042908 0.2077256256230424
0 0.8861015859116168 0.3759340234704991 0.13920111388525777 0.12739167956949132
0 0.21461576235765825 0.7306880419566594 0.2900018656328184 0.23095469405398522
0 0.5862386632114343 0.061899779591396586 0.350361941807484 0.10944948176584507
0 0.21931036713217583 0.10475885426923964 0.3104616208780345 0.16402463536252848
0 0.02815655531853635 0.16750788024458244 0.05295636738164625 0.14270806818147252
0 0.06733140172185294 0.20904461351105233 0.1307186301185798 0.1921276885605662
0 0.16408149100639033 0.38255602584807274 0.2734686575907451 0.24748790209605856
0 0.3140220772947477 0.43684019417872055 0.17369414585296067 0.17605603271611406
0 0.2476104264447739 0.5558366620862826 0.3046766983000523 0.24562952672121915
0 0.6585395111115735 0.3491323320384882 0.17866967532342445 0.18575533591288432
0 0.7502301523442616 0.508136748871046 0.16138120004888032 0.15901931318572693
0 0.6705012624823935 0.759072019850643 0.1394109103387221 0.1394109103387221
0 0.7705065503189884 0.8437250430767413 0.17572035839057148 0.15446337662219142
0 0.9007134796428116 0.8557530869069638 0.1985730407143769 0.1984039560425076
0 0.9421155219762114 0.6762198926009731 0.11576895604757727 0.2642011138852581
0 0.2523667226462328 0.8937421540956243 0.3138305307178158 0.21251569180875135
0 0.37455817993862733 0.9410306637103751 0.18483223151764208 0.11793867257924973