0 0.7083602064981671 0.5249407916932215 0.2619503440846127 0.224006916956362
0 0.17855233449528018 0.3377666717671341 0.2355438991428906 0.19247720413258607
0 0.391993462155362 0.8648637783993736 0.2072083402545958 0.2305751159232156
0 0.6972474803515145 0.7508324019488158 0.1908174478178074 0.17274295181901997
0 0.7928893121392251 0.8674041127038515 0.18801343377441226 0.1991293169465724
0 0.33728358378340406 0.0839519599838469 0.2244712939716534 0.1679039199676938
0 0.8559844072727448 0.17737439577930614 0.2712372863116197 0.18808908106055786
0 0.8358702214954938 0.6963813947510544 0.20484035685133534 0.1993251159232156
0 0.5327940386157637 0.2111566388997936 0.21984575423344255 0.17548245336139728
0 0.8063204857880895 0.32565847475888626 0.151445146508861 0.1602761805317473
0 0.9093753593903895 0.3760964450007751 0.14263293648912714 0.2658496123243349
0 0.8885023782177329 0.5564688203863694 0.14904130035501487 0.1602482092493698
0 0.6821288170845438 0.9503516327180466 0.22253934120852747 0.0842481846447539
0 0.5941345543985063 0.8913323732434306 0.1917282106652152 0.18476218258825072
0 0.4753801164784817 0.9371461486437097 0.1311573246117878 0.11440730463202715
0 0.5222414433280187 0.683218709665598 0.2785951145920542 0.2217988697791591
0 0.1428532696934446 0.6504065281790221 0.2168595876205661 0.19946497233510357
0 0.07985119118524515 0.5685926871664342 0.1597023823704903 0.28108385643636247
0 0.04277088955355815 0.8453286933237067 0.0855417791071163 0.20838107489104812
0 0.4192984162023055 0.4886758409636392 0.3723092518414684 0.25411177850950833
0 0.6711614822808134 0.17592241529161268 0.1987934593078577 0.15122022156391493
0 0.6363208056087838 0.3504530029868573 0.23867635557466307 0.20212056003034817
0 0.3873419955245018 0.27649488199580674 0.25641404149899405 0.21433558977622227
0 0.1667733086462393 0.14456474048867243 0.24807372486998042 0.2310506277236349
0 0.09132680306258442 0.063422210253147 0.10580793233636963 0.126844420506294
0 0.1928900127667227 0.02332519383783255 0.14787382062040072 0.0466503876756651
0 0.054376279282777065 0.2888802656318885 0.10875255856555413 0.21522898668167764
0 0.34175289784478274 0.6721093876389534 0.3168386377335253 0.2510645928609771
0 0.9753032342765068 0.13996009627629985 0.03955729269498129 0.17338460718307674
0 0.8665119741438139 0.08598628500958588 0.2622400849058512 0.13274467695734107
0 0.7171092074663892 0.09252819682468984 0.13651147462792487 0.12167478565832089
0 0.20116092177881514 0.8634817261176241 0.2898498723327729 0.2435453702932849
0 0.8181462087216259 0.9619784234686768 0.10034335525192262 0.05640731283356578