0 0.46153846153846156 0.504957436592173 0.16826923076923078 0.15304938593705011
0 0.5961538461538461 0.5997527145725823 0.14423076923076922 0.16140496816582312
0 0.921875 0.24182303691116902 0.15144230769230768 0.24351367811257596
0 0.16346153846153846 0.703278194690497 0.15384615384615385 0.18113965835123705
0 0.1778846153846154 0.25571676843015634 0.21153846153846154 0.28272087638679716
0 0.8689903846153846 0.9267898897114107 0.2620192307692308 0.1464202205771786
0 0.7055288461538461 0.8026002000470494 0.15144230769230768 0.17620598580488378
0 0.47836538461538464 0.32675275980126245 0.37740384615384615 0.3418942820851862
0 0.7151442307692307 0.13122912100169412 0.25721153846153844 0.17213373169058996
0 0.4987980769230769 0.9467544367319529 0.19951923076923078 0.10649112653609413
0 0.9459134615384616 0.08322707006701131 0.10576923076923077 0.07285082280878322
0 0.056490384615384616 0.6351720740700757 0.11298076923076923 0.23669030198630517
0 0.9110576923076923 0.7628907412218092 0.1778846153846154 0.2208609991993871
0 0.4182692307692308 0.08442056152704126 0.28846153846153844 0.1401176286393388
0 0.7956730769230769 0.45876676668915056 0.23557692307692307 0.223884524927255
0 0.7944711538461539 0.2736076227236662 0.15384615384615385 0.19075504296662174
0 0.040865384615384616 0.2196897409803166 0.08173076923076923 0.2663025588837101
0 0.08413461538461539 0.9447115384615384 0.16826923076923078 0.11057692307692307
0 0.2920673076923077 0.982326095918748 0.14423076923076922 0.03534780816250396
0 0.5612980769230769 0.2710029241889185 0.15865384615384615 0.19100700344394406
0 0.9699519230769231 0.6373714878382384 0.06009615384615385 0.1377648905819135
0 0.1310096153846154 0.04532746146857151 0.23798076923076922 0.08939512055053145
0 0.35336538461538464 0.8827017873908822 0.23798076923076922 0.15910665901206975
0 0.44591346153846156 0.6904366419639523 0.21634615384615385 0.2228766830179657
0 0.21033653846153846 0.5086194247290051 0.1658653846153846 0.20100032877531204
0 0.6634615384615384 0.9420522814243534 0.15384615384615385 0.11589543715129316
0 0.7704326923076923 0.65335743572167 0.18269230769230768 0.1369783442920941
0 0.06971153846153846 0.8317784269211734 0.12980769230769232 0.13661062519539457