0 0.2316512480301323 0.31250765907762096 0.24283682331780007 0.21462152002938525
0 0.7774965666721376 0.17216890644981164 0.34826236411350586 0.30219784586871623
0 0.589750592087704 0.3681586530680844 0.33207326900779677 0.2800595655395083
0 0.24796164431635337 0.7325511548199573 0.3707306349796842 0.40125920312100105
0 0.17709793311981062 0.5251335651238891 0.26520718042880403 0.25375461175038044
0 0.8383756338275211 0.7711463195446644 0.3143631384734749 0.3273809911995427
0 0.6593130778895689 0.913972862483752 0.3013631832238365 0.172054275032496
0 0.3433311885983895 0.5501145091387563 0.21222465128901413 0.19197957475558483
0 0.8734785678392212 0.5209250214840525 0.25304286432155776 0.24181932513858173
0 0.7418792878966473 0.49931328143350046 0.23719507879637902 0.23360045678785823
0 0.2697698899824773 0.16282817869138705 0.2878229170259928 0.26652933993649996
0 0.4229512578425872 0.900160269996763 0.31254836177933853 0.19967946000647394
0 0.08523763287594953 0.23668346432938236 0.14771325362019738 0.19452077481261087
0 0.6118749746142744 0.6098291356870549 0.2641277487288904 0.2992598003585932
0 0.9863116729728971 0.7883014111230946 0.027376654054205682 0.18073871673730635
0 0.9849133272873765 0.8878511661141298 0.030173345425247078 0.1547161298321592
0 0.47919685807003576 0.7610005141624137 0.15060785874641305 0.14188799190029153
0 0.5846985121242414 0.10071741601626281 0.21266625501771366 0.16802505737455545
0 0.5357381832238365 0.20567391008404662 0.2504899655080379 0.19091883512065208
0 0.21636735924457964 0.9881639247514755 0.1151392358984306 0.02367215049704896
0 0.12100138555203563 0.11688417255136124 0.15183435944517124 0.12754885913464692
0 0.03615540769678384 0.11991377034713756 0.0605373608426875 0.09559677146350588