0 0.32550196059910247 0.18317611280063525 0.25087341318956596 0.23384645517789762
0 0.8677379215557912 0.19814940327114525 0.2645241568884175 0.3898492454780369
0 0.6448514825069835 0.3474295472924992 0.33971464091653303 0.3065457386205534
0 0.19195279249612024 0.5696220590339889 0.33112428943872535 0.42325588193202235
0 0.18454021403678028 0.36002530726637666 0.2751975213412395 0.2736944027884267
0 0.7122585748806968 0.7934361730698225 0.32591339720255025 0.34873665116279157
0 0.47168883288177016 0.8752545793224852 0.30705288120040347 0.2159089308572571
0 0.33233444919061356 0.43627316352897666 0.2203463263640008 0.2079594481074487
0 0.8589442902144224 0.5775862810290463 0.27435705485153367 0.26167517201919593
0 0.7350791999587449 0.5154999928869562 0.24724237396746174 0.2503652873328228
0 0.42711939890247524 0.1003633405315611 0.29173879780495054 0.2007266810631222
0 0.2501317867994413 0.8145994400431604 0.3268549436575966 0.293756280546328
0 0.20196482026434223 0.08307243866598504 0.18758348668253064 0.1661448773319701
0 0.5641622197637215 0.5747452118863036 0.2758193545503336 0.3168095880966585
0 0.9081297331114531 0.8666031201124434 0.16494031151026844 0.16851275565777912
0 0.8720802774787259 0.9208275625266185 0.18415460739110756 0.06684187111338301
0 0.3728460539273059 0.6703096319959102 0.15431636710723712 0.15347349689070647
0 0.7581272549588097 0.09714636976460149 0.22342254570961126 0.19429273952920298
0 0.6610653690162174 0.18219648602947272 0.25640401867169305 0.21027013002243294
0 0.3047336416619678 0.019125148294857303 0.15273651409316644 0.03825029658971461