0 0.5011266032827547 0.5519019072433788 0.1984394023371513 0.17857080513516813
0 0.6395687573593413 0.49276190025579747 0.1749896135262339 0.18382010117155984
0 0.925810682647755 0.8971115978004457 0.14837863470448992 0.2057768043991086
0 0.21158662495171715 0.2811267151586589 0.18857863823558196 0.20403199161490237
0 0.20721894944406113 0.7249062876512942 0.2669240433677659 0.31549172541705855
0 0.8883928004668333 0.21303174548791315 0.22321439906633328 0.23238738648868656
0 0.7580691764666879 0.320960038023054 0.1857823435967063 0.19902807506469541
0 0.5110357291636627 0.731797920296811 0.4432876233237683 0.39913518509713863
0 0.7383210869808849 0.938553862247664 0.2875779342719738 0.12289227550467202
0 0.557471307461875 0.11594692519557825 0.22551953800067318 0.1592908806607287
0 0.10142652961557558 0.32108490979305826 0.15924172541705855 0.25416946760431236
0 0.9248916997710595 0.41129989793655075 0.1502166004578811 0.2445049277452576
0 0.43943468931206814 0.9306069787919028 0.3132353449942228 0.1387860424161945
0 0.8340834764801163 0.6817575645982438 0.27904158462433687 0.2591729874223537
0 0.825056169494027 0.863689552942328 0.19176738135948695 0.21384360047280174
0 0.09151542007383867 0.7262067195816404 0.08688096131548918 0.27452882377866533
0 0.14356836363772005 0.04753681049480049 0.18617518881390163 0.08683220280398486
0 0.3523351081591412 0.045475662484064865 0.15178560093366697 0.04581974918975567
0 0.5912454629658188 0.8075924102763044 0.196575073667179 0.21423604895783108
0 0.9850366121287176 0.549030292810335 0.029926775742564835 0.14692875338230438
0 0.17432482754018988 0.9216048445258973 0.20815309743987617 0.12205584289794849
0 0.408849673664195 0.15276553194974285 0.2691320620112633 0.19628053893732422
0 0.4931307629494063 0.36619250304784595 0.2596145911510531 0.25519934732839
0 0.2509059997844879 0.48491392238562514 0.2047677333412909 0.22684395245460573
0 0.7217912773928945 0.1544324461807031 0.18382010117155984 0.1749896135262339
0 0.8167911655169902 0.4845440678616019 0.20928128765129428 0.16512884942466444
0 0.12289009347776006 0.13061677016742024 0.15600422378164944 0.1560042237816494