0 0.6663041646102029 0.3731142967453691 0.5608388462110477 0.6550720479958679
0 0.35001675887722794 0.20190400609038392 0.29992159777652894 0.3064871144786319
0 0.17849276145131293 0.2966625106215096 0.31022262696631475 0.3241552747048428
0 0.9329004765724631 0.2541059313428757 0.12714670266123343 0.18118854128917358
0 0.1776213902312639 0.110830274269729 0.23610337338362605 0.20988322844942978
0 0.4212119047689552 0.7340393751907399 0.4141675266443017 0.4649894939465803
0 0.8000523752578294 0.927715167911609 0.20563696718294175 0.14456966417678202
0 0.204045452941355 0.9128578518091164 0.1669346458025592 0.15832149148133878
0 0.19921112114686423 0.48673144406602525 0.39842224229372847 0.3532705804397428
0 0.09413571523891893 0.6533792232292733 0.18827143047783787 0.28271998492008515
0 0.18995292787515214 0.725868914377065 0.2248146716578115 0.2855444496485751
0 0.09453569242546106 0.8425017648808402 0.18907138485092212 0.2282727605309112
0 0.028497249898214415 0.7029893340100426 0.05699449979642883 0.30982482186623905
0 0.41955903837573605 0.9261400283478629 0.2859964472649086 0.14771994330427418
0 0.6941362206512272 0.9275353699705835 0.16688158104665973 0.14492926005883297
0 0.6639248593170097 0.7275312277973633 0.15800490576157572 0.17430717740897406
0 0.3258988073137662 0.8234033915032757 0.2373767133075139 0.24113322844942978