0 0.46140357826264433 0.7199519230769231 0.5686795784146782 0.5600961538461539
0 0.8155390073998675 0.7331730769230769 0.3047024774675916 0.27884615384615385
0 0.8749514613429894 0.5600961538461539 0.25009707731402114 0.2980769230769231
0 0.2734113067801042 0.9591346153846154 0.19466412137975825 0.08173076923076923
0 0.9472875907959082 0.7463942307692307 0.1054248184081836 0.24278846153846154
0 0.47797755841638917 0.30288461538461536 0.4216960643680938 0.43028846153846156
0 0.07082936007011577 0.2668269230769231 0.12597781351369755 0.2644230769230769
0 0.5643782550104318 0.052884615384615384 0.16721804848240204 0.10576923076923077
0 0.791646161832438 0.3918269230769231 0.416707676335124 0.3173076923076923
0 0.8187529471878094 0.18990384615384615 0.258189351975236 0.2644230769230769
0 0.6733902589275569 0.19110576923076922 0.2270793600701159 0.2668269230769231
0 0.7319355910348188 0.06129807692307692 0.28117887437732975 0.12259615384615384
0 0.8726650363183632 0.125 0.18283007263672657 0.25
0 0.3567718743990488 0.09975961538461539 0.29046682572117455 0.19951923076923078
0 0.12931542082515227 0.23918269230769232 0.17083455040838597 0.2091346153846154
0 0.2800091493860505 0.4326923076923077 0.1608228500492521 0.16105769230769232
0 0.5090186678492999 0.17548076923076922 0.2412461293443233 0.22115384615384615