0 0.3230348119558984 0.7205418462027949 0.4753349580754837 0.5436641969837733
0 0.6626274640800802 0.8038686626597158 0.26247204362745463 0.24088978259804059
0 0.8117612409993504 0.6660958913969177 0.2706914239982821 0.2602044656759425
0 0.06866715548232459 0.9145943753978316 0.13733431096464918 0.14378491284335565
0 0.8490668536707445 0.872184163198316 0.20592377970238118 0.21620798156489393
0 0.49753661413283984 0.30525071494146533 0.3540394930930781 0.38369570055817975
0 0.08334723889298315 0.1512753220633561 0.1666944777859663 0.24223072002153748
0 0.6768240049752797 0.07402164214363212 0.15052978116382712 0.12187058463496414
0 0.7781924886070287 0.48049625446796707 0.4073327140515296 0.2545872903099277
0 0.8639290714267444 0.2902715806320924 0.2165470062270551 0.2355506359251735
0 0.7239918519297388 0.25256358266412127 0.1832711007891927 0.2423705764334255
0 0.8425055300423148 0.10240795396118352 0.25894459694494204 0.1735820902903481
0 0.9386849302443713 0.21777942576992412 0.11607916710087725 0.289636332321398
0 0.45630517082438143 0.08227957749838873 0.2652742737358525 0.15683908106055783
0 0.18810268674146982 0.15131812105223655 0.13748226524673868 0.19379017027370551
0 0.2617230630075207 0.3758687938843339 0.13724052638870055 0.14333737232531385
0 0.5731692238114527 0.1930811128996467 0.20947166962346214 0.19222546259118756