0 0.36299086125128793 0.8028846153846154 0.22856623699628612 0.23317307692307693
0 0.15391591517875206 0.2536057692307692 0.2990132136512231 0.3389423076923077
0 0.3695861705448213 0.44711538461538464 0.2978793915032726 0.3173076923076923
0 0.783474967816373 0.7992788461538461 0.4199614027754976 0.35336538461538464
0 0.5848903672178168 0.8629807692307693 0.26816159760577496 0.2548076923076923
0 0.740590578575159 0.21033653846153846 0.34267060675572153 0.3004807692307692
0 0.9079302899833572 0.3942307692307692 0.1841394200332856 0.2932692307692308
0 0.5870780285618353 0.6983173076923077 0.2054198587477368 0.20432692307692307
0 0.48199836829798987 0.16105769230769232 0.256142366836544 0.2548076923076923
0 0.4807657803632142 0.2980769230769231 0.24501521935722573 0.22596153846153846
0 0.20694005322856382 0.7608173076923077 0.28118867028429495 0.27403846153846156
0 0.9102455919696624 0.625 0.17950881606067526 0.30288461538461536
0 0.30754575461631267 0.9375 0.20126251087191854 0.125
0 0.6091519143781392 0.43149038461538464 0.3111788678976834 0.25
0 0.730255088195302 0.036057692307692304 0.1864717148521426 0.07211538461538461
0 0.8313426068955015 0.038461538461538464 0.16268521379100312 0.07692307692307693
0 0.7798573165626941 0.5697115384615384 0.14938573739659233 0.14423076923076922
0 0.10383519030616015 0.44471153846153844 0.1718919928325518 0.20673076923076922
0 0.21351491928352886 0.4963942307692308 0.2025018700199618 0.2403846153846154
0 0.18097100163304822 0.9074519230769231 0.13508864071217672 0.1466346153846154
0 0.19929946595462097 0.9819711538461539 0.10044739588760963 0.036057692307692304