0 0.4923475537382526 0.4619629795856567 0.17751195842916814 0.15108721497478056
0 0.6325855976800991 0.5442182076058322 0.15408967873470247 0.15972310734102074
0 0.9255031390876566 0.1559460876299244 0.14899372182468687 0.24174772424653332
0 0.20798067669023662 0.688050991167356 0.16493742703807865 0.17934567347144784
0 0.1936742751370083 0.2391459881255616 0.22894559863134353 0.2802541471770868
0 0.8951010902547076 0.8708413551934269 0.2097978194905848 0.1933687732079828
0 0.7545923254820136 0.7368769024876093 0.16222548996223468 0.17444003193884108
0 0.49769808997075354 0.28219079654971707 0.39804593792770626 0.33749341292695306
0 0.72115200374819 0.07458865609889884 0.26737853888746943 0.14917731219779767
0 0.5586447385211711 0.9135697665994827 0.2073755492801775 0.13072593951405326
0 0.9465144230769231 0.015459777625987355 0.10697115384615384 0.03091955525197471
0 0.09700434085810992 0.629909731676049 0.12776913348666896 0.23537284434020977
0 0.9305829544893099 0.6780214745266548 0.13883409102138017 0.21878670418213056
0 0.42227441275520367 0.056916894179876436 0.2964719024334842 0.11383378835975287
0 0.8223999644063956 0.3846461142456252 0.24913292364483106 0.2211374855800775
0 0.8093365408325531 0.19959893501192866 0.16555360888207432 0.18896105808683236
0 0.0548064988357901 0.2158829400995313 0.09852172447965539 0.265349504416322
0 0.14467448155720491 0.9412833155895327 0.17535532197518272 0.11743336882093466
0 0.35460976485788365 0.9640607076344329 0.14715763298974935 0.05155003041794369
0 0.576779645753472 0.21871539444401478 0.17036130118976678 0.18915695653666129
0 0.9865888328648104 0.5470159492854816 0.026822334270379364 0.13706411523824585
0 0.1334743427605987 0.03821666539925234 0.24291022398273582 0.07643333079850469
0 0.40874472784450916 0.8497841562452684 0.24737754235170548 0.15633158865114566
0 0.4886610769656717 0.6488977264706774 0.22990215441406198 0.22035389178076195
0 0.24222394888832224 0.48902559666613965 0.1781890214953011 0.1990661888267892
0 0.722846063676636 0.8996487062313044 0.16324292696709036 0.15290336577913985
0 0.809714284862426 0.5815880426456885 0.19085671712525218 0.13484798724734418
0 0.12278019977567865 0.825284472477481 0.1381261472016359 0.13509695045307252