0 0.6777301078419444 0.6757785973961048 0.15519631290895733 0.14002231325853004
0 0.24223546287206393 0.5414492885219117 0.20322056944622333 0.19289670702386139
0 0.5534083231517415 0.34913303499856063 0.18678219571098417 0.14887159482266363
0 0.6283391226051371 0.2331610653014017 0.19120133867699263 0.19226680583055555
0 0.9003589734040888 0.38226417736281937 0.1992820531918224 0.25855643460967453
0 0.8654834987581862 0.6325263594594259 0.26903300248362755 0.2532243781087692
0 0.14914415091567992 0.7823633789093821 0.15833121906120948 0.20733000556622236
0 0.30673768212378805 0.819398248268511 0.12886596615065843 0.14104037678710368
0 0.726604013166321 0.9013519735223756 0.13792154609599822 0.12952506697251756
0 0.5147591378740562 0.47180240058332923 0.1852740370292102 0.1679763838147717
0 0.26933959438638294 0.40258801186316784 0.16481169752434172 0.14052623421317484
0 0.52832262422798 0.14518916344726313 0.17197056944622333 0.19125896392126635
0 0.7527726900803967 0.12457938280448878 0.21255273779923775 0.13583430052485948
0 0.9390674530761262 0.20297844692400496 0.1218650938477477 0.17962789548730324
0 0.13454319080954671 0.6233315920395525 0.14742496977737365 0.1276251417733158
0 0.07868166889164972 0.4021879675049905 0.1166228135134097 0.13560278328610556
0 0.12953110390001737 0.052350029572118234 0.13406220780003475 0.0981490867338563
0 0.5919915861803795 0.07059161012977552 0.1599447108222974 0.08751563858989828
0 0.5532471877543753 0.886271780954157 0.09789255455833348 0.09385553700009279
0 0.7332259216116861 0.42570027484784795 0.14843261818345474 0.1492597571579313
0 0.23413800057154388 0.2388796237339491 0.12355776356727319 0.1815278206865048
0 0.25609524304879594 0.04099813606731339 0.12276740917451495 0.06158747347151937
0 0.5861799156918581 0.9590835072881946 0.17559935801947354 0.08183298542361082
0 0.4266007348687638 0.9086861714153242 0.2255269504348927 0.18262765716935164
0 0.05091571355531946 0.6812963034477508 0.04473135076604309 0.13663106843396317
0 0.17660073486876388 0.9084972010573326 0.13976558757979915 0.11763181644194767
0 0.43363439014724603 0.7637011811562135 0.10359593433809781 0.11333826670818435
0 0.9115255977567661 0.8043332585304532 0.13836938983203403 0.13914045158790217
0 0.42429228001218877 0.666093451448122 0.14317708213972635 0.1393924120652245
0 0.3965754991392156 0.4056591952814399 0.1034839734040888 0.11093442055433819
0 0.3144462387847196 0.2898489814904367 0.10862754851380817 0.11839791949319899
0 0.1508200728495152 0.32923326809973996 0.07581009543768198 0.08310633023675774
0 0.7021243357465187 0.9750711155752517 0.10236436406399872 0.04985776884949654
0 0.9527184022068566 0.5058630623086203 0.09456319558628688 0.12788732386992244
0 0.24673674142595298 0.12323793706236932 0.09034513329476795 0.08626605782257088
0 0.12981763408973507 0.16147306909479592 0.11069551186562726 0.11131236127032168
0 0.3306015744065409 0.7139388572862911 0.14306512120571732 0.13698856591137834