0 0.15184540525882356 0.11195108787277445 0.17936050396115558 0.18681262005294996
0 0.6370588834085799 0.3951651155926672 0.1462619584291682 0.15541555105410537
0 0.4605159374591803 0.463379799515262 0.15214796896385308 0.17263492261605778
0 0.7641472690178037 0.04836016082627494 0.177666003890167 0.09672032165254987
0 0.3497277725104334 0.6995941538312334 0.13224013666695086 0.12318442984153212
0 0.7477271283187087 0.32874082910845676 0.1606850353522452 0.15659289650919342
0 0.6440485657069005 0.8644794090644592 0.19720486404293425 0.16674779860845218
0 0.4175783087429342 0.8722052922897878 0.14114617519947797 0.15021541026138371
0 0.8440585310645405 0.7285891619709779 0.17658768566317426 0.14354338928371937
0 0.4202146253513923 0.1593911748088979 0.1665101646647929 0.13554695385212207
0 0.2910696970071267 0.17830263332189428 0.12200857020757051 0.1127841482560888
0 0.061527522780190594 0.6688091449852706 0.12305504556038119 0.14055087040232905
0 0.9426642077547773 0.04118578634661342 0.09525817159326494 0.08237157269322684
0 0.5718058914302733 0.6671184465968069 0.10937315759434386 0.10218764242813067
0 0.6164486345089019 0.017588234255561188 0.1613335002129655 0.035176468511122376
0 0.7912149705823879 0.47105851115774944 0.11572130451202593 0.1266185524516217
0 0.10870021948206587 0.9344834985950234 0.16287395482295508 0.11611996037883816
0 0.94040195036488 0.17671044378685374 0.08841560527586158 0.14830232307990718
0 0.9281751625351375 0.5913984829471504 0.07001594457222418 0.1970170741280444
0 0.3306690326546816 0.8290829321533185 0.12656905281540204 0.1466342186524495
0 0.872268676747024 0.512267585746659 0.13757084657977714 0.16905373100712373
0 0.3468724042649844 0.4642869894962472 0.11495107720703092 0.11459932168239093
0 0.38954343710423783 0.6006931682821819 0.14549173112417327 0.1433963202848746
0 0.04496925805718763 0.5695155125851067 0.08993851611437526 0.1398151286759404
0 0.6749614364369474 0.17685671932136668 0.1715327836556213 0.17660856271002137
0 0.3463563161399321 0.08053003635034355 0.11991281497572223 0.1173956163212664
0 0.09955828667262881 0.7723709522092528 0.19911657334525762 0.2213984321756995
0 0.08445007592923777 0.36136221677914754 0.1144889408240341 0.10738778322085246
0 0.4011037761592412 0.01024141969088846 0.16158070991282628 0.02048283938177692
0 0.18519853011329626 0.48704939836011474 0.23021024533605983 0.23400633567247417
0 0.032810280929664135 0.4614159701614521 0.06562056185932827 0.13486036736940357
0 0.08882423005934566 0.25578921025243145 0.10850976605048726 0.12602987972407767
0 0.8527385884799947 0.1826707055617161 0.11122170312633137 0.13103379627428466
0 0.5044534594088061 0.7479414307483421 0.1422244934264706 0.1670423333383068
0 0.6114047869352854 0.5156271820269118 0.12425837090041753 0.11057652634475719
0 0.5389670122951967 0.5825176498616569 0.11898854220972847 0.10297253939818951
0 0.6644309910838497 0.6583618901830689 0.12052899681971797 0.127011000936651