0 0.4171953433631754 0.6439401508410978 0.2865959960851847 0.23372540897710403
0 0.14402863032029797 0.6048213631564029 0.19206578162848975 0.13986124307184783
0 0.14835795149750639 0.3939473770224267 0.2475035297616805 0.22539475404485343
0 0.9171313255277416 0.7535105328166983 0.16573734894451692 0.1948699254926314
0 0.7427050978764231 0.7469228617244729 0.15132026230712206 0.16744839088845034
0 0.6951141762490736 0.28517456584775286 0.24936689204686585 0.19188079744984626
0 0.3691364010733611 0.3823884229648852 0.2680549973178055 0.3506745331625314
0 0.5445970094258532 0.8394653030020874 0.20150027825726452 0.19288574801530237
0 0.891223236424501 0.2657046255344778 0.12382640817820481 0.15465976754560506
0 0.5996386600450141 0.08458405282431114 0.3963927047054129 0.14580654932250608
0 0.2714537273980056 0.06064848590018093 0.24618283143632455 0.10067453316253144
0 0.08963207815569778 0.12009663925930535 0.17674044486353235 0.21134712467245687
0 0.575545166099642 0.9514565853074577 0.23302161023717935 0.09708682938508471
0 0.28293737453867346 0.9175155178451389 0.2758996437324783 0.1649689643097224
0 0.26268666026317516 0.7689216533688439 0.1664647110854698 0.1487072351136178
0 0.937332732618162 0.5087949767535357 0.12533453476367604 0.26175794912380657
0 0.5682938558693723 0.49368329130825717 0.1317593184950141 0.13570877743251394
0 0.13984968578340304 0.803711090910858 0.14927601203532717 0.2537070733092342
0 0.17333626455541123 0.9786101913433528 0.14561249024871786 0.04277961731329437
0 0.4033863035605397 0.8149758134880636 0.1512003970131051 0.13867218182171606
0 0.8082082705003545 0.8926924161024714 0.13112839063304832 0.12849723897097548
0 0.7031636817231471 0.5827269030790296 0.15684932647008518 0.14842745599593982
0 0.9219496432973646 0.0687862134305603 0.11793774813319075 0.08735207523791282
0 0.6029224250712951 0.6565374373179383 0.1091636006670938 0.09668768073561945
0 0.6644139205401693 0.8249686682089266 0.1818488904518515 0.1875184974722538