0 0.71979613192468 0.5553889540527137 0.12533771071976518 0.12779589790670975
0 0.5051174279573185 0.0957375143282719 0.22372956248472242 0.1914750286565438
0 0.24808077448995766 0.4662488351892281 0.1625703559732907 0.18122003077519885
0 0.16075800604855803 0.3878782573369604 0.07379388882371803 0.07800211189082476
0 0.19022564107206258 0.72265070069279 0.1257293617017095 0.1446228209836327
0 0.47379757189359045 0.799452079703189 0.1867766679325856 0.19039381166188407
0 0.6287836690420945 0.47370694333344876 0.12310171498675213 0.13481121212573355
0 0.4772864161485582 0.5354460288869765 0.10828698708173089 0.1168069435937224
0 0.6315171864033122 0.17724896944031315 0.176377981353312 0.1559550685379793
0 0.8048988204346154 0.05560846653752454 0.27051963233525644 0.11121693307504908
0 0.8108605251913464 0.4323515932100261 0.14540773205470112 0.16542338415451935
0 0.8427299964905989 0.6633662034654417 0.1753728887064103 0.21585499814161851
0 0.6343547277559303 0.9200128533569397 0.0951487535069445 0.06774889930422581
0 0.8256442632090815 0.2914568344680892 0.15541476765203027 0.18303520420150113
0 0.930054190728953 0.37196149973226605 0.13989161854209387 0.22272324336179772
0 0.8836762914992526 0.5082937472866126 0.17134648848450867 0.14594723543756524
0 0.8872890953033661 0.8704650419254882 0.142164633796688 0.1291694676043125
0 0.9595053258697652 0.7292761451858621 0.08098934826046945 0.1106256815884275
0 0.9631121000395837 0.8373511099876817 0.07377579992083264 0.11965239347626795
0 0.9571279473774842 0.5992722286356551 0.08574410524503161 0.1568874312390483
0 0.9446046628762288 0.17698020252879068 0.0860928702943377 0.09100246387262885
0 0.9813866921903848 0.22061750252729867 0.037226615619230546 0.08526280559603326
0 0.9641101581131409 0.04025372119466874 0.07177968377371804 0.08050744238933748
0 0.2951155853983975 0.055387565490133364 0.11287087882831202 0.10758400746336713
0 0.39513401098760725 0.42052719812072975 0.15239546995512837 0.15639667226667875
0 0.36514389408290643 0.5289454561639085 0.1187416238012822 0.15364953287147343
0 0.35611799581853687 0.6585323466072511 0.14999162380128217 0.15620044802416408
0 0.3398246089523511 0.7863040636242916 0.08111732756581211 0.0833984769260611
0 0.22963933685737248 0.8121573018568895 0.06635854980106846 0.06779805454789613
0 0.3726422178191781 0.9028416452082428 0.13528879617681638 0.14300387179984525
0 0.7904078973259089 0.847064011626075 0.08642857113600454 0.10542554079570557
0 0.12285898380694492 0.5703987200425057 0.08083757686442314 0.07137924615683033
0 0.09532464344017134 0.47390138228121736 0.08083757686442314 0.07137924615683033
0 0.1306209792198185 0.12782126899287635 0.058979160918696656 0.059997843358813634
0 0.07910513239391033 0.08747082423953056 0.07619773497756417 0.07819833613333937
0 0.06964067745876125 0.6638541853126506 0.07384983896399579 0.08040595804467078
0 0.09399088452494732 0.8822363144494564 0.15127847702767114 0.21148890956262562
0 0.6683052453517632 0.360898019089442 0.1181821223985044 0.1296110713330119
0 0.5392009495537399 0.6086654228241096 0.08139707826720101 0.09541770769529187