0 0.19635642108255108 0.6597510197955654 0.12286530573490005 0.12154193999640327
0 0.4113524553026369 0.8575261280042581 0.1407437752484328 0.13483623875200507
0 0.8108186157470088 0.17758971786257335 0.11084607496566926 0.1206311771489954
0 0.2839704001304133 0.11467961411508831 0.19353794663974327 0.16510375040342584
0 0.6015968265058412 0.4254921244969821 0.12265499644757814 0.11913809384255704
0 0.5726803895446596 0.8528123507978598 0.13509484579145267 0.12485654899765727
0 0.6383066975993608 0.9546424020189759 0.13070777205840428 0.09071519596204834
0 0.07877390864907456 0.2612561771489954 0.13833992909458664 0.13465408618252347
0 0.16958611890007289 0.8827622543948129 0.11679575770327616 0.1067545579343631
0 0.8097272975416678 0.6602536192360678 0.11805761342720772 0.12117763485744003
0 0.5868751763933059 0.5937613552662128 0.10697006380056966 0.10362210150259074
0 0.32081811730505866 0.8966417124259984 0.1309180813457263 0.13170378232023255
0 0.826300869425785 0.8442030635394537 0.13049746277108254 0.12689609001254026
0 0.8897238302037037 0.091617064816126 0.10036003190028489 0.055363025856186084
0 0.865344843615884 0.5362195956176309 0.10498683622136741 0.10824764124080147
0 0.3172112580287052 0.7995771034247443 0.11261899325754963 0.1136017912569384
0 0.9004436135714401 0.7711783354849379 0.08764885057649553 0.1284250360695643
0 0.45242487906859075 0.5678447350905038 0.1359360829407405 0.13447193361304188
0 0.18191645341794963 0.49290172742332494 0.18665658275954383 0.19562514012549942
0 0.12744198781923213 0.7283323606813521 0.10195206220555536 0.10085395020978129
0 0.03350891974145389 0.9709358308337789 0.06701783948290778 0.05812833833244223
0 0.1360897297178066 0.1869563811081085 0.13686776408333312 0.1178271631056004
0 0.13740552780306448 0.9499760316012114 0.10844222881182318 0.10004793679757722
0 0.8487113390847584 0.3667843045220626 0.15014885057649552 0.1331610028760852
0 0.5657766846950145 0.17112046282942425 0.1675162575220795 0.1679077644468208
0 0.5316907794529211 0.4915785429441818 0.13791931051994274 0.12984639387483116
0 0.4066907794529211 0.4821066093311399 0.10675975451324764 0.1012182553487446
0 0.07583720894565711 0.9644349712748739 0.1103055910970084 0.07113005745025228
0 0.3722463683743608 0.9668595876205661 0.1310085253390312 0.06628082475886779
0 0.8821832072064105 0.21929413982419452 0.08867097571239285 0.08552011043929664
0 0.6792423653297731 0.5475253086676749 0.15014885057649552 0.13316100287608526
0 0.7702877658953001 0.5302264922000316 0.08449421126666633 0.092367343761872
0 0.02681879431588334 0.22250205904966514 0.05363758863176668 0.13250411809933027
0 0.5858405206982208 0.7715369629907946 0.1095842192417377 0.10620810022591834
0 0.5013779108234349 0.9653127101882493 0.15369468716025628 0.06937457962350144
0 0.27123306764266447 0.38473006990852465 0.1778530139927348 0.14958775806345934
0 0.07405993047143984 0.5778904727129166 0.11177775610826193 0.10398640664155391
0 0.6066927415349727 0.671486187376664 0.14356823997692286 0.13982608362917895
0 0.2847729555565539 0.6725002802509992 0.10216237149287735 0.10325779636362743
0 0.24083084506545763 0.9476094676062274 0.12004084100641005 0.10478106478754512
0 0.7198418681931642 0.9515382620584192 0.10216237149287749 0.0969234758831617
0 0.8945527734352575 0.6449032674985669 0.12172331530498545 0.1357828643499986
0 0.7172990859126079 0.6242124388953917 0.10739068237521356 0.10842979381028298
0 0.674407431812537 0.7963965305001999 0.12004084100641012 0.1165520951192293
0 0.7823396881019955 0.7658586288111098 0.10802161023717907 0.11564133227182137
0 0.8991681372427366 0.9102191758937587 0.06664516305384592 0.13399720140576876
0 0.7750774774158836 0.2680430402366122 0.08449421126666633 0.09236734376187193
0 0.9103226998476497 0.17424066551901027 0.08073806539558384 0.1040222693921396
0 0.7005119346044162 0.15229270030475703 0.16541316464886024 0.14386930290835928
0 0.244916075472295 0.8376549859637502 0.09086451257891727 0.08329841685493186
0 0.6422055897916672 0.32088895405408874 0.1692891758139598 0.160878378554764
0 0.11972755716659561 0.09739447079790811 0.15264314072364654 0.10708300032274067
0 0.6767072133683065 0.8945719862936361 0.08407359269202284 0.08755965145417968
0 0.8248390548825507 0.4460380826895378 0.1170060669905979 0.10915840408820926
0 0.26813019060299337 0.9990920759691454 0.12469924671937321 0.0018158480617092192
0 0.7381649273541318 0.39954389979551724 0.1254794611760682 0.12412793871973093
0 0.4265186950626071 0.1448395375147521 0.12202406858561236 0.11192655538101864
0 0.3554455964613972 0.6391390137349447 0.08731867599515653 0.09735718863904569
0 0.03709098792831267 0.79186864315581 0.07418197585662534 0.11269102840953046
0 0.7779853058064119 0.9790189813375996 0.13548604306538437 0.04196203732480086
0 0.011105530413746907 0.5625552135341552 0.022211060827493814 0.14914888860677175
0 0.007959336474680183 0.7720362026824408 0.015918672949360366 0.09054581806705642
0 0.7167438913935911 0.6858748209574318 0.07842466323504246 0.07757996169983163
0 0.8506264636401014 0.9813779990532135 0.12262557514686606 0.03724400189357296
0 0.2929025545559132 0.8146735770915925 0.13227038106296277 0.11986670412048338
0 0.9394592565064113 0.6156390143875713 0.03527529775982867 0.1029652167258359
0 0.4384654626256417 0.3816735972027534 0.13551546436609657 0.1296642413053496
0 0.46640935662991506 0.3111975857127029 0.0879496038571223 0.10456872710058435
0 0.1416503952726502 0.3446636016639611 0.148796550859259 0.1449980810758344
0 0.05553691249116946 0.7204639374430587 0.10802161023717928 0.11564133227182137
0 0.14267688059088465 0.7754626581602817 0.10069020648162376 0.08643087328670436
0 0.37781956448839205 0.9227390657629123 0.08909159428703689 0.09032780274698901
0 0.45622733698191004 0.6903318812766239 0.13383299006752125 0.11043347207458035
0 0.38771881164287897 0.7819319131934308 0.07581050779387456 0.07499396297650417
0 0.0473125093161684 0.38250411809933027 0.0946250186323368 0.1237636335807679
0 0.34979230682208023 0.2612245726232395 0.21099579757863213 0.17359035685133534
0 0.07085897911937417 0.5038445547426825 0.10153144363091152 0.09604625790208911