0 0.8133628994271357 0.47565940339106194 0.23169396721831986 0.29536286867456485
0 0.5333716071341279 0.35602626715299457 0.14364505643146755 0.16202900426995248
0 0.48789601331832233 0.13050959034701332 0.24536181951720146 0.23104671787020545
0 0.29101838460314744 0.10204506159633625 0.17757861540908976 0.18743875495721626
0 0.45259017737356927 0.4777939427308179 0.17296672207804065 0.20406977958431036
0 0.2148191927606321 0.45006812331044127 0.16066777848503389 0.17954157192127668
0 0.26438921118350106 0.7370787754893283 0.12444225848307593 0.16364925662448307
0 0.09839963992804528 0.5343088682068555 0.1386975077118872 0.14981387505089272
0 0.7522292819370683 0.872396058144034 0.18722197130685186 0.19023439801072028
0 0.9593567015130081 0.22667968996577936 0.07966426259608256 0.23871129827418539
0 0.7393077210130775 0.12271643819672705 0.1457971610439151 0.14049233811025152
0 0.13745194358076965 0.07173784966335002 0.1625961128384607 0.1387741365308065
0 0.18724825845860152 0.029274654927942362 0.14473425231356618 0.04914618426409767
0 0.4319879732409833 0.6982131696978057 0.14473593644419416 0.25577900426995254
0 0.640884832725389 0.7271674445730548 0.27437580105762077 0.2466451854922558
0 0.6583008368628699 0.4705436014610032 0.13855765129999917 0.13779464428166194
0 0.71683312509182 0.29736463901572346 0.1997446851588795 0.23399337490452327
0 0.5888287384321692 0.24044166317510818 0.18487406771776121 0.19494414109349809
0 0.43057963380748426 0.30253560432782717 0.15815204720167733 0.16982823808097763
0 0.32806400504336053 0.6386639168755656 0.17112230157174674 0.252048753436319
0 0.1748595065612636 0.7839354233982629 0.14233209029034807 0.2556810550450379
0 0.3454618132130825 0.900313792979646 0.18716602874209676 0.1854267057030277
0 0.6057896234637821 0.9383651824504613 0.20600520001957945 0.1232696350990773
0 0.7892642849973488 0.9782918691422744 0.19314683077902062 0.043416261715451245
0 0.8738883978235722 0.9386243174603707 0.12681813335454434 0.12275136507925857
0 0.8538210163174168 0.7190090279010606 0.1438128841257334 0.17645208119302927
0 0.8973288450521714 0.5969250624139865 0.1774387589972018 0.1754195241879855
0 0.9236749373867854 0.3995872469708232 0.14593701745580334 0.15251156887948228
0 0.16677192509671473 0.23887657420262245 0.2452779056700686 0.22383517940866696
0 0.5360929127087464 0.8455517817478875 0.15362406771776108 0.19367080116961033
0 0.5329791671155275 0.49309447253468264 0.12170275694069861 0.13470515355341478
0 0.24383485843167968 0.22999171863065404 0.1408216410419573 0.12587336273734573