0 0.4377855257284071 0.577253874920308 0.15864167956949132 0.14611975693641563
0 0.32483181943516176 0.6510719436399094 0.15180777472418833 0.1673343480363917
0 0.4310653321708279 0.41194852268444243 0.14927805069826378 0.15998280147997362
0 0.5705540777987583 0.19370152686219705 0.1998427385104185 0.16773066378014093
0 0.6534752272766448 0.5334731504285687 0.1394109103387221 0.1449996921773775
0 0.7235136270027342 0.6482632921975603 0.1907728246740408 0.19842063140062186
0 0.867543412841031 0.5138008915227309 0.2494721553429762 0.259473133370044
0 0.02069388486738988 0.7424502955717072 0.04138776973477976 0.17375325501043193
0 0.20982148414341867 0.36119734838389783 0.31458579795028674 0.27527258270102845
0 0.3453417232775134 0.09515344567448893 0.17588819555334276 0.1711382751390356
0 0.23117392732299005 0.042382886693402386 0.2395752222770968 0.08476577338680477
0 0.42386323052483 0.7557685267318822 0.17129029969911463 0.18287748971850676
0 0.1549051966835642 0.7558244333584163 0.16374308691203346 0.16322669620309846
0 0.8036770061246998 0.8020868590780545 0.2624564497981422 0.3154616353829044
0 0.547187588665931 0.6381211948635309 0.12730776098810567 0.13949195939528636
0 0.5388343362946945 0.8415262110532905 0.21354034090736257 0.264584550408386
0 0.6202355144920985 0.9244363163953231 0.10230423576370903 0.08280341690802719
0 0.08014029346235384 0.8430273725599414 0.13435146228687284 0.13029659906454108
0 0.20436404658453647 0.8802181054723474 0.15366615009902773 0.13622435613127154
0 0.30633260802270285 0.8166454577950895 0.16686024100765773 0.20423208891336267
0 0.4063920217343455 0.8624478101178314 0.15901931318572693 0.16775437232103102
0 0.025612558693991667 0.837052198411431 0.051225117387983334 0.11435714163867662
0 0.16952590347575047 0.6060859313455558 0.15463121378496283 0.1915128176697331
0 0.23416309753227063 0.6863703241209775 0.13038295579303713 0.1780935059517047
0 0.10602434003675094 0.25437693532783834 0.1540437837152632 0.15785897151588693
0 0.34626209790394147 0.24878958737832313 0.16108748501403028 0.1486636111851416
0 0.5618380881644552 0.3490996240224734 0.14488995129749982 0.18374124682867554
0 0.7303083023261586 0.4653609723629329 0.09829376997918068 0.12819647764134465
0 0.6774352297713491 0.12383924761056417 0.12966964785125895 0.13722812133632
0 0.8220855919090465 0.09328648414688698 0.21704729520357718 0.18657296829377396
0 0.9360645710554523 0.16520875797893383 0.1227518244245703 0.1536350201286038