0 0.23706158353920115 0.516762613942966 0.12820267166425336 0.12849723897097548
0 0.6910785732884701 0.6187496229970122 0.18857463341568048 0.20943289197454718
0 0.5080260653377653 0.9073454153719273 0.1648765458159415 0.13916179527765274
0 0.860691315898573 0.4761239706022272 0.1681437835136443 0.1152632232980302
0 0.5677085073260094 0.7903134845802889 0.1745528116534632 0.17783316807744962
0 0.36122126298378865 0.9354312093711278 0.15254922412471286 0.1291375812577445
0 0.3875814608711712 0.41317092007186695 0.1796685948831535 0.18278074994398105
0 0.9269331466763227 0.6112161068467569 0.12743244435925868 0.11647800820174471
0 0.5499609962944048 0.5882505180983729 0.18416819626884795 0.17811294719512788
0 0.7878430740693438 0.9043267345754292 0.16918981872391223 0.1913465308491415
0 0.6227409872788722 0.48839523428075526 0.09867945475196656 0.07965092332043774
0 0.19521472974699788 0.275608605984736 0.13331845489394362 0.13344482083750678
0 0.5478403276684563 0.2930670546312326 0.1698382835846328 0.1417055309903379
0 0.36019505409319524 0.6223183972832736 0.11781705974387405 0.11619822908406673
0 0.9704408152596762 0.5194245606705032 0.05911836948064757 0.12992185821294855
0 0.7272939958684737 0.4350523647392486 0.14355002135332412 0.1433399845705695
0 0.09917527641480153 0.7238945543779984 0.1130093674361817 0.11605833952522761
0 0.2079322521651496 0.8110367952776527 0.1498981682710059 0.16751833566786992
0 0.11048331869551854 0.8441917792394353 0.12176136050770972 0.14030663540194757
0 0.9305033882215976 0.06786406947131526 0.097293045602976 0.058016307935822395
0 0.2702496084987382 0.6976805784962031 0.12820267166425345 0.12849723897097548
0 0.6090489251639836 0.14368811793180042 0.14897389550501217 0.15309525874479307
0 0.3989969664934563 0.5538658648512864 0.09898754567396449 0.08445861562813005
0 0.05728552531447961 0.31358414408100244 0.07701255635062651 0.1534007615160539
0 0.2613869074168726 0.035198266946537785 0.14777381483374524 0.0594851483036321
0 0.6834745515518098 0.9765138705155656 0.17948595121674224 0.04697225896886874
0 0.13265525078797416 0.9468098818441237 0.14977640582673163 0.09073514830363212
0 0.9557767569852635 0.7398789590301542 0.08844648602947285 0.13825251314519924
0 0.4880416504529063 0.05259038390427936 0.16358330090581263 0.08153943236476455
0 0.9573755492801775 0.3329166494091678 0.08524890143964498 0.12312998842792708
0 0.8340894355282978 0.75367614602912 0.132086091205952 0.11421405160673768
0 0.691102084419457 0.2072594001860114 0.14216361220433363 0.12170536918595407
0 0.9140544292458189 0.14907025285643816 0.17189114150836213 0.1755692114824426
0 0.11657548402760178 0.5648431501105535 0.1200668604367212 0.11386432770964
0 0.31604997508305777 0.495067302515058 0.09975777297895924 0.09647784639736082
0 0.06238148222449525 0.5428716726556321 0.06437714373739992 0.14343565300357183
0 0.9857003078555822 0.8739568959731011 0.028599384288835787 0.14859306920836154
0 0.8908985253570745 0.9907235000097194 0.1252149266831361 0.018552999980561077
0 0.8451092132066915 0.6448257318747666 0.132086091205952 0.11421405160673762
0 0.7755627746400887 0.08375035111673945 0.1290660632081101 0.10452872221193345
0 0.6560420027969456 0.4089855045976212 0.09208409813442398 0.08905647359756394
0 0.2927102453360598 0.22445974825881693 0.1287579722861121 0.09972102990424113
0 0.06997304726410546 0.02482996467499448 0.11109994068205707 0.04882059199695485
0 0.08259047596331359 0.16555988184412376 0.13316440943294466 0.13104097468366063
0 0.828920140699095 0.33603641827466496 0.19424571726722945 0.1856042647743443
0 0.9315053848496475 0.9208925920163937 0.13698923030070495 0.1432000950117304
0 0.3485572521651496 0.815128564873694 0.1501453779708667 0.13393443429344332
0 0.19578248706590667 0.39679300241570825 0.1956644094329446 0.13285953894856795
0 0.2751882752789854 0.30672796516202394 0.08866281497572223 0.11055119942334027
0 0.1478508375642447 0.06068707138055518 0.1274324443592586 0.11647800820174471