0 0.3842980575584408 0.43083616467287 0.1600270191192831 0.14503716908773476
0 0.18939029485438763 0.4468555679599478 0.07559826573697855 0.07699009025567732
0 0.03424271724747306 0.15476243030986497 0.06848543449494612 0.1135520624571931
0 0.17565281258361465 0.08810240116904196 0.1002254000029841 0.0858825616966272
0 0.2795087578052859 0.07486477397295795 0.11778806480629572 0.1253526599458124
0 0.37654561305044815 0.057323734363005016 0.0880099449912386 0.08263824905307536
0 0.497694662699577 0.08111885259595986 0.12279198135650277 0.12809269269554086
0 0.7328557498661331 0.406462636471406 0.11479554592490561 0.1179730281863329
0 0.4433403491569306 0.688426193037996 0.10660288625079375 0.10544951752327865
0 0.33183205520935294 0.9125299085807769 0.11298037249860347 0.12501647334993038
0 0.13020311628396514 0.8644859322037143 0.09860645081919663 0.09532985301407083
0 0.63473827272456 0.05244846875627231 0.1680234545508801 0.10489693751254461
0 0.8376194801670382 0.4553047760304692 0.09679127739289448 0.10237329817766803
0 0.9178543866892783 0.5703955081269076 0.06853379627428452 0.10756771706391287
0 0.839680628177774 0.6642965681084786 0.1439849930124185 0.15347590061753144
0 0.8965147027666835 0.7439767110976541 0.07358686806816195 0.08162968926542866
0 0.2745074200141566 0.838859380976217 0.09021756690257021 0.08040249619717016
0 0.6272833384376656 0.5871290279470152 0.13799995524963832 0.1387166370985723
0 0.7009695088235822 0.8556456806447545 0.15247218741638535 0.11104713633800636
0 0.7588822216480738 0.7464305372677307 0.12475422378164926 0.15213115423400253
0 0.8316084762198426 0.04897756614036393 0.08977596317387082 0.09795513228072786
0 0.9112063482352001 0.37367508676504063 0.10179519394310159 0.10511333092739641
0 0.8255508957880545 0.3689091377986137 0.09198358508520216 0.10203711158178581
0 0.6588264846049403 0.22998978080292018 0.09139491235765827 0.09482557312024728
0 0.06858453844661795 0.3895746968710879 0.10002917576046944 0.08347871554278104
0 0.049046548942910495 0.47393618221127976 0.09809309788582099 0.10114610510940981
0 0.04596979367984371 0.6958969881885314 0.09100246387262884 0.09001788081255477
0 0.12073440393525928 0.7169603103467229 0.12122218741638537 0.10886192346477176
0 0.1685411715380796 0.6144271555460789 0.10660288625079375 0.10544951752327865
0 0.2583419106998682 0.5830513655558429 0.08639099580745115 0.09208554037051869
0 0.3604564153607426 0.6057873840184806 0.11960323823259791 0.11830921478221512
0 0.2543940384242372 0.9681375233987507 0.09993126200529504 0.023718748292509417
0 0.016545768171441648 0.5909764605839712 0.033091536342883296 0.08951360091873156
0 0.24399177317796492 0.3928448394724148 0.10439526433946228 0.10768527037918368
0 0.3254034300570442 0.3178383621257307 0.09399498275401896 0.09739751257203462