0 0.20047696455646646 0.3136923119569388 0.2669240433677659 0.3098138945059334
0 0.500467173180949 0.3022009154815833 0.16478555618330526 0.17228204843896386
0 0.6489653237712051 0.11490275733821956 0.27560746201424746 0.22980551467643912
0 0.8390410149118137 0.12577789554845167 0.20653375152392292 0.2440937083236988
0 0.5150379142011192 0.4460935187455981 0.19716374639472314 0.21723137634675174
0 0.7375165715410638 0.5049081343474048 0.18298604895783108 0.19008902818004522
0 0.5613498109258248 0.7579990451299743 0.1431509407986899 0.17102197558504612
0 0.8006302186226085 0.6256378874535719 0.15659289650919342 0.15984279338509375
0 0.08761878588574816 0.7100576438470093 0.17523757177149632 0.2036483479929535
0 0.14916134964763683 0.06994525914474822 0.17283114685857248 0.13989051828949645
0 0.42366579417055 0.041392097334029376 0.15747610396659234 0.08278419466805875
0 0.9441726160759133 0.1567371466634775 0.09203234359670631 0.18957641288230642
0 0.9414496575703772 0.08751563653401823 0.10297253939818937 0.11844108493108019
0 0.431664411629059 0.6614822028932532 0.17685354546404033 0.261504372321031
0 0.23464694076884884 0.613146729017 0.30165732122152566 0.26638094710093274
0 0.33869831676870316 0.3642560610808235 0.15561177529662015 0.147823562615863
0 0.36563058996904885 0.18086371291411693 0.22836459115105298 0.2477576273314629
0 0.5050536668921258 0.17274324341109037 0.20839808019389522 0.20831603220576606
0 0.6152385382161853 0.2883389925132559 0.17739345968008008 0.18019362737490113
0 0.5504339943800939 0.642602575474914 0.20309962891383335 0.26064061521086235
0 0.6185763339997637 0.8336157536925837 0.17444969931019416 0.26136436422615145
0 0.41500992863714714 0.8801621988458135 0.20962458089265332 0.19403296337756887
0 0.15252451651738186 0.8571715548684893 0.22704017669712043 0.20222455850326562
0 0.0345136661859074 0.8435055466215756 0.0690273323718148 0.15433506060300262
0 0.06768864544613572 0.5292554454355786 0.13537729089227143 0.18430127920819464
0 0.08385306374696816 0.3990977328906868 0.16770612749393632 0.18852523059547777
0 0.1365784205048629 0.2025779434661564 0.16400065921324655 0.16266666382357917
0 0.8588120950907885 0.3231970048944859 0.2395989249502249 0.23884228319047715
0 0.2726674705999365 0.7628507897937555 0.1793557021052267 0.20423208891336267
0 0.43737889718557077 0.4302810935689382 0.1383924037346676 0.14203581364401238
0 0.8127709489384343 0.28640370930105963 0.15463065408404666 0.1358043318466322