0 0.08983192389457328 0.6144234752265363 0.12979951202080794 0.12288182123401288
0 0.24027439572937442 0.18377992097054768 0.1998497826261048 0.1929320918393097
0 0.5578187808124686 0.32031139713250284 0.1631064457440113 0.17463593038866995
0 0.5753007259424009 0.42541742556184003 0.195140039543327 0.195140039543327
0 0.5225119611565544 0.808443180344086 0.1709056795550366 0.18935285498649015
0 0.6733849255904408 0.8889862884455553 0.1649225965483709 0.16031080269050746
0 0.6813882381381793 0.7909183422624353 0.15923336121644846 0.1384802888560632
0 0.6647021572378888 0.5286542384309183 0.2252595333133687 0.22756543024230041
0 0.692630063877682 0.33060424603540434 0.1704159334304642 0.17733362421725943
0 0.7788114411813198 0.17812529119461057 0.232666970224736 0.232666970224736
0 0.14567745826112966 0.7186928451006585 0.1685018334011904 0.18925490576157572
0 0.10853624281863955 0.42559707054674906 0.18636131348315738 0.15638465340704527
0 0.2324628914880228 0.34545184100567633 0.15167491032426733 0.1885692611871746
0 0.18168219292177135 0.07099914033304948 0.21432592430508116 0.13592542872140317
0 0.3056965119030392 0.4936271116109732 0.22869593647225867 0.1941074825382831
0 0.623051187305892 0.18377782234440218 0.13279105352414078 0.13740284738200423
0 0.8040354652229358 0.41433888423347753 0.18233721497478056 0.1754195241879855
0 0.8986322955823318 0.5861832617120857 0.11336438584354269 0.13181156127499621
0 0.9477469151208135 0.6330051969561864 0.1045061697583728 0.1298974612457224
0 0.8409603314983861 0.97907546294159 0.12072693828589492 0.04184907411682012
0 0.6638858422910361 0.9657869823919136 0.12872207054674908 0.06842603521617281
0 0.3529653003199937 0.8291330161443908 0.16246568563862537 0.2178072119329863
0 0.2631332693165716 0.9214668425265735 0.09506822439290293 0.09506822439290293
0 0.40540096390560976 0.9363858007893859 0.1421125904647821 0.12722839842122807
0 0.5456831416184091 0.9234788917807619 0.15839670266123357 0.1530422164384761
0 0.39580403849013923 0.31970943983539296 0.14481028429337156 0.1378925935065765
0 0.38264003954332704 0.20278007908665396 0.1621269534948669 0.15059746885020842
0 0.36371129827418547 0.09161546066024419 0.21780721193298624 0.16246568563862532
0 0.0898789069897338 0.29164488827125806 0.12214311190371234 0.17056694741127812
0 0.59423565598113 0.09500897086741585 0.2125097735007217 0.15025055641956564
0 0.8897495386365087 0.27983980093407274 0.19592363334264243 0.21437080877409626
0 0.9365653922198706 0.1967560946455666 0.12686921556025893 0.17836618122230327
0 0.8072248966933943 0.7576481127213626 0.12518771816294433 0.12749361509187634