0 0.65871482098937 0.25702033463059043 0.12053001841207268 0.11847373476138653
0 0.8325510907162398 0.495224065191247 0.1329409001632479 0.1353705836773836
0 0.11718908902019297 0.7999073773503625 0.1178464215568377 0.10644051882434105
0 0.10968775046677372 0.2710332531685791 0.1629620069552352 0.1860191749219304
0 0.3859972173817313 0.6252431377264601 0.1181261722582266 0.11845974959357182
0 0.8110034153591885 0.6540247556071486 0.12321361526730794 0.13050695069843216
0 0.9246845662824792 0.7351052145345297 0.12790940729444464 0.12572722872636943
0 0.27731053980566245 0.08734100597751349 0.13288495002297024 0.13296673752353746
0 0.883558361584402 0.25931849067067625 0.1059390910681624 0.11117828529295928
0 0.5958911794162934 0.8632370907698946 0.12041811813151727 0.11366604245369416
0 0.5532883256351501 0.6338865531787163 0.10090759819935914 0.1015349303419451
0 0.8810736050372867 0.4107957612825209 0.1303132534482905 0.12574121389418422
0 0.775956845332693 0.90426250346 0.12550556114059847 0.1257132435585548
0 0.035739075429861836 0.8640917887168962 0.03354395575138897 0.09873949948928466
0 0.46697868935304565 0.9024538282934321 0.1056593403667735 0.09915905452372879
0 0.7857300309784191 0.3945212523342822 0.11309467938942319 0.10881639464255763
0 0.6967428274753746 0.9612213911971803 0.12902640022190162 0.07045275235572254
0 0.5416857061008551 0.4969162704968374 0.13282899988269242 0.1305628913696913
0 0.49556000336031 0.21950279499655073 0.19404415653440188 0.1789894436419843
0 0.7342671194756412 0.1976785784912862 0.10079569791880352 0.09672723803425279
0 0.9793165370001069 0.12411572900707012 0.04136692599978613 0.0964055791745125
0 0.19664282324017104 0.1334895786062935 0.11605802694604714 0.1328688413488339
0 0.9517572363803419 0.23846624332854 0.09648552723931604 0.10395276166360604
0 0.3013640754298618 0.8625464276733611 0.13076085457051298 0.1449719831249533
0 0.13677850946752185 0.5569720715498456 0.16715424771987192 0.1596048375652523
0 0.4579157715670945 0.564720436261955 0.12807725771527792 0.1329387671879079
0 0.4610159796572653 0.4396854733424179 0.09855970218579066 0.1039247913279766
0 0.9702606537875001 0.17825820813986776 0.05947869242499975 0.10853669128626163
0 0.9567907391272439 0.4752311043145714 0.08641852174551226 0.12555940671259186
0 0.1526053645927892 0.8754327388471093 0.08368902414049151 0.08461011109031838
0 0.49875619592948783 0.7183498200069794 0.13070490443023516 0.14256813697110715
0 0.47075029912654986 0.8062650192200491 0.0908446124617522 0.08224822043991672
0 0.24583573430550218 0.0271197869761759 0.13109454553408126 0.0542395739523518
0 0.7293006211985583 0.6557021743897746 0.10336739449348296 0.10395276166360598
0 0.9479451714102033 0.6038998068005073 0.1041096571795935 0.14730590343972566
0 0.37830407309353653 0.2947142915726139 0.14820322919049156 0.17151218699196472
0 0.590705742050107 0.12398447262312841 0.1034233446337609 0.10635660781745224
0 0.628534908227992 0.6647030129764577 0.13780454261121816 0.13780240016685935
0 0.6619589241864319 0.34475372666206766 0.10319954407264967 0.09674122320206759
0 0.943847828573905 0.3394977076291524 0.11230434285218995 0.11604191827191078
0 0.8964548689184302 0.8134050291322148 0.10319954407264967 0.09674122320206745
0 0.5724691743599367 0.9415089350319501 0.1323813987604701 0.11133212213892207
0 0.5695867371965818 0.7660211732172735 0.10331144435320515 0.10154891550976003
0 0.7458498034521909 0.7469644172290397 0.11566637596410263 0.11604191827191074
0 0.7037845056379815 0.8505885274489982 0.11303872924914551 0.10641254848871148
0 0.8328678609392102 0.9736523830617982 0.1356224871403846 0.04405240016685934
0 0.21037958761741515 0.775323494267124 0.0908446124617522 0.08224822043991672
0 0.10383006970144305 0.8973540501719278 0.10275194295042742 0.07751045397129822
0 0.10497202288189159 0.6881844718677755 0.13830809387371806 0.15943701555147471
0 0.8310664021207803 0.3281427723311245 0.08134112812692305 0.08699997207634975
0 0.27723766892478685 0.652321770554341 0.15759481324476504 0.16195274304783916
0 0.10946093508851505 0.1063488138783954 0.10437449701848302 0.14722199243283685
0 0.8411933775110583 0.7632389261772784 0.08598097001378208 0.07981640395044073
0 0.3815851958121802 0.8488567707054115 0.10834293722200855 0.1111922704607742
0 0.9941052997130877 0.37524772624491926 0.011789400573824502 0.12270803518867214
0 0.34460332125085535 0.7577134017925723 0.12058596855235056 0.12087758091523262
0 0.12626591272959437 0.415187103976367 0.11085868365641033 0.11601394793628117
0 0.6226321684286862 0.4110972437456884 0.09570825490972232 0.08468003692939245
0 0.8077782427808227 0.10228612262819702 0.11035513239391019 0.09437933255166585
0 0.9315634187194987 0.8757092367828074 0.07519264233066253 0.13263109349598232
0 0.9958387491226497 0.4028849644302426 0.008322501754700685 0.08663635771316518
0 0.583771944411859 0.03457526451932388 0.1483131195929488 0.06915052903864775
0 0.7924599636133014 0.06390849517354734 0.0877693646245725 0.05338808142594806
0 0.6310806396106309 0.7740780129764577 0.07625368511784206 0.07495277097148928
0 0.9210828168079068 0.9418849318526508 0.06496180617222244 0.10613284513241548
0 0.8032553258697652 0.37278174819105586 0.11834997281933769 0.12807513420895644
0 0.5373626344369666 0.9825840971645566 0.10163294014487188 0.029433530894375136
0 0.35927214417088715 0.45830868912839295 0.1280213075750001 0.13053492103406172
0 0.2863744625306628 0.47676408290059047 0.10291979337126077 0.08472199243283694
0 0.3523343267764424 0.16023176605146988 0.14032028904561977 0.1426240776423665
0 0.7337905383442309 0.12555620129199418 0.11298277910886757 0.10400870233486526
0 0.7792138495141562 0.21785254519440475 0.08396877484188045 0.09662934185954922
0 0.9017031277750005 0.4707800337861563 0.08849671644818385 0.08463808142594796
0 0.6623535899855238 0.5166497044137899 0.10873458820395307 0.12801919353769714
0 0.7608543272138892 0.4619827814879373 0.07379388882371803 0.07253493964982848
0 0.40166711319246795 0.05896954648191331 0.12282196428536342 0.11368002762150906
0 0.2486932112158657 0.35557263706467424 0.17050924625844033 0.20048420734845168
0 0.5170807085862715 0.11118986639532585 0.09358415945726506 0.09668528253080844