0 0.5798608510261241 0.26249161161403245 0.13721686063834013 0.16081578162848983
0 0.606975131124066 0.7029517423324798 0.18853681568296593 0.21330919973917353
0 0.30938346965892466 0.4949705578913824 0.14497386987888536 0.19269670949045548
0 0.17063174138693307 0.468706958094516 0.18588121378496283 0.1986758135287746
0 0.2109631980531167 0.1519555503514249 0.2539861326158189 0.25023755049686564
0 0.46509345841754635 0.12548273131282084 0.24769769854952273 0.2509654626256417
0 0.874689282597716 0.6975311029499304 0.2045665122367253 0.16910828782735013
0 0.8533781749542885 0.5433841958231498 0.13920111388525777 0.13698762937735018
0 0.7812892295218786 0.13566094076631205 0.12734972027879857 0.1455514675561251
0 0.44159500812046315 0.4834035470886761 0.16420463910965458 0.19437918378903107
0 0.4636945292260629 0.7298882218512117 0.1374266570918043 0.17283501239772045
0 0.12047783342071486 0.5919035284563393 0.18799134490395916 0.1820591997391734
0 0.04309258054546783 0.3962445081562679 0.08618516109093566 0.21712636830284884
0 0.05352008803718525 0.15872957949679498 0.1070401760743705 0.20657930254487158
0 0.7246018387919335 0.7706664326100442 0.12507175199703097 0.1525526967303414
0 0.5303430394670247 0.8992700217496448 0.13405774725202305 0.11733624157193717
0 0.16820753934228946 0.9513542617992882 0.10690213161793724 0.07415745479601117
0 0.03302172702463948 0.5604421291234332 0.06604345404927896 0.16276958790697987
0 0.8288748076948426 0.2971098303479361 0.09057872002932808 0.1015314436309115
0 0.31870786900827375 0.3045409385192314 0.1467063673816462 0.15444548031623903
0 0.31807910340243023 0.8218337021674507 0.17994062062856414 0.1333513488002844
0 0.09380810315295979 0.8822578505037751 0.11027104145771846 0.12965622562179474
0 0.9152603284237018 0.2295476968018536 0.13523260739142218 0.1846439338796294
0 0.9003249269513193 0.39766655093077097 0.18651060314535536 0.2347335058364669
0 0.81935004870757 0.8427829072710129 0.13612591908032648 0.0983157816284897
0 0.9586919368180754 0.628977355614247 0.06004202797110626 0.13966280751111096
0 0.7542208859925417 0.4488518012752864 0.10989340784148283 0.10802161023717935
0 0.6190803864889477 0.039516355034900814 0.13683922702210466 0.07903271006980163
0 0.6622243631406489 0.4941031695781352 0.13704902347556877 0.1512003970131051
0 0.4200984371922811 0.6148937136949439 0.10748956168763694 0.10781130094985733
0 0.3376814229572575 0.7301121517433055 0.11723082417509986 0.11586407656068332
0 0.4337844967594192 0.8621144709631062 0.0806276610884009 0.08145943725085439
0 0.882355666210149 0.12081833531417548 0.09306648476455975 0.10654944522592576
0 0.3143434790216703 0.0733058671787043 0.12435844405525275 0.11168731211495703
0 0.20113591097000272 0.8524663949102569 0.08083745754186494 0.09347866802008543
0 0.28015422265890694 0.9319594953234336 0.10964165209732603 0.09359853331410242
0 0.7414734509283638 0.5603751161451581 0.1346032180310298 0.14858624157193717