0 0.8387192220704468 0.3982366227569294 0.23589353407720146 0.2902613286921293
0 0.5486982630545703 0.3112859136015992 0.14748581219739096 0.1595272088911919
0 0.47928979316677495 0.10212675735633082 0.24704112479508838 0.20425351471266165
0 0.28369639303460836 0.08858113331404176 0.1779697091461398 0.17716226662808351
0 0.4808559849343807 0.4417261857277932 0.1760697839469383 0.20147003498063534
0 0.2411693716720438 0.4418567489913962 0.1626647705524348 0.17453798116375552
0 0.31967397279165277 0.7217130176080864 0.12597717705143674 0.16104951202080778
0 0.1342407647066522 0.538959464872995 0.1396443725425467 0.1472141304472177
0 0.8176276241152217 0.800191118808317 0.19201484535323324 0.18532875647811353
0 0.958116551856042 0.13048736233020336 0.08376689628791595 0.2366992490199971
0 0.731572769891602 0.06112467426217994 0.1462260098107792 0.12224934852435988
0 0.1251106478097349 0.0700319185142315 0.16368283408100825 0.140063837028463
0 0.170793946352096 0.023232425504638422 0.14447250808880738 0.046464851009276845
0 0.48169184931823 0.6645227264706774 0.14759134919748376 0.2530813104413629
0 0.6926582889730744 0.6679714000598941 0.27639119959588687 0.23913979935597388
0 0.6839860957440228 0.41056396314852667 0.139014471349241 0.13519489967798692
0 0.7264092405101201 0.23177536250517375 0.2038978742645188 0.22898978414700202
0 0.5928800203522816 0.18903667218608808 0.1875850937615244 0.19234439648982302
0 0.4417373308277005 0.2698736279623008 0.15975700344394392 0.16482464732345642
0 0.37321404341778447 0.6171498000592209 0.17365571617380796 0.24694721345388343
0 0.2347681435461442 0.7793747027790023 0.14518750304363762 0.2529833612164485
0 0.41686798611626624 0.8755408193631748 0.18935903872206475 0.18042311494550653
0 0.6819788435423374 0.9008730715427352 0.20720402532756146 0.15476440105251482
0 0.8688387207297475 0.9269848273781688 0.19406119402966426 0.08706491184516452
0 0.941265735134534 0.8792323744973809 0.11746852973093197 0.17316669201495324
0 0.9029369481249242 0.6353134067289611 0.14583784747551165 0.17385233658935426
0 0.9226138238000323 0.5087462191303298 0.1547723523999353 0.1704159334304642
0 0.9344960225095051 0.3096942922511638 0.13100795498098977 0.14991182427580726
0 0.1738446865317997 0.23742778654611657 0.24881506975562873 0.21642774249729962
0 0.6007775493144233 0.7993911644352326 0.1563350937615244 0.19107105656593532
0 0.5618887520428715 0.4480602713085438 0.12446541418750279 0.1322033581746542
0 0.24880995894598662 0.2199193090382345 0.14306628222496626 0.120967721204739