0 0.8046308817973074 0.5560894245526615 0.11059339642685345 0.11059339642685319
0 0.6123561361894755 0.777276217406368 0.1256888465416947 0.12121734082988447
0 0.14562549563052868 0.14803869839221975 0.09857416565762248 0.10975292993714758
0 0.6611247056402928 0.047905551391159276 0.17751436215599298 0.09581110278231855
0 0.37981480904977755 0.37080702415931666 0.11282914928275836 0.10835764357094828
0 0.45155058382869484 0.792144237599193 0.12261262719608396 0.11143386291655889
0 0.40011123482650923 0.9201446469707982 0.11814112148427401 0.11590536862836896
0 0.8798406390075525 0.14621718197196215 0.12328500038784868 0.1210492475319435
0 0.8549512344386607 0.7748059178863613 0.1047771443315142 0.09583413290789403
0 0.197273001372601 0.6275472294268921 0.10578570411916094 0.11025720983097095
0 0.4106440158384848 0.5353276623911722 0.09499366641818832 0.09275791356228343
0 0.7073415659326987 0.8056603946664038 0.11590536862836896 0.11814112148427387
0 0.1993148309727898 0.812197880036858 0.11556918203248667 0.11333342917658157
0 0.05264071211266877 0.04782478313001138 0.09085834730226061 0.09564956626002276
0 0.12868813598042006 0.5103553311061896 0.09292600686022451 0.09739751257203448
0 0.6994159109381305 0.7095905951615281 0.1004737319176451 0.10270948477355027
0 0.1021441883563318 0.7525637027768222 0.10645807731092544 0.11987259444635558
0 0.5430741875806346 0.4946644377064689 0.12088115423400225 0.12088115423400239
0 0.8025637822057834 0.3883497436685893 0.16304074525024576 0.17645526238567585
0 0.8812847854571026 0.6159504717682738 0.09018597411049602 0.09242172696640119
0 0.9878280293498783 0.87806254582788 0.024343941300243224 0.1161240019089805
0 0.8159036093000881 0.07822008315613524 0.12451219345610663 0.10439041775296154
0 0.8951019425545754 0.8480897189123687 0.09393456664787109 0.11182058949511141
0 0.12765486616787802 0.34012775741930057 0.13737189071504316 0.11725011501189801
0 0.3871532574344317 0.11303242914631939 0.14693673534775742 0.15140824105956752
0 0.4563006194116316 0.4282642252210827 0.12294881379196632 0.1162415552242512
0 0.5790060898980911 0.40398242037711446 0.09722941927409351 0.09052216070637825
0 0.9562838660784815 0.8748011998679582 0.08743226784303705 0.11936831455253209
0 0.6648704983454684 0.9064620765049661 0.1171325616966272 0.10148229170529205
0 0.0791077298298717 0.19858648095558945 0.07956202970746469 0.07732627685155968
0 0.3152383528504087 0.5009338697465211 0.134968044561197 0.1170820217139569
0 0.22288363921660803 0.49289833814520717 0.07509052399565465 0.08179778256336963
0 0.9543351597518881 0.09457679297197509 0.09132968049622374 0.12227644060020172
0 0.4314123347756195 0.7114220281560706 0.09756560586997573 0.09532985301407083
0 0.5353989926336584 0.9203468069014794 0.14117102323508873 0.10316322468470346
0 0.7015857703943149 0.29153999767290883 0.16225081874321035 0.13095027876054005
0 0.9187718307637345 0.46114629811714347 0.09980135872588064 0.09309410015816565
0 0.39936417159361903 0.6158312385536833 0.12842887929142308 0.12619312643551803
0 0.7192690733444338 0.5789677063554654 0.09035406740843727 0.09482557312024721
0 0.7915684646412497 0.8529138845699911 0.10785336367712481 0.1056176108212199
0 0.31720381251015206 0.9090328960238736 0.09035406740843727 0.09482557312024707
0 0.10533852098365319 0.6255213132101934 0.11607346192631009 0.12054496763812009
0 0.2857615691537556 0.5802942994897445 0.09516175971612952 0.09516175971612958
0 0.34577311638449904 0.7476055104539987 0.10785336367712481 0.1056176108212199
0 0.23454909010714656 0.7288114478180124 0.09823797906174019 0.10494523762945544
0 0.10940570683410066 0.8909529499209172 0.10215466489705653 0.1267479463120118
0 0.1914243625438415 0.23300554359157571 0.07509052399565465 0.08179778256336977
0 0.04715184997180694 0.15613244668472917 0.06888754532176299 0.09571657959262322
0 0.25169740632934146 0.11042642306179194 0.14989540137809734 0.1253021199631421
0 0.7762884478785371 0.7380335490791992 0.07939393640952375 0.0749224306977134
0 0.3281156433921551 0.2705513655558429 0.15347590061753144 0.1422971363380063
0 0.82290531112242 0.017004652965929082 0.14273440289922945 0.034009305931858164
0 0.3537828180280378 0.8448772330357973 0.07475433739977241 0.07699009025567759
0 0.08834238467590914 0.9697250531213466 0.04355487738244271 0.04131912452653753
0 0.15956020604327245 0.4164037311419481 0.10734908378330146 0.09840607235968143
0 0.7717070655599814 0.93160194112145 0.12047795430551964 0.04669811006065371
0 0.24136678524804717 0.35995564983426875 0.11299724258069933 0.1107614897247944
0 0.5243070748353034 0.07083109478881072 0.10992102323508873 0.10097801181146863
0 0.6463384922306787 0.5550803047985748 0.07799865004332428 0.08917741432284934
0 0.9739894406153329 0.6662466743511717 0.052021118769334206 0.10410477113974967
0 0.2638231539066784 0.9574542423716441 0.12852995925676372 0.05922162072370823
0 0.7442309280886916 0.9359388602016192 0.0840840754019451 0.039369018283844835
0 0.9880851275839326 0.43441010713665873 0.023829744832134736 0.14312112947778183
0 0.2924517944051006 0.6414242831148803 0.06703851904441048 0.06927427190031545
0 0.1918758625892349 0.964900887463724 0.11600644859370962 0.05116961577246379
0 0.7256648553411618 0.7222486924562231 0.11987259444635558 0.1064580773109256
0 0.056446401408359624 0.5999529786738916 0.035569885763799075 0.09817096572913979
0 0.5360565723748125 0.3079461275385391 0.12054496763812016 0.11607346192631009
0 0.5012178364604133 0.2415376783781879 0.07593099048536035 0.09381701333260047
0 0.826913720315232 0.2356720062330583 0.1334046648970565 0.12893315918524648
0 0.951441827154829 0.6001744117867027 0.09600222620583529 0.10718099048536035
0 0.8714254975697714 0.664951907983873 0.08900932102490836 0.07559480388947784
0 0.6528683008926077 0.8384567410141741 0.0774943701495008 0.08196587586131088
0 0.5515628991266618 0.6160586684756997 0.12160406740843727 0.09701078599348197
0 0.6286958126889451 0.700042223878744 0.0668704257464693 0.06687042574646923
0 0.9374401034094848 0.2617616539795536 0.10595379741710186 0.11266105598481711
0 0.6114503362664891 0.17706286211059957 0.19227362567495213 0.1497943214127567
0 0.9135609385275594 0.38662706734791275 0.09208554037051897 0.08537828180280371