0 0.8933668942468496 0.7141258286029614 0.176669508495027 0.2114772164956777
0 0.8545051757922906 0.23068543638309075 0.12097547708993626 0.13951284586110704
0 0.6553635445540593 0.28745949686903766 0.22269221461347372 0.2734344056152062
0 0.32426210787495585 0.38211558075392066 0.27134252957080346 0.37395108242118746
0 0.110263859511389 0.36378271512115024 0.21759083378167074 0.22275773793460807
0 0.10341673676818466 0.6326706620647188 0.19588629255798135 0.2098569641411472
0 0.5583318382484787 0.9456032532899494 0.19304890620187665 0.10879349342010104
0 0.23966838601790047 0.9119127029539726 0.2678758106630328 0.17617459409205474
0 0.7741255779659479 0.8726899058187774 0.1548251155931897 0.17453798116375552
0 0.6902768571663865 0.7118587344823057 0.15469924908285648 0.15290336577914013
0 0.36664488319824595 0.6445980252697739 0.2776730024600097 0.22280262240362314
0 0.2269079413544855 0.7915122263815095 0.15232337326463982 0.157613108861918
0 0.17992564853042625 0.15152798648689564 0.17643176064217536 0.1706118318802932
0 0.9299676040338707 0.4405016061986651 0.14006479193225865 0.2052982350391831
0 0.5183940632273297 0.49697164720568765 0.14484611661462024 0.11164618426409767
0 0.5303627431989099 0.07568434255517434 0.13764856332089656 0.11375618274320047
0 0.6626022519960778 0.08587924223316132 0.13770450399215578 0.1233715673585851
0 0.06063458280702351 0.09499680754593813 0.12076569957271435 0.10345515355341472
0 0.25874910556601666 0.0682218493706109 0.2048303891182557 0.09486414565618964
0 0.5269885305922342 0.3218826748745762 0.11134610730673686 0.1367172028076031
0 0.6570347721079274 0.574719112253653 0.15731287275392455 0.18905900731174688
0 0.5528450639466193 0.6353621671237207 0.1473898144466144 0.1357825950274737
0 0.1364909998128662 0.7409641304472177 0.09678317870551201 0.11209104591965485
0 0.08660460021422581 0.841070658262476 0.11683907283735423 0.2547015627958936
0 0.1343187102831136 0.98309756993267 0.14684439290183732 0.03380486013466019
0 0.6405932425010608 0.846821031528333 0.1450139386283978 0.14049233811025139
0 0.5009673806446693 0.8062842072525259 0.1645663667189074 0.19656439344802862
0 0.8449535257872219 0.44779274179405265 0.11365205728587952 0.11998822895559445
0 0.058790143365769224 0.19105270447486983 0.1161258292787996 0.13210540894973966
0 0.09415017999302054 0.4856932243929029 0.1329107968522783 0.12557951506260231