0 0.5179896166319675 0.18036728319899462 0.13447734015895124 0.13596554367818794
0 0.398243341029563 0.6250031357783954 0.22210674325542643 0.20249613730251234
0 0.11903780344370588 0.4106592011839656 0.1495298064424207 0.1726950015899343
0 0.5337906431011815 0.8099510536386689 0.12797910963919096 0.17649504549154543
0 0.2333822496219921 0.48352203728554205 0.1906049875112695 0.1866175682373183
0 0.09357880931386549 0.2614824454416666 0.14451231768126427 0.1604518489526855
0 0.615836730766696 0.34181021092102326 0.19549659840034733 0.19164918241302864
0 0.39636671577819144 0.862061884267264 0.12481999625287389 0.13311385378830592
0 0.4343131999216101 0.48619253006502033 0.1907728246740408 0.1962329528527029
0 0.11068392731792039 0.6901211401671691 0.20013645354526843 0.18225771966566193
0 0.5320195398310911 0.5706564003969675 0.08585494630302157 0.10247632499800775
0 0.7606731799436971 0.1630496134794691 0.1417727972018755 0.14110911878790725
0 0.7283586775686582 0.5170044499620748 0.15442141733149867 0.17772661576564466
0 0.4092798819908754 0.292488640009563 0.12224831293625645 0.12338650823891215
0 0.4830039922512076 0.9326065018791749 0.13620983766171227 0.09761596615065844
0 0.5796437237713845 0.6803079888046426 0.1515560189800314 0.15117234713932795
0 0.3181258984762025 0.040885090030517886 0.12182872002932808 0.08177018006103577
0 0.2270463967273747 0.12054126805477282 0.1757623176812642 0.16190734109480268
0 0.19668970841627892 0.041616150028924055 0.14818710914025013 0.08323230005784811
0 0.9349900081103238 0.9151636155162499 0.06396857517424911 0.08704559966884964
0 0.33660413024331504 0.19482994910129037 0.13447734015895124 0.1359655436781879
0 0.8752389654052533 0.593163505762222 0.16129728146749456 0.15883172933690248
0 0.4750438936039246 0.3387445409451659 0.09070459790140663 0.1051040930198719
0 0.7269266021474736 0.03238922568074725 0.15763465659286333 0.0647784513614945
0 0.9803374712779476 0.2549126690891016 0.039325057444104826 0.1510537583506237
0 0.04140414834766504 0.5802752770886521 0.06568890609265512 0.18560329197654196
0 0.09591698676285819 0.05422483266537593 0.10048781967956252 0.10844966533075186
0 0.26712547389485236 0.9005596977806737 0.14658048950956773 0.14133304065592528
0 0.960612003619856 0.4818818559567211 0.07877599276028792 0.16749213208586292
0 0.6693020691742846 0.9239295294934765 0.1289982992001738 0.09728008334863138
0 0.2573753983463976 0.7554628882750085 0.12254202797110626 0.14021343131583508
0 0.8079881287414227 0.6684697769968634 0.12987944430472326 0.1477608525794006
0 0.8562775780406242 0.8851484997176967 0.18773958915980224 0.16006329961100144
0 0.47610231268678593 0.0588249945928359 0.11988642607310304 0.1176499891856718
0 0.5374660583147164 0.26246026850161935 0.1027238286706374 0.10566389768991691
0 0.49812064497981423 0.020139534263279413 0.14527975149808997 0.040279068526558826
0 0.13151796265600882 0.9189047213214135 0.15286892357586396 0.08878430807333697
0 0.02213414959501719 0.7856658290386608 0.019008806192950277 0.12578372653806313
0 0.3660100274670957 0.7768669539369105 0.12250006868041338 0.13780958516198893
0 0.927580839779676 0.7663490758458066 0.1128846840650289 0.13736174142595287
0 0.6085379202004085 0.6128027078987606 0.0953864123370204 0.09811647642635152
0 0.8069905425803353 0.26674756696953317 0.10803503246664384 0.1347339734040888
0 0.9920690703045061 0.06559496087512896 0.01586185939098783 0.11376449576883231
0 0.8743794237005992 0.06601011071006976 0.13936895104802935 0.13202022142013953
0 0.6742268262930637 0.7925840313068341 0.1957483541445046 0.20607225933610543
0 0.08796110014410563 0.8355274992050329 0.14906825424479958 0.14625269389762663
0 0.216258881741405 0.26058013011489933 0.1444703583905714 0.15804800279883935
0 0.6389852341396165 0.15187671757000112 0.14526758491373515 0.20372107972191628
0 0.7259372052928288 0.24045018133575813 0.11693710914025027 0.09431643252474026
0 0.9565568487758205 0.13818783642372567 0.08688630244835895 0.13395024686602572