0 0.3474987100335475 0.6302015878334954 0.23192826089443555 0.2734344056152062
0 0.3810974999141976 0.8952164502495014 0.13695798572644705 0.18077002737614942
0 0.5938603267640897 0.8565488415339529 0.22574927943794082 0.23958466101153092
0 0.24753291728607343 0.13870481830998724 0.19425849651909696 0.1735054241587116
0 0.2508571092724258 0.32215827756710297 0.16654284890290144 0.14117798268465265
0 0.7118792923083654 0.28657407791906303 0.19199748405918024 0.23580952570888278
0 0.6090771692906632 0.6303424300101284 0.3507492794379408 0.24467802070708253
0 0.15449719286456973 0.5372718858149419 0.19003849956089136 0.1877326026319597
0 0.7344321548993415 0.08646715180034556 0.15585002281345778 0.11434387809268717
0 0.9147145347770642 0.3443051884196469 0.15259315753062808 0.3877946442816621
0 0.9278847224934641 0.6689489007917419 0.0962354348049918 0.24150694132768946
0 0.8632645522101803 0.8707699383464621 0.2064736257381565 0.17880286259097636
0 0.044963994355519905 0.5278442193625019 0.08992798871103981 0.22786745820392795
0 0.07671396583869756 0.8142488241008368 0.15342793167739513 0.2658841350099091
0 0.22030303275985677 0.8069740490792181 0.14809567347144775 0.15962515811610645
0 0.49210690710750254 0.06822803814019854 0.2609784934773026 0.13645607628039708
0 0.5011856696120032 0.45114976203679114 0.13460720432850037 0.12307771968384174
0 0.1815558269104593 0.9333453382280202 0.25229771664204736 0.12547338555080365
0 0.013570164902942054 0.9325229416204285 0.027140329805884107 0.13456231985948527
0 0.17650934320121972 0.6743666235745795 0.13779464428166202 0.1424064381395254
0 0.10483263147180465 0.2837110010531877 0.1273956658669618 0.12278387200909845
0 0.4148349262364862 0.33227567873738634 0.14760592734687555 0.14760592734687555
0 0.9411588339866686 0.0382718287812972 0.10306335665375708 0.0765436575625944
0 0.33821387727503693 0.4457910785617428 0.09786386744640682 0.10478155823320197
0 0.17026093641505707 0.4154368835335961 0.18685105960772957 0.16840388417627603