0 0.41271408864646464 0.5424566412479467 0.12534727585813094 0.15315624513536635
0 0.314896945341813 0.617647849352672 0.1486298559646255 0.1405546939071053
0 0.5676208529019541 0.6200380223560552 0.141292337264426 0.1376043900448144
0 0.8086507019088015 0.5820361235430505 0.1393821904459402 0.19252854644431275
0 0.5048621212113642 0.3590923562201444 0.12661729986402676 0.1317037823202326
0 0.4125915588138201 0.24315986371880766 0.17455802108300433 0.17843391190961333
0 0.5770235031135276 0.15984777371341263 0.22616239084243986 0.24938465560693712
0 0.13770177086381744 0.9142826444324823 0.1606490867338563 0.14146545675451322
0 0.5640899558134252 0.8491987748215694 0.23133780224683148 0.3016024503568613
0 0.8494598676181232 0.8353328011690118 0.14748581219739082 0.16441100287608526
0 0.9227329680260432 0.9366694791034231 0.15453406394791358 0.12666104179315377
0 0.23819350363458033 0.47895196329924483 0.16393479455833054 0.15847453240091774
0 0.17475031224824722 0.7303346195373729 0.144452064850239 0.1522096195373729
0 0.2667434897190242 0.10999886084272248 0.3219485178995868 0.20396829557106633
0 0.37959482830511565 0.4130491168298032 0.12358355251687478 0.11950239898152021
0 0.17895199700721864 0.33080491382462174 0.25185903872206483 0.19147433259456223
0 0.1093919928325518 0.2141990245795138 0.10081511498430897 0.0962284104715707
0 0.07634083342017545 0.06324796106149574 0.09018166684035091 0.12175995531647053
0 0.08314197630548688 0.764096053942976 0.09271149323285824 0.12434595403979806
0 0.07735199613671574 0.6307736686892552 0.09624916153465479 0.1461627219938951
0 0.15283652193447356 0.5634673957898396 0.18519146922696245 0.15290236706471355
0 0.13242938367499169 0.4481917880652579 0.146729930765424 0.14998792595300833
0 0.07122828253634891 0.856570985956605 0.059561568033656684 0.13141120268244075
0 0.31992082245933307 0.7820380820369113 0.1750721636569333 0.14255837217140274
0 0.2599081019710781 0.6877043421696043 0.1640709964162759 0.11538745420116871
0 0.6406044271626661 0.9598495525120787 0.1361067042407502 0.08030089497584268
0 0.7035334759750705 0.7692062617463964 0.12775112201197694 0.15333839770484795
0 0.6583575487933705 0.5239587405199335 0.1696345701559352 0.13017483626320867
0 0.5888179878572721 0.31637100256763495 0.11713811710658735 0.08788809384255718
0 0.9007101903061602 0.5111972263223135 0.12130568660168979 0.12172409256588478
0 0.9432321008590827 0.3883471944055067 0.11353579828183467 0.20658731822842652
0 0.9249359617989878 0.24247705204940326 0.1385105503945961 0.13021069901379434