0 0.14025284214610173 0.14043218932617532 0.18387783928144508 0.18437282177873945
0 0.6440066692137989 0.4589798291714215 0.1487685009854818 0.15233951981485055
0 0.4693326458635737 0.515075547987714 0.15435991983123726 0.1692783431723291
0 0.7513928838204175 0.09088565173953053 0.17990654005147277 0.15066302548461552
0 0.3708440115833239 0.7438025986368059 0.13288993192028775 0.12075381897318384
0 0.7514289807233363 0.400115583350428 0.1631915779085587 0.15267522065651726
0 0.6749469415326481 0.9248998248616722 0.19969711395228712 0.15020035027665557
0 0.44789544092819555 0.9236734440012824 0.14373688680977145 0.14741992722660277
0 0.8695268136450444 0.8095547413462614 0.17945869631543696 0.141047640869231
0 0.412694203411261 0.20693463423413497 0.169395467964016 0.13120845569273515
0 0.2834726490434423 0.21716245557542757 0.12271474263485803 0.10851078764284197
0 0.07141056881233078 0.6919740013441241 0.14282113762466156 0.13607209814070514
0 0.93198758096373 0.11434065656127215 0.09604851307453216 0.10308764379209409
0 0.5917476025993236 0.7284893441645303 0.11024766812959118 0.0986156523260686
0 0.6015180292042359 0.05370694674818426 0.16234855697614356 0.08301963233525655
0 0.802347651908099 0.5468910790247871 0.11617496977737354 0.12276601414508548
0 0.14075962397858535 0.9531539800091882 0.16313228351420658 0.0936920399816237
0 0.9359752716814881 0.26122704757713755 0.09085227142515606 0.14618902414049154
0 0.9419583756473227 0.6752760625115927 0.06435729719319137 0.19599839168792735
0 0.358788505762222 0.8734704155938038 0.12908988801867652 0.1422765340772436
0 0.8868148361673938 0.5933764379209409 0.1398248819741513 0.16653879617681638
0 0.35537387542389937 0.5076102240168272 0.11561516510732858 0.11074678337585471
0 0.4053705258667613 0.6483481292364319 0.1482086963154367 0.1403202890456199
0 0.05152617150344309 0.5916269094865919 0.10305234300688618 0.13758074205010692
0 0.66970815327461 0.24299735123707325 0.1737026499960155 0.17212979044839757
0 0.3347701059367982 0.12330156023392122 0.12053481834902992 0.11326252981025652
0 0.11251138496697385 0.8003439086972224 0.2250227699339477 0.21657397416346177
0 0.0855076156409473 0.38581931757040605 0.11527928230530156 0.10353524491431625
0 0.3845297569512041 0.036624228283814425 0.1634088719218815 0.054229428629380474
0 0.19358843704514847 0.519486564618216 0.2314542520826752 0.226301259059402
0 0.03719037920822051 0.4818602585046475 0.07438075841644103 0.1319897477785257
0 0.08442428135272842 0.2799102114504809 0.10896343131583519 0.1225981637242522
0 0.8493808296760219 0.26041476560406057 0.11399504549154543 0.12751775631250012
0 0.5292706219418045 0.8040416426508017 0.1445206133478346 0.16424685030352584
0 0.6239855455902714 0.5788364360220625 0.12500662785469524 0.10616289162927363
0 0.5549128116082633 0.6409997302413467 0.11986305274497593 0.09883945288717956
0 0.6845196013904187 0.7258357322575327 0.12098266208506586 0.1228779144256411