0 0.5325896964461594 0.47527959865187763 0.1354185592110355 0.11318965979785854
0 0.7258633651354146 0.4418690843012254 0.06224612192934705 0.06345634812326832
0 0.8696996441097415 0.10497948095033406 0.08384487456337662 0.09582641288230641
0 0.7076042499193148 0.07743008434466368 0.08646673603729017 0.0672602752259121
0 0.6039835678250006 0.09071050954304279 0.09418886945668771 0.1060018298772101
0 0.5068278825390059 0.09833133959400592 0.0744475052680594 0.06656023475151328
0 0.39040414586337957 0.15311904010517363 0.09899656176438001 0.10628184606696965
0 0.18847397189891962 0.5397430767058856 0.09346025917876144 0.09638644526182542
0 0.4973101503174421 0.7496799346979836 0.08792395659314287 0.08649104445668133
0 0.6272419428439077 0.9467823434676927 0.08938117714899534 0.10572181368745057
0 0.8207171148862139 0.8469860436965118 0.08238765400752421 0.07659564365153725
0 0.2474305132436885 0.11219662728802461 0.1325786824170548 0.17046194320552685
0 0.0374582799211132 0.09513822667835263 0.06796457708444727 0.07575559508225857
0 0.08973270761346913 0.6160835342837838 0.07830857197775817 0.0859310120771622
0 0.021946995043963434 0.7549821416386769 0.04389399008792687 0.09512637240790739
0 0.10633735714549515 0.827108258949276 0.11505901181279111 0.12875651002086386
0 0.056983946673924445 0.9208119634427262 0.05798488733009948 0.07038787039504732
0 0.002396749112463146 0.8372266477424153 0.004793498224926292 0.08791483394636893
0 0.6762310481765152 0.857886331281935 0.0764870462829424 0.06189255053870058
0 0.3082812042604181 0.6952100563383714 0.11156225024205554 0.11419342500290679
0 0.25868758886865756 0.9717127569581347 0.1352722693921396 0.05657448608373054
0 0.19220100253190892 0.8888489471226518 0.09378870156713887 0.13230412947463813
0 0.05949164378700081 0.20265755863358048 0.06905749250133672 0.09017867200533548
0 0.025809481161938794 0.5522890201937612 0.05161896232387759 0.08621102826692187
0 0.09415958281518205 0.5257992954196733 0.07350087967006587 0.08565099588740278
0 0.24556886657345728 0.3438759106739739 0.07295442196162111 0.0784394574258642
0 0.8388276223991676 0.3530775173990121 0.086102430898327 0.0624525829182198
0 0.8739552010758828 0.431178808858122 0.09699288350008245 0.07983953837466196
0 0.8883560883988368 0.6553546833223283 0.07499396297650417 0.07377177321305176
0 0.8164766504788125 0.6958356064644087 0.10216488094673792 0.0849272468721136
0 0.7606252192648899 0.6044550113821501 0.08792395659314287 0.08649104445668133
0 0.6694612179882177 0.5967308576228728 0.07036842323829344 0.0758956031771383
0 0.5716127851748822 0.6453570803841004 0.09826795148645368 0.0966664614515851
0 0.7114482837296945 0.9903462486352042 0.09127442834498276 0.019307502729591766
0 0.9324105623884258 0.5359905699288541 0.06796457708444728 0.07575559508225857
0 0.9451447302851197 0.27234939179806095 0.06169966422090257 0.05624480966172986
0 0.6673886530393022 0.401039262497176 0.08329841685493214 0.08861487442076801
0 0.5809785499444436 0.3465101127853385 0.07554042068494891 0.08098331167459022