0 0.7126564914073523 0.42102915222761916 0.13168499818288273 0.1307605632790986
0 0.5536860163178301 0.8989111718772189 0.23617219125656858 0.20217765624556214
0 0.25640651178711205 0.5428947314081274 0.17439715426177305 0.18626395150069597
0 0.17782364846004606 0.6278014165033936 0.07712149964962546 0.07929464006019825
0 0.17087915872724638 0.29157104588693 0.13467645343875329 0.14774153181702054
0 0.44333411894152996 0.19510358159411761 0.19868744827253076 0.19501594457222413
0 0.6317956981625882 0.5093875610926557 0.1295329845013327 0.13781805627963806
0 0.4753205705631658 0.45858624424283845 0.11452229847623102 0.12006686043672123
0 0.6673612141421194 0.8066781153562217 0.18557694345668288 0.16299571726722917
0 0.8558723735701148 0.9282785009228507 0.27999849671613986 0.1434429981542985
0 0.8162775380338435 0.5379989619359988 0.15466272008641122 0.17060851088962756
0 0.822516059607292 0.3045482347019926 0.18767554739248518 0.22309187111338316
0 0.5899076655027767 0.06538536871397488 0.09808456177478415 0.06145027997841975
0 0.8463447117015731 0.6778375931226418 0.16726955995766674 0.18820566127154537
0 0.9322459075069732 0.5892015339466758 0.13550818498605358 0.22574292696709009
0 0.8794032896757737 0.45689867365193165 0.17802962836541633 0.1529181962688478
0 0.8431089811522277 0.10439668058040368 0.14775642384291687 0.1102042661214758
0 0.9350465736392165 0.23021164759917326 0.09993133323828993 0.11433489536303518
0 0.9276633173240035 0.1218075024845979 0.09065172525263367 0.1233340981344239
0 0.9474130187052073 0.3606355217508614 0.10517396258958528 0.16047010866910896
0 0.9655830737757436 0.7845596948632788 0.06883385244851271 0.0946419897492692
0 0.993009810548473 0.7372064169719195 0.013980378903053857 0.08644529729959963
0 0.9865843039155078 0.9377218561632178 0.02683139216898448 0.1245562876735644
0 0.3486341302357025 0.94818378968254 0.11899421415419512 0.10363242063491995
0 0.4075702821342497 0.5789648804128699 0.16153848191822134 0.16145526265723967
0 0.36549914490313146 0.4731347684215019 0.12780069160694324 0.1568947800494083
0 0.34297928632666874 0.34337365823324045 0.1591346357643752 0.1613012171962409
0 0.3109699593709695 0.21660213543175247 0.08698871673730633 0.08712236036573273
0 0.20001528758560205 0.19869873653349285 0.06957418455835865 0.0692171190618169
0 0.33201313611474986 0.09802730507993383 0.14180404774285962 0.14579982204617123
0 0.7502823668839806 0.1248312152937521 0.09255190646188757 0.10906506667234599
0 0.12117298365801853 0.4478837695147233 0.08416514979629972 0.07494908413550296
0 0.10542589696068086 0.546411021211347 0.08416514979629972 0.07494908413550296
0 0.17740014908347487 0.8904063885055516 0.06219475778195602 0.06394729037112785
0 0.13091816499776143 0.9329985562086496 0.07960928996090368 0.08185253167504342
0 0.05805484014430959 0.3574941714512878 0.07960928996090368 0.08185253167504342
0 0.06960471897004296 0.13877461206235642 0.13702688984685168 0.2150492241247128
0 0.682406213168316 0.6193626014282891 0.12455740387877622 0.13270227304994794
0 0.5277549307489364 0.3803985206150452 0.08740843752446678 0.0991415911349635