0 0.5968026794372677 0.5535601364882481 0.14692028277247443 0.12665030566027888
0 0.7921019132482929 0.5702488872839113 0.07005027060529684 0.06809088821426539
0 0.9634351516808941 0.8931343242299941 0.07312969663821178 0.10442829334573361
0 0.8177585285151395 0.9345574503623028 0.09438257981850165 0.07558213949957977
0 0.7142462200623831 0.9297489159892964 0.10556515203251739 0.11415556309062871
0 0.6169884000565286 0.9310199252068495 0.08226539982435646 0.07303843693384565
0 0.4950330063157607 0.8863521303187384 0.11037284434020997 0.11421150565538395
0 0.24822254489506795 0.519470209261607 0.10517335513285975 0.10454017847524409
0 0.5281400585545419 0.28365805648041637 0.0975700197716635 0.09484088001272675
0 0.6325992452177542 0.07583809136754852 0.10075745972482515 0.11409962052587352
0 0.8365527234860847 0.1575006165230018 0.08996668441046733 0.08514158155020929
0 0.3573240408286867 0.9245174441193699 0.15049951962529395 0.15096511176126023
0 0.1523563576463775 0.9667936943641955 0.07485796291298917 0.06641261127160902
0 0.142163556594536 0.45216167488860065 0.08785668593136446 0.09232514872937013
0 0.047883016144390875 0.3201171220560137 0.0738254059079453 0.10177270565048906
0 0.13229312711268426 0.23940730463202722 0.12817925966627738 0.1384457661704887
0 0.07222759578792225 0.15100959488076882 0.0655364259723479 0.07524648411104853
0 0.02186312787313284 0.24172639487342648 0.027858481310125027 0.09402971282377606
0 0.6924688780926872 0.1594281088111146 0.0820695013745276 0.06823074462615335
0 0.34838622760966764 0.3536476236351028 0.1251877181629446 0.12399471796503415
0 0.2636088606023695 0.07154449952258579 0.14314514746982593 0.09296848822405507
0 0.2099814457440114 0.17063280413013862 0.10894849043550817 0.1382219959114679
0 0.16261659251059038 0.8656651702737055 0.07843719976580871 0.09702095590755196
0 0.07053382796028146 0.5222080266733564 0.09276232746397119 0.09478493744797152
0 0.1566049856086783 0.5412298533516076 0.08304899362367214 0.09226920616461488
0 0.3292288667431598 0.7090252564510471 0.08275514594892884 0.08505766770307642
0 0.9142266730609399 0.6485565426846798 0.09178283521482665 0.07074647590950998
0 0.9397425532600026 0.5671614288424418 0.10458565978337311 0.09011710155216718
0 0.9258255830352665 0.3435477939699943 0.08255924749910001 0.08024997539538412
0 0.8499350631172334 0.3090268380624423 0.11199309669474043 0.09500870770699234
0 0.8057761090368883 0.4046212585687364 0.0975700197716635 0.09484088001272675
0 0.7175194459189816 0.4204132441976879 0.07784950441632187 0.08259787898447503
0 0.6149907198588122 0.38077691187629 0.10757720128670598 0.10456814975762171
0 0.7073184645802559 0.02264663394209349 0.09732923685281956 0.02996500514125814
0 0.9734209402745017 0.45834585448999393 0.053158119450996605 0.0825419364197198
0 0.9969839176360142 0.7193729468001338 0.006032164727971489 0.06048775179944025
0 0.7386744869832059 0.6152786247123032 0.09286027668888562 0.09718878360181768
0 0.6594903976002123 0.6768276011114647 0.08525694132768945 0.08748948513930034