0 0.13934819616410293 0.4592936394863951 0.11549852554326935 0.11014516358563989
0 0.38314476516661367 0.5500286538486887 0.10336739449348296 0.10512767482448354
0 0.9022696637511225 0.8463797864695773 0.07625368511784213 0.0758199687807086
0 0.3344034749797016 0.8839473894876626 0.14529583177414537 0.15151405968933865
0 0.40766081277553473 0.6734490971555301 0.07139004266987187 0.07333220404547666
0 0.9620001318073724 0.7262984602961791 0.06876239595491448 0.06367486013939928
0 0.9148093665234511 0.30026613699422566 0.09095651274230768 0.08809095529409629
0 0.4840163487834403 0.23443856269058821 0.10331144435320529 0.1027238286706374
0 0.9585231835977566 0.401611392364177 0.0829536328044868 0.11697906843094302
0 0.8246051658577458 0.09262107642920575 0.08844076630790618 0.08324130369571116
0 0.3901264734327459 0.23006535964299324 0.09324845861559836 0.08332522227709681
0 0.6285308884717953 0.45075492383040405 0.11834997281933769 0.12941789210710203
0 0.9355187947153849 0.15681769793345118 0.040363843230983104 0.08240211788185452
0 0.7909094387103105 0.8146560676876013 0.13998458820395307 0.12979552572333747
0 0.9193183775110583 0.7522941121440346 0.07379388882371803 0.0733741633361694
0 0.9836287175576928 0.8736314872694037 0.03274256488461447 0.05140387362601145
0 0.9237654087240927 0.8916962094217651 0.0710543418282053 0.058909127122399735
0 0.6921967969661859 0.03876469031192887 0.07647748567895281 0.07752938062385774
0 0.3411034226663465 0.4485575206066589 0.05696696574679495 0.07308044830131973
0 0.254170295328793 0.2781301161355615 0.06395470364722232 0.06359094155801358
0 0.8163855199321581 0.0051588867409529445 0.06065565524893165 0.010317773481905889
0 0.6348232693749473 0.6177802722320188 0.05165572217660271 0.0513619143353187
0 0.7653532888110046 0.38824611076941234 0.07116624210876064 0.06371681943009204
0 0.7420961193583336 0.31891220592410946 0.07854563099113239 0.07105423576370903
0 0.22915069645737193 0.13307505744410467 0.068650495674359 0.058867167831706944
0 0.7060623823645833 0.11392883054927008 0.05165572217660278 0.05136191433531866
0 0.6144805319119666 0.9319647271519096 0.07362603840288474 0.06616262487463095
0 0.07564124839193392 0.20188720092456147 0.0763655853983975 0.08062766108840083
0 0.27578397021661377 0.638476263113674 0.07876943155224361 0.08066962037909366
0 0.504165270633547 0.019884491759871295 0.056407464344017146 0.03976898351974259
0 0.689330438827618 0.6865687062983151 0.05165572217660278 0.0513619143353187
0 0.7448936263722227 0.4391045136164171 0.04925187602275663 0.051319955044625803
0 0.3248859214981839 0.165071511615584 0.0688742962354701 0.06848255244709157
0 0.25539918853680577 0.2276073876140995 0.068650495674359 0.05886716783170698
0 0.1472830666930558 0.2836030738021617 0.05400361819017099 0.049000027472165295
0 0.9705014567008281 0.4772066683382523 0.05899708659834383 0.06839863386570581
0 0.8149128906052888 0.45110884803247886 0.06630259966079066 0.06122905469486038
0 0.8254315169775115 0.9030319249555558 0.056575314764850435 0.056253525224396785
0 0.39424483837745794 0.716970083668918 0.058643460077030016 0.04187240759201234