0 0.3107790035786431 0.6282647353296056 0.26502731684936115 0.28508033327095544
0 0.3001138758007863 0.9011502218784957 0.16231783207581088 0.19077092655836372
0 0.511374927401001 0.887138906050806 0.2539496325351768 0.225722187898388
0 0.2970518899393461 0.11956457785094071 0.2172701070183901 0.18628489311041155
0 0.2685677526468496 0.3033679050293753 0.18366680084721432 0.15244923977497304
0 0.724424548721613 0.3529140720820014 0.2214724394669183 0.24638104695656543
0 0.565830599158282 0.6778450639466193 0.37906718585044746 0.26652085209529647
0 0.1381975637541384 0.49980500900574226 0.21347097449834462 0.20067999969785882
0 0.7801074135471523 0.1584472740572219 0.16963045050269004 0.1235331600897452
0 0.8968714019144767 0.44890789016112687 0.1716299767951736 0.39266603314581094
0 0.8715228205916662 0.777018904993312 0.13253013177461087 0.24586359574741798
0 0.7762100008939657 0.9336161301232337 0.2307351641364906 0.1327677397535325
0 0.046539373370557656 0.46909263661146244 0.09307874674111531 0.2314545039921557
0 0.05515499483970048 0.760062909985458 0.11030998967940096 0.2749335122786084
0 0.15707623300553514 0.780076848613856 0.16801653085587917 0.16917826667719255
0 0.549405196110522 0.08736518914983336 0.2809973000866484 0.16983556956448798
0 0.4908400351950882 0.4778083819682411 0.14850011501189803 0.13061883204095046
0 0.11643659841284724 0.9035882295967295 0.2328731968256945 0.14813102834079872
0 0.13669352071407326 0.6416808801700172 0.15465255370311934 0.14987757160734932
0 0.13368319476818324 0.23765291914227094 0.1412885765503595 0.1305768765375061
0 0.42685190553851327 0.34396837281142817 0.16717606436617347 0.1571590359079618
0 0.9637830110357715 0.12825315422723904 0.06369312643551804 0.12051396655204798
0 0.33333757213549475 0.4432245221547109 0.11092958302273545 0.10877443913911314
0 0.17416241277145517 0.38097545382022785 0.20731853580712328 0.18142126013146004