0 0.15617376586958853 0.5781898474127795 0.10680709507010011 0.1021672910772719
0 0.3802160263772207 0.4464170755336544 0.09461997598600523 0.0969398779824193
0 0.8386523326801059 0.06578132836927322 0.07206197486963689 0.06974207287322279
0 0.272813663127475 0.1276594572155532 0.13450856512388917 0.13914836911671727
0 0.38186054557536764 0.3212072151400741 0.06485043640809843 0.06949024040092656
0 0.9193948687663427 0.1724701153314465 0.06211081362452393 0.05979091162810985
0 0.9487600057123309 0.5998510657714693 0.08441698226859601 0.07977717827576788
0 0.0586615969403865 0.8872557960356848 0.05856228367831288 0.09568071562093813
0 0.5360997662852077 0.7406173001628594 0.09453603182857315 0.09453603182857287
0 0.9685210938111669 0.48930084756742015 0.06295781237766626 0.11094323411833579
0 0.8975046932694201 0.8206576976285554 0.0819291919573179 0.0772893879644895
0 0.4441392984641554 0.7606760733009177 0.08665294010757799 0.07505343012550779
0 0.6396940570894254 0.5023388968422673 0.10747864832955681 0.12139806030804128
0 0.989342997969035 0.7390490150951238 0.021314004061929872 0.08273809911995428
0 0.7345200129808007 0.116349871296285 0.13134922155315437 0.11742980957466977
0 0.8718483155068859 0.15487625717060288 0.06725428256194459 0.06957418455835863
0 0.9309333099250444 0.022163019483276866 0.06169109283736363 0.04432603896655373
0 0.8513545543758249 0.021186224005776168 0.06666667345991985 0.042372448011552336
0 0.7775527803823767 0.9006600035037456 0.07007784950295104 0.08167735948502151
0 0.35750923369064086 0.5543116151115611 0.050427359485021514 0.06898657545633405
0 0.30130504549804726 0.7367826247432568 0.05721917715939954 0.05721917715939968
0 0.9098635302071896 0.9333446623083124 0.054731386848121295 0.054731386848121295
0 0.6158730640727654 0.3371030934076234 0.047268015914286435 0.047268015914286574
0 0.7866377442308953 0.5405295060868569 0.06451465977837009 0.059874855785541956
0 0.774691019952065 0.6119466325699109 0.0742979327086186 0.06501832472296261
0 0.3040637650262744 0.8847031073622275 0.06434677146350591 0.055067163477849644
0 0.7759425741853251 0.8200891852711835 0.04726801591428671 0.04726801591428671
0 0.5389804706119732 0.030517326967774958 0.06691850593221624 0.059958799942974025
0 0.04082351443546794 0.7555059504400229 0.0321199759860052 0.09475732988918505
0 0.14016723857173335 0.8434943379888933 0.06990996118808697 0.07686966717732921
0 0.951568356396895 0.9559560731704285 0.06574328772816702 0.026304953789128022
0 0.25870731703887356 0.37845692671115805 0.07222986318450107 0.074549765180915
0 0.5976993068369179 0.9538727873898682 0.052075708221978746 0.04743590422915061
0 0.6576999769598084 0.2598289726489759 0.04726801591428671 0.047268015914286574
0 0.7561127072360997 0.49345991289911884 0.04486416976044056 0.04718407175685449
0 0.3926130568042955 0.8358821245354473 0.06468254809323426 0.06468254809323426
0 0.3114813343425826 0.7869695894230139 0.06434677146350591 0.055067163477849644
0 0.19466966828162177 0.7501335243643693 0.04958791791070064 0.044948113917872505
0 0.9724893445445383 0.41722743503075155 0.05502131091092339 0.06211081362452393
0 0.8238668252038265 0.46943288902768904 0.05962302331324583 0.05730312131683162
0 0.7529227783042808 0.024584047612370413 0.05224359653684292 0.049168095224740825
0 0.36120272566825296 0.2810133837841462 0.05654762389994284 0.037988407928630306