0 0.11519486905447728 0.30288349380938495 0.17153091174836488 0.2043720970082424
0 0.10353981454500202 0.7861965788273417 0.11668784254000321 0.13398422661319523
0 0.3093355779897348 0.7476164976613527 0.21167112491597156 0.26430453421862626
0 0.6495590022745119 0.6819510965304215 0.25773814686198276 0.3629785260803085
0 0.8700134006341631 0.7188703027978218 0.22695926284566562 0.21239997549816947
0 0.8970430127702076 0.4519615214030138 0.18828789004586846 0.2029483075185547
0 0.4754148420529738 0.08788776067978775 0.18845350325829033 0.1261652386903575
0 0.7904364672027406 0.1435584405410926 0.2626672312562601 0.20248086615213515
0 0.250715922711651 0.1554658580572554 0.14891706945187635 0.16945817800047835
0 0.31811003471621874 0.32192571628826383 0.1506214678115274 0.14555972455689656
0 0.6343464447697001 0.418601788859833 0.27249245020990337 0.21025243699319268
0 0.7899504668374686 0.28439345268341226 0.14602360984209367 0.15249124682867554
0 0.7701432324349559 0.9215975462197717 0.1702719057188139 0.15680490756045656
0 0.058049257770734226 0.5710879108694461 0.11609851554146845 0.1998681294311998
0 0.46796008739933365 0.5509781655323718 0.14222086809985732 0.10427431565687274
0 0.409976729298423 0.9567640888916435 0.13295520738157024 0.08647182221671283
0 0.2780449699545626 0.9432984816670653 0.13351476561692635 0.1134030366658693
0 0.051976923788028324 0.9862769635513219 0.10395384757605665 0.027446072897356216
0 0.8994392007237934 0.9707648983796203 0.1492225722231371 0.058470203240759404
0 0.6824635438628639 0.9787535300734505 0.1992137279979699 0.04249293985309913
0 0.4412544755068038 0.7239969388323002 0.1070025131451991 0.13102034807982987
0 0.33692474836113545 0.46147694703577546 0.15174058428223952 0.18402126301843516
0 0.44794345067749386 0.4113569307374203 0.14299026067347198 0.13071662334918044
0 0.8749501432287008 0.3423183594836993 0.09194993320734678 0.10854568412593603
0 0.9355101868772084 0.2471208614531214 0.10569205980848241 0.2509326395823782
0 0.9030068164931198 0.08148919752094654 0.1459094439368374 0.06609279338509376
0 0.3820531514304456 0.19321438019871953 0.14072630407846481 0.13538430756199293
0 0.5177784037804154 0.24566599545302012 0.15909201230261708 0.18924897961076667
0 0.13507522930814247 0.5713205099774255 0.1089167458431087 0.11433343309778667
0 0.907044684208266 0.8943973675351408 0.1404465249607867 0.12576892294660852
0 0.8903725350717715 0.5984561286927494 0.1282874046327168 0.12026119016451713