0 0.6962335268404778 0.5771177720096143 0.14980738448507006 0.14197193605772376
0 0.389004174213668 0.14486040136090955 0.269508542270068 0.2613019268416472
0 0.21143850255583863 0.5674145627485875 0.20124450183910733 0.2013431268986732
0 0.10789754703423907 0.5047848169736289 0.08903489870540726 0.08707266089473843
0 0.20359917081780204 0.8260798567593454 0.15559513345692053 0.158966747449511
0 0.5006260331831268 0.8545177784347702 0.2259830038519677 0.21420179924222482
0 0.5903587292124721 0.5132021590003006 0.15022740876970914 0.14918347451926223
0 0.4517649681634592 0.5974855659551275 0.13001658287478163 0.1316849981828826
0 0.5338423929057365 0.2221803237370835 0.2071959674467279 0.17996034398635413
0 0.6731124858882581 0.0849283572402091 0.2980057974542528 0.13275339689543622
0 0.7631082190178554 0.44215517309746966 0.17862982979033368 0.18376070640486147
0 0.8406517212479071 0.6616492328473267 0.22017154633922686 0.23798842830839023
0 0.6854195838738615 0.9488897514872895 0.10812565984129673 0.08534036800034883
0 0.7507259921657498 0.3032204939131431 0.19417297147244875 0.20349514058022317
0 0.8700319557822291 0.3639920305575641 0.18906155443410674 0.23930100041561916
0 0.849822251462532 0.5041973097704037 0.19942439660567038 0.1700931268986732
0 0.8987425878344248 0.863602844182088 0.11486975693641564 0.15994354292701182
0 0.9404350451734126 0.7060822441535749 0.047725781264493165 0.11921551221480688
0 0.926150854769985 0.5791248236597631 0.0936551658364396 0.1663995839716615
0 0.8463068300944013 0.17166907104402965 0.1042980241977627 0.10199940276240785
0 0.8996351783045462 0.20725363281881373 0.0700841456643976 0.09120879994297404
0 0.836270299619147 0.05449492348046655 0.11592093922324437 0.054426144630077285
0 0.1762056398212886 0.15910793089150138 0.13426424280295476 0.12223750188236207
0 0.34792028791121 0.4987141837150445 0.18301749781338664 0.17671705625818718
0 0.33907606939289453 0.6092071626345356 0.15120746543386746 0.16601039759618544
0 0.3556941019027283 0.7374504503627025 0.18061365165954044 0.17663311210075497
0 0.36396867692154056 0.8641980104629341 0.09907030760543119 0.09461997598600537
0 0.2602769806098466 0.9075473558507865 0.07885948171050353 0.07712149964962532
0 0.4212883774109892 0.9456692881437861 0.160986566685022 0.1086614237124277
0 0.824853393492153 0.8501832676093856 0.10994576507473369 0.11659036800034911
0 0.10560038931439836 0.688972852293872 0.09356257482334003 0.08243285690191016
0 0.06022991554674066 0.5994696403724136 0.09356257482334003 0.0824328569019103
0 0.03138520253488766 0.25627671506275385 0.06277040506977533 0.06725428256194459
0 0.00662891911635971 0.22758318232562197 0.01325783823271942 0.08497405695893626
0 0.07207581856021736 0.7889690329449414 0.08903489870540725 0.08707266089473856
0 0.1327568349020108 0.9414568130663397 0.204115789359373 0.11708637386732061
0 0.6068345104769653 0.39574947409156735 0.1427358541184112 0.14412394973927378
0 0.5277316969632678 0.657948030842694 0.10217419423367616 0.1067231509126681