0 0.39852086855851615 0.3252665181505873 0.12243950874964026 0.137300991348718
0 0.47211901158360764 0.7651973344355232 0.17025424972995667 0.17922942862938057
0 0.7082033060211919 0.4708890063149567 0.12648109800608126 0.16860694148899583
0 0.8346725220043637 0.4041657756630335 0.16949836829798998 0.16480635170630364
0 0.7251749921717191 0.10586706190309769 0.23388807187790717 0.20231874766121813
0 0.4685933549034863 0.13043311162962057 0.21843670980697255 0.26086622325924114
0 0.21615705388939657 0.8409514880470618 0.191647126256534 0.12930816080138913
0 0.20183274275314483 0.6824375172439101 0.1282652645859059 0.11102653407724361
0 0.17852128779118878 0.260590492314049 0.11447208885613475 0.1227100640048078
0 0.5797813963387723 0.5003526215822645 0.1454599067595283 0.16424685030352584
0 0.6144549664248175 0.7486471472428414 0.12066556378909979 0.14926427197767111
0 0.9087882580094004 0.5095423505112706 0.17329821869639297 0.14568748275608975
0 0.9533224667742677 0.2905115948708325 0.0933550664514647 0.19940934036677363
0 0.9117982413107331 0.0732533180396364 0.16013494415992768 0.1465066360792728
0 0.373981806872661 0.867362805852083 0.11016831750308717 0.1322135483396368
0 0.5894256558096185 0.9369584242768692 0.1251055370000928 0.09654750701388902
0 0.9525214182573347 0.9104531318709393 0.09495716348533059 0.12226246288258562
0 0.9798388164070028 0.4522117088526701 0.040322367185994454 0.15043721504540605
0 0.16829810562469222 0.43291309343627127 0.08373623143006353 0.08598097001378208
0 0.6564985100713058 0.2879739030005871 0.13395481856422636 0.12796535743472232
0 0.7745524745136249 0.795463182285416 0.1707786139231697 0.09761055967916668
0 0.9753077436236477 0.7866540500088133 0.04938451275270458 0.11024323211335485
0 0.07234345144812201 0.393027841214797 0.11168008036702096 0.16105970218579066
0 0.11582886702718048 0.5568800257192307 0.1808774762546306 0.1986839984212609
0 0.3007700361804461 0.962931185411111 0.12827548620519005 0.06540940729444436
0 0.09394906237851039 0.8052874565994124 0.10017499217171899 0.12477820931698712
0 0.2748606538970101 0.5603988549224357 0.10309298089949391 0.08883241728985042
0 0.3016622490691239 0.08443631152184805 0.12396149323285827 0.12053001841207275
0 0.3719593518408149 0.5761896954651706 0.1242134537101806 0.1253377107197649
0 0.6295386093990527 0.6231435959803413 0.10068913474564777 0.08877646714957275
0 0.7340224837334615 0.7109658959280443 0.10815263368450855 0.09375200987809834
0 0.6725626509042287 0.8700403730730231 0.0731130049053896 0.06652640022190162
0 0.07825264064228668 0.2761615520518696 0.08398819190738588 0.0907886623214744
0 0.6083467148521424 0.058043924335523 0.11751605782257084 0.08916811813151718
0 0.8922149558134252 0.7903177792579588 0.07374290609869569 0.07854563099113239
0 0.836774959988092 0.9035233539888883 0.10106707546163125 0.09598800561111122
0 0.3104518613211779 0.6654687089381942 0.12180960755633431 0.12528176057948726