0 0.32770711489496396 0.16498759303419835 0.1094877271948245 0.11486893731194663
0 0.5089754133819558 0.34936162587758246 0.10454017847524409 0.10276578796133015
0 0.9739098595333545 0.7006175031285197 0.052180280933290885 0.07556821303655152
0 0.792977216434894 0.1676857779774433 0.15068876719874041 0.1444283990998786
0 0.630061960045033 0.3208003740052868 0.07292655180433517 0.0709703171823234
0 0.9013931016500648 0.8065484877683443 0.06328319590657308 0.06839863386570609
0 0.49419376217985417 0.9386815671861256 0.08757339898643306 0.09045284215724955
0 0.026750833863775414 0.12936711975541756 0.051599620525873524 0.09703499125839563
0 0.25910296828328316 0.5713154283234066 0.10213633232139795 0.1027238286706374
0 0.6072444596165675 0.9427190959081779 0.116475495397342 0.095764045953256
0 0.2670303006413927 0.942646720156598 0.08273773539636313 0.0879650774220179
0 0.21844652622041652 0.48667121815829983 0.0827936779611183 0.09277276972971006
0 0.5156720093154507 0.6149236869415433 0.12874646770797135 0.11760845779133543
0 0.9135784759829331 0.6139890397164951 0.1289982092493698 0.1392430731759508
0 0.9080172431816735 0.7559418406654965 0.07295452308671294 0.0733741633361694
0 0.16130218473041427 0.8447123339171209 0.0850017251383212 0.0759878059434796
0 0.39842646158741035 0.35369559940329887 0.07275872411006959 0.05654724025924647
0 0.20716685030356427 0.343810209167225 0.06325522462419539 0.06599478771185965
0 0.15919287910684707 0.9733810420839293 0.06065557949370599 0.04912590534424383
0 0.6712227272560104 0.5521001792003554 0.051068166160698834 0.0513619143353187
0 0.5138144452332819 0.7652270104929672 0.06331116718895057 0.07080248001955224
0 0.4405670657469182 0.7725163842437138 0.07060661949762188 0.07813989635316923
0 0.06574551082111649 0.3811415765488713 0.0584755035988807 0.0683147152843203
0 0.23920341447139346 0.8241178877388347 0.05106816616069897 0.0513619143353187
0 0.949592527236431 0.40298115260387135 0.06574298462517447 0.07324828546409115
0 0.12480504308867078 0.08437755806778077 0.09928494564951008 0.06422033091840605
0 0.06619136720853012 0.21283038648894767 0.0801940328306289 0.07590388736209416
0 0.5458845456715371 0.21527681568803564 0.08022200411300649 0.07830773351594039
0 0.06685206060566005 0.6828662281472564 0.05112410872545421 0.056169606643011
0 0.7556230698232131 0.5734681424876448 0.051068166160698834 0.0513619143353187
0 0.5518284431767786 0.7260941233803433 0.05104019487832135 0.04895806818147254
0 0.13392031288251463 0.45448594717870283 0.07049473436811148 0.06852451173778434
0 0.161731529280697 0.3650401279980811 0.0584755035988807 0.0683147152843203
0 0.16993436413601246 0.24347806006607903 0.04869229128923044 0.053723801198472025
0 0.6778921939724417 0.918644758371201 0.06803494564951015 0.06367486013939928
0 0.5909892636977573 0.7855189285754118 0.06085137847034917 0.06595282842116691
0 0.9902472851686694 0.6065737880936699 0.019505429662661007 0.05575001373608265
0 0.664568088246082 0.29014388736716384 0.04153669539244721 0.0584056156340858