0 0.8931128922100776 0.7696990319125121 0.12413768309161591 0.11437933334964967
0 0.8767857535895368 0.30215095498943517 0.191308021496128 0.18003840412769115
0 0.5403732082872235 0.30184074468733935 0.1571505103976896 0.1652237292513277
0 0.49312428911758954 0.3938014246804865 0.1890720636571463 0.18481812515300583
0 0.4332380466144156 0.7775636851833542 0.1648657138038206 0.17973072002153748
0 0.26916219417797865 0.7924745754174111 0.15905069160694324 0.15082862361062865
0 0.2898009173404407 0.6953985190104179 0.15340355772493 0.1267342195074116
0 0.3799222218262084 0.4549588031263614 0.2165217012386389 0.2139719631053135
0 0.41021447214396073 0.25587312723398353 0.16436204885922806 0.16530764309846055
0 0.37454213667293396 0.0944657938965711 0.2202381194997141 0.1827779056700686
0 0.810462566786366 0.845629128311184 0.160058021496128 0.17967477745678223
0 0.9198298567593454 0.583904438072232 0.16034028648130935 0.14386882669048837
0 0.8365690468995456 0.4578695006242606 0.14331504257663716 0.18188282463398517
0 0.9361454558140548 0.17674621346027392 0.12770908837189027 0.2130489107868523
0 0.725045862756806 0.5671038021470586 0.22255802149612808 0.18040203079860007
0 0.5180899149772149 0.1453949457106961 0.1270451941900543 0.12883038155510415
0 0.2828258931959567 0.28923243285755074 0.1738934893171806 0.1630156820741248
0 0.14540603838421812 0.41378405027419496 0.10773048080185307 0.1262027651422371
0 0.07520610218392931 0.4333915897517479 0.11958182325621967 0.12153492924643289
0 0.07994516848943137 0.8443373969299297 0.10465508138855022 0.10694402462909025
0 0.24512756217832757 0.8955182902854533 0.12422162724904787 0.11678317950349583
0 0.5852984978204323 0.8658363662292273 0.15153391092736065 0.21081289232727174
0 0.6408006492912844 0.97202264003818 0.09112485578554196 0.05595471992363999
0 0.5028160607115847 0.9434553569504882 0.13632480217571072 0.1130892860990236
0 0.37227957585987753 0.8897892297899279 0.1501908044084473 0.17235135386573328
0 0.6916361899976352 0.36727688727167407 0.14146827111313123 0.1289982092493698
0 0.7383814442226767 0.26089313035545 0.15622712466593652 0.13878142155901999
0 0.7900183349128425 0.15696916215782727 0.21235502777871892 0.1634632225921665
0 0.9243705512876985 0.9712690995446127 0.09129274410040612 0.05746180091077454
0 0.9644383645086789 0.4654734791043996 0.07112327098264205 0.16444053334475475
0 0.5708600517927138 0.07392290058999645 0.20902779589311996 0.13699294361748124
0 0.24114394234031464 0.12775517131419434 0.1872558266053247 0.20161707694755132
0 0.17346993899120966 0.04767302361307584 0.2219398779824193 0.09389154054251611
0 0.18121955729723507 0.613638936431957 0.11949787909878763 0.11913108309258674