0 0.38749632918523275 0.5198395814521406 0.12586708040451727 0.15704882551040728
0 0.28008464255291277 0.43726340459153323 0.14983561610390497 0.14657004935116602
0 0.5348853422766976 0.45239030038049943 0.14262407764236656 0.14610791296816913
0 0.7815033357309651 0.5066414985944309 0.14293175133429187 0.19899252835278453
0 0.50395080990768 0.7111279943493212 0.12815904521584515 0.1379721017406368
0 0.42528818230195975 0.820227186444048 0.1765016864812493 0.18672608788369296
0 0.60246035548317 0.8929239263494909 0.22738802557864773 0.21415214730101823
0 0.07162670509701616 0.12714049494562302 0.1426380628101813 0.14851175912201528
0 0.5011048282573689 0.2219453020416289 0.237297098718143 0.3107695321009746
0 0.7908522008027193 0.25493085701508 0.14998945294986754 0.1730123570434737
0 0.8490331880133953 0.13610881696340055 0.16922022218063676 0.17424472073146535
0 0.2207856432722023 0.5704314988357901 0.16437057436950026 0.16672509134792898
0 0.124372270158633 0.31314478004940827 0.14509784963528663 0.1582811891983989
0 0.29738167146193034 0.9176207659085102 0.3255261628518961 0.1647584681829796
0 0.3714176125864012 0.6473670324559172 0.12568527322292494 0.12579882551040728
0 0.17957842340050462 0.7155722417298468 0.25350867441121505 0.20607861955873666
0 0.1249682425010607 0.8286157345884093 0.10150696000631552 0.10021990936195599
0 0.11253025805253544 0.9574544144163332 0.09426745120914747 0.08509117116733368
0 0.03763801627076431 0.2739452972995997 0.07284261334175403 0.1296213638299687
0 0.0444168158851935 0.4065419494136356 0.08497372545350317 0.14962236036573273
0 0.12414231624483828 0.4801350650112165 0.18596323425067124 0.16089996203538115
0 0.11759507325450265 0.5938556209359119 0.1498915567751641 0.15618543396655063
0 0.017868818079125416 0.18016485668853116 0.034423030383659965 0.13436817491552383
0 0.2647035816345223 0.2716756702870779 0.17629190896402752 0.15066839557600067
0 0.2147752265324375 0.36339263868302296 0.1641188413488339 0.12345586057869823
0 0.5604387904576164 0.09478682318198742 0.14010835014600198 0.12672309827640094
0 0.6518137159945492 0.3121019895079098 0.12827092655836345 0.15720287097140614
0 0.6376152031116585 0.5562930017037243 0.16901044466341483 0.138187028423773
0 0.5943467736975772 0.7601739299060128 0.11829192757979425 0.09408668912741028
0 0.8840863523038706 0.585303815302271 0.12087758091523262 0.1254907345884093
0 0.9414911627008256 0.7080683137121301 0.11701767459834891 0.21202919612687082
0 0.9360269688609872 0.8567216615980942 0.12794606227802555 0.13587634650878863