0 0.3088942307692308 0.8870077713239841 0.19951923076923078 0.17539853951426457
0 0.7908653846153846 0.8733852442099251 0.13221153846153846 0.11932688206922994
0 0.7331730769230769 0.6707908565097858 0.25961538461538464 0.2145593600352431
0 0.6370192307692307 0.33433546675314285 0.3557692307692308 0.26375513440727055
0 0.6538461538461539 0.1169831888067092 0.20673076923076922 0.22115553028447424
0 0.38461538461538464 0.09942732825734026 0.1971153846153846 0.1897936451549638
0 0.06009615384615385 0.5391608205209786 0.1201923076923077 0.19130241027272646
0 0.09254807692307693 0.22102881744846095 0.18509615384615385 0.26417301951230654
0 0.1502403846153846 0.758959743610139 0.1658653846153846 0.15096848002251634
0 0.3088942307692308 0.682680848247061 0.14182692307692307 0.15068876719874041
0 0.375 0.3637385200509068 0.20432692307692307 0.274012174386712
0 0.22716346153846154 0.2153836708000685 0.14903846153846154 0.14836883489202707
0 0.8665865384615384 0.2011894165278967 0.15865384615384615 0.172519181559999
0 0.5829326923076923 0.934315484135523 0.19471153846153846 0.13136903172895403
0 0.5228365384615384 0.5217087539171297 0.10096153846153846 0.14300171693678257
0 0.9459134615384616 0.5566797765386654 0.10817307692307693 0.13587409232237682
0 0.9387019230769231 0.688807401153071 0.12259615384615384 0.13604192001664253
0 0.9915865384615384 0.9153843078269168 0.016826923076923076 0.11077272205356628
0 0.921875 0.07683275602258166 0.09375 0.13330241847426516
0 0.9507211538461539 0.28510110371880526 0.07932692307692307 0.20284612924153797
0 0.6983173076923077 0.540577580607618 0.12740384615384615 0.10725170873524394
0 0.44711538461538464 0.6566449662145426 0.18028846153846154 0.15354015387062822
0 0.3858173076923077 0.5489605446677598 0.12740384615384615 0.1457132471967824
0 0.2776442307692308 0.12702876003769056 0.10576923076923077 0.09257689027076857
0 0.1778846153846154 0.07178141335748141 0.24759615384615385 0.11105411900797048
0 0.02283653846153846 0.11204457333643342 0.04567307692307692 0.1471660697497899
0 0.17427884615384615 0.6270279179723766 0.13221153846153846 0.1409614974538453
0 0.21394230769230768 0.4892682902854532 0.18509615384615385 0.1608076348969219
0 0.5745192307692307 0.8528389826420942 0.11057692307692307 0.11186360206629303
0 0.8257211538461539 0.07210813549670812 0.12259615384615384 0.12642653540125798
0 0.5324519230769231 0.09754179289279388 0.11538461538461539 0.13115031386181744