0 0.5831233907045602 0.9432800000286008 0.12046145958105388 0.11343999994279841
0 0.13868100413176793 0.8138100441060185 0.18362180874373185 0.18233721497478056
0 0.25251445102542824 0.49156608774432764 0.16625440179814793 0.14809567347144784
0 0.356991314724431 0.469286622110884 0.1882191917641022 0.1801292672707634
0 0.7457235311385337 0.5068379865440972 0.18371225273703665 0.15599285650738728
0 0.8158840194298439 0.3528897933295868 0.15444548031623903 0.1500097735007217
0 0.7161244040452286 0.34882490049563725 0.1304070187777775 0.14903028125157725
0 0.45324922547635393 0.3755059995894921 0.21676459232962925 0.2052451702832838
0 0.2522725403462257 0.35646095700437075 0.1692891758139598 0.1554051611579007
0 0.10136063608344033 0.2763361781805089 0.20272127216688066 0.21265260719465123
0 0.6836485098955145 0.8854702881528161 0.1808877880085467 0.1510872149747808
0 0.39233308540477385 0.9235411325821941 0.14693318857407378 0.152917734835612
0 0.3026683158116112 0.8144609760155858 0.1842233153049855 0.1344561903476866
0 0.04635358696403209 0.879483222111557 0.09270717392806418 0.19646644422311418
0 0.44474968012692445 0.7346095941492563 0.18395198332507087 0.21348926574986613
0 0.1094098715286333 0.43145567195055057 0.1326909996376066 0.1203800258552523
0 0.3273763869351856 0.2425190476155224 0.16553302994287725 0.16722849347730256
0 0.4942922279415957 0.14076164492434187 0.1286046791851849 0.10105130739956857
0 0.5358179617196582 0.07973088329805861 0.12265499644757814 0.11518053664790215
0 0.9312065220762823 0.17907007077892098 0.1104254563910255 0.11228694436948373
0 0.9194597133325504 0.35469776384706186 0.11565376727336157 0.11729053512700491
0 0.7792891133902434 0.6746623556577709 0.21349008772578332 0.1404392733543521
0 0.8791097514674515 0.760751865397233 0.09149544044088305 0.08756283825662117
0 0.8856135386784911 0.6174781461811008 0.1241271614588316 0.13200745972482514
0 0.8749749388816248 0.47712455162133655 0.17523885855156662 0.14127593190956708
0 0.2637692680339043 0.6524503238366985 0.13154900920769208 0.13470515355341478
0 0.1463867144197306 0.6705852995023436 0.14242624954700828 0.14952002737614942
0 0.05641111110680256 0.6947788651650609 0.11282222221360512 0.2031882365600803
0 0.8025201192624661 0.9964145743775928 0.1261714117306268 0.007170851244814331
0 0.2586946039286343 0.9530545789116835 0.16727652693404538 0.09389084217663288
0 0.04662164880719408 0.4640851413862372 0.09324329761438815 0.20220874431093597
0 0.18605943638062708 0.16197593951405306 0.2046254962663814 0.1760072195374722
0 0.09480263648219389 0.08829745744347946 0.166163957804843 0.17444003193884103
0 0.6738604076703708 0.22527578677828858 0.12025115029373186 0.11508258742298771