0 0.5117712725239684 0.8285650168000362 0.14261142331481588 0.13819617949215293
0 0.449150169709539 0.3685719699459399 0.23165164476229805 0.20516018182632031
0 0.14368946645214925 0.5024280270435154 0.15757401772176677 0.17523499301241863
0 0.608368706067343 0.2275539263626619 0.13633185082218063 0.17827666713747892
0 0.26697260351318736 0.46234714266602367 0.19942052354972473 0.19059003590439877
0 0.10959361983743786 0.6405266895126598 0.1277467426630396 0.1608610713330119
0 0.6300017345232951 0.6973342028189052 0.20462066434244638 0.19579017669712048
0 0.47718764242813083 0.14162911190574523 0.1303959683030706 0.13481121212573347
0 0.4680370506007004 0.5121894888273301 0.20020542051978338 0.20020542051978338
0 0.16319098625526993 0.22941964359521444 0.2252741585144884 0.18553696411052173
0 0.5757197652835736 0.45650818207167343 0.09217980932771684 0.10542554079570585
0 0.7522538016637582 0.9078911464126277 0.14781156410753754 0.14339632028487487
0 0.765672369948924 0.5603635321950959 0.16037031236064245 0.18023890956262562
0 0.4170405480435607 0.6918894760043306 0.12720722517916572 0.12499960326783438
0 0.5759417573444207 0.09357636971849141 0.13986428391961056 0.10454233333830686
0 0.6385880328789336 0.36373910491816386 0.1584080699354957 0.15620044802416408
0 0.2920151769573941 0.930017909332193 0.12720722517916572 0.12499960326783438
0 0.21298298697640883 0.8101447139915752 0.18303520420150113 0.1653742289108493
0 0.16954171285433262 0.9068874312390484 0.1552193268115907 0.14638883916626463
0 0.9953147990693172 0.22036557696037823 0.009370401861365653 0.09752741585144889
0 0.33356794151982877 0.7662618361407996 0.14261142331481594 0.13819617949215293
0 0.9180478338066324 0.5241335981684754 0.16390433238673524 0.16198926154442977
0 0.4900145624945092 0.6644166934896965 0.09698750163540915 0.10581798928073513
0 0.6995650137894915 0.9945291086349269 0.15835931142399126 0.01094178273014607
0 0.9799953332305508 0.8819140282404401 0.04000933353889845 0.15291379114508474
0 0.07478799768075321 0.3165225969715507 0.0962513631768548 0.1845562396301141
0 0.09448296460122797 0.864943011655916 0.06063527459786195 0.15777063869644736
0 0.3541746608411955 0.0826371657474229 0.15065701399008324 0.11975030723144241
0 0.974538020055934 0.6548241012014008 0.050923959888131906 0.1709180596770959
0 0.7622887911450847 0.13863560119394056 0.134614987883219 0.12799212214922437
0 0.32621111935419184 0.20810334709795744 0.12838457063425365 0.13942268019091114
0 0.8639607002468452 0.4334744275372057 0.1365772303083655 0.15203058368768596
0 0.9217277326350726 0.2204884650695535 0.15654453472985488 0.19343548578694436
0 0.4537842317357228 0.9368249088638675 0.12499960326783424 0.12635018227226497
0 0.5415497890711912 0.7545853035146793 0.1092029566471546 0.1092029566471546
0 0.46921280912712515 0.9769421637589045 0.1499212722636947 0.0461156724821909
0 0.22031979394011733 0.037087175299604175 0.15217804941869623 0.05062744149744799
0 0.07233578974756855 0.11096917319586952 0.07029981445691667 0.12990560606286677
0 0.4366899303098576 0.21592773917670913 0.1283845706342538 0.13942268019091114
0 0.9683571547828049 0.3691588573787378 0.06328569043439021 0.13647931655319104
0 0.6588978370774506 0.4370318349886365 0.09880267506171127 0.09880267506171127
0 0.8119087485133782 0.8196354252030387 0.11396149371117686 0.13824533473582298
0 0.8493394154204246 0.9806699284514762 0.1424643543159714 0.03866014309704779
0 0.7464180149267343 0.2806097916357911 0.20579800979753424 0.21021325362019733
0 0.16714064382564706 0.08766625501771363 0.15801562145046627 0.15139275571647176
0 0.2220346732182503 0.672389543129873 0.15158897995898643 0.16041946760431242
0 0.6299765618032114 0.8871645144733292 0.15531724056676507 0.2060925445273894
0 0.7275533312644131 0.8246886953629986 0.1200448419612973 0.09576100093665091
0 0.9487941909250964 0.959280395003921 0.10241161814980707 0.08143920999215783