0 0.8379623476532034 0.14455457402708405 0.1712902996991145 0.17699343289636763
0 0.326288228025056 0.4572963002678422 0.13953678821080062 0.14741992722660277
0 0.49842106706139044 0.5154112488293807 0.14463819555334276 0.1643587505840813
0 0.22938457417636735 0.08469813654358993 0.17082874750149346 0.15055112520405997
0 0.5905887805994177 0.7460146390558766 0.12697208666256296 0.11589017652521386
0 0.22032409715553014 0.39711421133317326 0.15395986513387755 0.14775562806826933
0 0.2807836120192994 0.9254408165036593 0.19014343531364838 0.1491183669926815
0 0.5081358903658787 0.9232548228882483 0.13464517732172268 0.14250033463835457
0 0.09057388424624865 0.8041165234097758 0.17053503246664364 0.13372420212713693
0 0.563908989761573 0.2079157715670945 0.16079376997918055 0.1262888631044873
0 0.6923679014749173 0.21932256561041724 0.11718886488440707 0.10605099134871801
0 0.9064786700845453 0.6968537228168811 0.16328153471441234 0.1311525055524575
0 0.048613580794938265 0.10814610679198723 0.09066263861071376 0.10062784749797017
0 0.3696866901897285 0.7264441492272439 0.10500179695240501 0.0961558560319445
0 0.38031728708818363 0.04853155877248963 0.15763465659286346 0.08296368219497877
0 0.16487996503865207 0.5425179236316775 0.11022908216702561 0.12030621785096166
0 0.8115720598216782 0.9570455295756413 0.1580542494997917 0.08590894084871738
0 0.04046236482330691 0.25581479483269237 0.08092472964661382 0.14372922784636757
0 0.022630095531437498 0.6713165035362714 0.045260191062874995 0.1935945455340812
0 0.5991612662396589 0.8748721839178958 0.12018014110795286 0.13976078764284183
0 0.07990616384018007 0.5886365917988783 0.13257700549341914 0.16167515372884614
0 0.6127506168865077 0.5096554189541138 0.11001928571356136 0.10828698708173089
0 0.5586133060732847 0.6490774909381414 0.13932699175733645 0.13540069645737193
0 0.9286736526013365 0.5963677605477038 0.12486195554356663 0.132661149461859
0 0.30602610264894925 0.24039064501891053 0.16391092407480481 0.16721019786014973
0 0.6447254676580916 0.12442558773472276 0.11727278346579285 0.11085868365641036
0 0.8481001173879833 0.8037119714434302 0.212701155093506 0.20919458528109003
0 0.8853651923102271 0.390949809735364 0.1098934078414831 0.10107544862019242
0 0.596936176323841 0.03794207139748982 0.15945107267700998 0.049365786181410395
0 0.7736404720314287 0.5230194629681096 0.22012249000850878 0.22138166647115406
0 0.9462078003278603 0.4873564364595093 0.09356999625287389 0.12952995148440175
0 0.8896152472545579 0.285236529106411 0.10301754370548721 0.1201383674301283
0 0.12658291021652174 0.25665505187590826 0.10550530844071898 0.12500200987809834
0 0.43086497253290434 0.8036200067206202 0.1373427385104185 0.1593832078555556
0 0.3422400892896071 0.5767063109353101 0.11955075174756047 0.10370309533514967
0 0.4096797427615553 0.6395989668563037 0.11461718156778963 0.09637965659305572
0 0.277159592911998 0.7230881457496263 0.11263292832087177 0.12036216799123932