0 0.7167492112446869 0.28361778368747803 0.11910311181020898 0.11435136206727191
0 0.8724685989448264 0.22772962370852598 0.1637429354159427 0.23264330668853048
0 0.9606005815134977 0.19509672936146255 0.076784904641817 0.19557864821524426
0 0.41015840094503864 0.5986030174925149 0.1335261887332859 0.11451918976153763
0 0.12365737844587484 0.11683912206825096 0.12653842053076841 0.13366604514517408
0 0.12119843179258752 0.01823947283699225 0.07491082872251728 0.034520955907551984
0 0.6520839630563646 0.1590504964990169 0.07292655180433517 0.07055067693286667
0 0.6281985015056659 0.24892900008566038 0.0924370338588804 0.09481290873034907
0 0.2215264060740596 0.5903976564412573 0.13866953642950963 0.1434212861724467
0 0.7352756460241319 0.9594168544043336 0.1572849374479715 0.08116629119133296
0 0.3452948275841309 0.8010007641506971 0.2820069087548235 0.2748792841404179
0 0.09738205638251875 0.537218500526363 0.1947641127650375 0.25712930874503365
0 0.17022301020909308 0.836162533356992 0.34044602041818617 0.2780942974832146
0 0.8930920378372778 0.8314166780712531 0.1020803897566427 0.0973286400137059
0 0.8778857650076279 0.8985565426846798 0.08757339898643306 0.08994927385790145
0 0.9427501804338498 0.5927794257699242 0.10241604514517413 0.12617479385985947