0 0.3629158199191904 0.6482891584398117 0.15673078961052903 0.16203218546259907
0 0.404147464626588 0.9318512812361621 0.23871339131359454 0.13629743752767573
0 0.06716650886570201 0.1934925820682453 0.13433301773140402 0.23313901029033673
0 0.2439178781249842 0.08814302457742745 0.1665674722865257 0.10037265195230458
0 0.8330853134167143 0.08837645130864932 0.1607524500896482 0.07119031151026847
0 0.4621794294368342 0.4624530581028529 0.27628207845506453 0.22074952629248357
0 0.22260367026545566 0.8710151808992033 0.1496871394638548 0.1663355978764679
0 0.21343476225950503 0.5125311873715793 0.21752903112782393 0.25500873230549376
0 0.3671817556917843 0.1811025381039522 0.1942994767519989 0.20782281570094668
0 0.5151747448011552 0.11795487493708291 0.20041974116692038 0.17707709559477006
0 0.04925591987038306 0.5737457776121256 0.09851183974076612 0.18114540137809734
0 0.5706958911178608 0.632697105139672 0.3308455769883214 0.27252450192411143
0 0.7762094700658648 0.6820088979933785 0.17680100041561914 0.1874153933845895
0 0.8856912895573602 0.8246087142609668 0.1566468454530971 0.15962833930875264
0 0.8503395654090191 0.24982910686985926 0.23131108920312854 0.3063299680259686
0 0.9360232672179178 0.6943890253833869 0.08933915314540478 0.1549217269664009
0 0.6630303290579467 0.3692655546878718 0.24983977076275685 0.21890050001513114
0 0.489102526739671 0.3125235900920154 0.2169108876141151 0.16863836406497335
0 0.8226304362776092 0.4912728220247917 0.28998019237293704 0.26966691585911234
0 0.15372973503293236 0.7565133353119988 0.3074594700658647 0.2565885853195643
0 0.343272938029482 0.8312588760703663 0.18708793829046044 0.2073185358071232
0 0.6645604206363769 0.18743898347660495 0.24371950634783537 0.24964622012130777
0 0.1199213784753588 0.1541735438006311 0.15052658103817568 0.19037405941492938
0 0.10161399497634252 0.3595595666478713 0.20322798995268504 0.24315759483420413
0 0.2246527449437202 0.2602954345156743 0.17548842830839018 0.21849730008664842
0 0.2070054770371289 0.1445999025265118 0.10921094122394627 0.10595379741710206