0 0.45552884615384615 0.25730076474894675 0.21875 0.23389458278790498
0 0.28846153846153844 0.11896443292403366 0.21634615384615385 0.2169276516161022
0 0.23557692307692307 0.7408842548366787 0.12259615384615384 0.17060195130040648
0 0.06971153846153846 0.8994929270592056 0.13942307692307693 0.1691781618107189
0 0.4375 0.5230776271142716 0.19230769230769232 0.2419698783596121
0 0.9146634615384616 0.4282730801017517 0.17067307692307693 0.2214790362749251
0 0.6081730769230769 0.6111432018507352 0.23798076923076922 0.33116849370078927
0 0.24639423076923078 0.30641813741748386 0.21394230769230768 0.20717225890583782
0 0.7355769230769231 0.1185636308793628 0.19230769230769232 0.1482198783596122
0 0.7668269230769231 0.23456642842049208 0.24519230769230768 0.1921654410623517
0 0.7451923076923077 0.3534986632588819 0.13942307692307693 0.1571589310414881
0 0.671875 0.8600457240573566 0.17548076923076922 0.2193552063108384
0 0.8052884615384616 0.9101033458063401 0.14903846153846154 0.17979330838731974
0 0.4795673076923077 0.6841816149285136 0.13701923076923078 0.1401919998696854
0 0.375 0.7213604935704745 0.1971153846153846 0.23263450993398702
0 0.45913461538461536 0.8512607768912664 0.12980769230769232 0.21669505250812277
0 0.27524038461538464 0.9095983400066694 0.23798076923076922 0.18080331998666127
0 0.1045673076923077 0.5685903521272698 0.2091346153846154 0.29102685810069356
0 0.22596153846153846 0.572054991687929 0.1658653846153846 0.18273748162362716
0 0.042067307692307696 0.3113443724296267 0.07211538461538461 0.15323870438485457
0 0.14182692307692307 0.06955855452098322 0.1346153846153846 0.13043660715942085
0 0.09495192307692307 0.1774053197477508 0.16346153846153846 0.1561551658364396
0 0.5 0.08320822219653017 0.28365384615384615 0.12469403211888953
0 0.6814903846153846 0.9743717891856201 0.15144230769230768 0.05125642162875994
0 0.5048076923076923 0.9762511657712822 0.08173076923076923 0.04749766845743563
0 0.12259615384615384 0.7319000282234835 0.17307692307692307 0.18556135206211238