0 0.622134483577243 0.6943358780563625 0.14496013093247867 0.1453623862147976
0 0.5765763217518691 0.5382142364999656 0.14507203121303427 0.15017007852248992
0 0.8990264022698712 0.5509743312893091 0.17486933744391017 0.19322129397165327
0 0.8756363920398502 0.26719354610013646 0.16508610240769228 0.1852811452321886
0 0.8323162358255876 0.041769050421409486 0.1327730497424146 0.08353810084281897
0 0.6474159074704059 0.04940152696434281 0.22920664659764967 0.09880305392868562
0 0.2231920065177884 0.10186804308411654 0.26330809387371806 0.1783263236578563
0 0.41213867065261717 0.4378930708481658 0.18470852262040616 0.20356528886496422
0 0.38222544438498873 0.6921184426968277 0.396752545299466 0.34441256240986134
0 0.28260168459487106 0.9000346230375039 0.15502311667008561 0.16532176572349316
0 0.5263682686491445 0.8911615218505086 0.20505628477863252 0.14991620045183696
0 0.9238990912172536 0.7710531934015585 0.11829603255715836 0.2369265553810186
0 0.7776021865524032 0.6645581911709547 0.16536585310908145 0.19730037600141953
0 0.7525606422451385 0.5032824835431952 0.2571036579371798 0.22104909671864229
0 0.7564531967506409 0.12984871175908141 0.19896374912264966 0.19744666582031528
0 0.621247320845192 0.3200644883342888 0.22345182166143202 0.3216821927918034
0 0.7521629616288988 0.8296591027578274 0.2641473459778847 0.2143840159655486
0 0.1516769993597215 0.8547645528205289 0.1478675283488249 0.16717915416889456
0 0.10924358501960446 0.6770993721642574 0.21848717003920892 0.2307003440846125
0 0.07166677855411319 0.2528578081692735 0.14333355710822637 0.24428438366145303
0 0.3877834388911851 0.917260294595699 0.12019431757040604 0.11229086051998174
0 0.14640478518920913 0.3080537740147177 0.19616825198685908 0.18043759017391064
0 0.2757099311734506 0.26826053462437643 0.14417883884668825 0.21489177210685448
0 0.397971389116987 0.22180221448094153 0.20047440291014978 0.2623505119741614
0 0.4261221859658653 0.06242401627399885 0.15737101268365394 0.1248480325479977
0 0.21507923617751026 0.45042573539180886 0.1653658531090813 0.1973003760014194
0 0.07275479147238233 0.4533057331612049 0.14550958294476465 0.21358084136989783