0 0.7958696706276336 0.2172678657864675 0.18864678376081329 0.20257107741010633
0 0.6205287530750122 0.24641229622255326 0.18861881342518372 0.1977633851024141
0 0.624987617542484 0.39294199443803934 0.15931114904114152 0.11759712467245692
0 0.5693417328695958 0.12648690582113217 0.1860751155931897 0.17365497878453298
0 0.6553627431989099 0.04198247853129884 0.14237234462170015 0.08396495706259768
0 0.39623064822828513 0.3322790561752005 0.20072195520130323 0.21253618592258847
0 0.07438717303013961 0.18176091499693572 0.08976743259338069 0.1444148799154449
0 0.26512932789772414 0.11556771479189211 0.22488628325009793 0.23113542958378422
0 0.39750329849943156 0.5510290561752005 0.25162227946651644 0.2861204109057828
0 0.16992727451043357 0.48672537629188256 0.22519395694202352 0.2877548644860143
0 0.14036248723211656 0.7772981199627976 0.2731310283407986 0.26511529853594323
0 0.41864304313692063 0.8785944979398443 0.12098946225775119 0.14051646974020626
0 0.30815702365079367 0.8974369577931417 0.11363807211806473 0.11626817386348602
0 0.8812427747190079 0.6343259247426484 0.1401363204816317 0.1266529510524853
0 0.043026894397920096 0.5769709111395781 0.08020798864925525 0.1537504854131514
0 0.04670878069652128 0.3833214061961237 0.0901730024600098 0.21412641837698337
0 0.12770452726186426 0.051018216903206966 0.1640629006775747 0.10203643380641393
0 0.45011360040135967 0.08908378778701327 0.11117828529295928 0.10658284446868205
0 0.541082154716514 0.03026513744266444 0.12062584789456647 0.06053027488532888
0 0.6560076636286893 0.5591349923876032 0.2898740404108328 0.2511818350688027
0 0.8592033908229126 0.7720096309163644 0.20530588482395892 0.1742145370198891
0 0.9601625252190029 0.4252170330116157 0.07967494956199417 0.20189735326949404