0 0.33631371551297523 0.15625 0.20200817068460133 0.18509615384615385
0 0.5240707867999396 0.13822115384615385 0.17936571339069665 0.1658653846153846
0 0.7260143069615849 0.046875 0.14914399853855434 0.09375
0 0.2558290766435168 0.5240384615384616 0.2044120168384475 0.18509615384615385
0 0.38017017099598394 0.9242788461538461 0.22428290888180674 0.15144230769230768
0 0.4221523849267672 0.7391826923076923 0.2585462129903903 0.2548076923076923
0 0.23422333611436288 0.9603365384615384 0.08348427095274126 0.07932692307692307
0 0.9129337238623089 0.8713942307692307 0.17413255227538224 0.22355769230769232
0 0.7412221401720902 0.49759615384615385 0.19947834429209402 0.18269230769230768
0 0.4038852503208995 0.390625 0.21047951153275143 0.2091346153846154
0 0.1495747077545842 0.14783653846153846 0.23918946352095993 0.25240384615384615
0 0.938955543957871 0.6682692307692307 0.122088912084258 0.21634615384615385
0 0.5319377805029943 0.036057692307692304 0.2609909456213732 0.07211538461538461
0 0.584669071598347 0.7211538461538461 0.1364744233374495 0.17307692307692307
0 0.7176007158243577 0.8954326923076923 0.16343087360368605 0.13701923076923078
0 0.1372336255766674 0.7379807692307693 0.19807211842825298 0.24759615384615385
0 0.13311205336834386 0.4987980769230769 0.22263494415992752 0.1658653846153846
0 0.25308817625082386 0.33413461538461536 0.17950191524864206 0.12259615384615384
0 0.08792079375771769 0.3245192307692308 0.14988965835123708 0.15384615384615385
0 0.797981478097349 0.7091346153846154 0.18859293567081373 0.20432692307692307
0 0.6060705093405829 0.34975961538461536 0.2765069582152637 0.2764423076923077
0 0.9088989706185182 0.4543269230769231 0.18220205876296364 0.20192307692307693