0 0.4984839857635608 0.9026442307692307 0.14859260515104794 0.16826923076923078
0 0.8492849456495102 0.0625 0.12645450668363567 0.125
0 0.12329627797090807 0.16346153846153846 0.24552964721146708 0.23557692307692307
0 0.3167533190520244 0.5721153846153846 0.22090378874307576 0.18509615384615385
0 0.958676457486641 0.8377403846153846 0.08264708502671808 0.18028846153846154
0 0.7164902205846121 0.5288461538461539 0.10465206360475457 0.11057692307692307
0 0.6697097518116776 0.12379807692307693 0.2721118113156628 0.24759615384615385
0 0.6080810718919536 0.7151442307692307 0.12150695796405528 0.11298076923076923
0 0.18149796320321096 0.9302884615384616 0.17950694976251663 0.13942307692307693
0 0.33226980218377017 0.9759615384615384 0.12315557949370597 0.04807692307692308
0 0.4548922431816735 0.7716346153846154 0.21620798156489393 0.19471153846153846
0 0.5203241754394381 0.40384615384615385 0.26244048413552296 0.24278846153846154
0 0.09392035389020775 0.3245192307692308 0.18263804925818056 0.20192307692307693
0 0.7732208872961485 0.859375 0.2618530872055931 0.19230769230769232
0 0.1002113662292273 0.5552884615384616 0.19063278362629202 0.2692307692307692
0 0.3797665774494399 0.09975961538461539 0.17771847182097786 0.19230769230769232
0 0.1942707344660091 0.7884615384615384 0.20896847182097786 0.19230769230769232
0 0.5775146841795769 0.5673076923076923 0.18697022976545355 0.16105769230769232
0 0.2902393990231446 0.359375 0.17523071181999883 0.18509615384615385
0 0.18293343185377353 0.4338942307692308 0.12897023796699217 0.1346153846153846
0 0.8951851610928642 0.4951923076923077 0.20184084720657197 0.19951923076923078
0 0.9594867826102776 0.734375 0.08102643477944473 0.10817307692307693
0 0.4747752851564323 0.20793269230769232 0.1702551918180408 0.17067307692307693
0 0.7230016349213962 0.36538461538461536 0.14579716104391538 0.1346153846153846
0 0.9061817559246841 0.20072115384615385 0.13201742361552332 0.18990384615384615