0 0.6082978660218205 0.43516148727943454 0.38839336002667746 0.33838636788293425
0 0.38507609653042163 0.6924746656727536 0.4079278539880964 0.3038415152567121
0 0.883294918834011 0.6150203589651984 0.23341016233197792 0.30885136749508557
0 0.847364258775523 0.40878563295328746 0.2035083398980739 0.20575515614298276
0 0.43269118611707724 0.1535505906586571 0.26442083377261605 0.26507785683203144
0 0.0903057042545398 0.2145976475677021 0.17081084186749587 0.2609260643661735
0 0.1659049506705519 0.7932604341278258 0.18509391069569306 0.25953077799997415
0 0.1947262744005852 0.9527970500790828 0.09722649383110411 0.09440589984183435
0 0.8196218291170406 0.9298544733650613 0.16012280957485323 0.14029105326987745
0 0.4742854445668134 0.847144252692243 0.15545512536204079 0.16169599886671657
0 0.8788028055274134 0.2086863123162278 0.1483835949953822 0.1635955651267394
0 0.925022938984334 0.7954263738189307 0.14995412203133213 0.2701547224030054
0 0.7940155667501794 0.1093892334841705 0.23706959503882039 0.12431003352542547
0 0.25654369607278354 0.31480220622206556 0.2941070361880485 0.281518053330402
0 0.2934629023401837 0.537636985355323 0.19165282576461282 0.16662124448967985
0 0.06923961079419728 0.5722329379306554 0.0799558379286516 0.13965818355361856
0 0.10028072022710804 0.4475185845438674 0.15799897961076667 0.16426793831850398
0 0.3456204039838188 0.9258586991679169 0.22813054235694438 0.14828260166416632
0 0.5331666994903687 0.9757423452144871 0.14630718211307572 0.04851530957102586
0 0.674877323013302 0.9375705717036431 0.18245746543386743 0.12485885659271372
0 0.7674739385933896 0.7635045605936062 0.1985606394955017 0.2030151233932544
0 0.35417835991808183 0.4497114741256272 0.2279905342620647 0.17395033626648898
0 0.4391174610606407 0.531063753452809 0.12889651811574346 0.11674583511807454
0 0.6788246229365169 0.6184503581895014 0.28705921436228005 0.24272032827298123
0 0.9413265140683035 0.411542139052946 0.11734697186339296 0.273500115011898