0 0.2596179633744623 0.7919190484969658 0.1857823435967065 0.19902807506469544
0 0.08669891036167957 0.7068039069980258 0.17339782072335913 0.2068282862537778
0 0.08045848551175026 0.9618571771579857 0.13186784848801342 0.07628564568402861
0 0.43831264844922013 0.9656585755330209 0.13123002051679933 0.06868284893395818
0 0.2679818729370879 0.6449900967485783 0.19961674779223942 0.19299388205824505
0 0.6663343430910798 0.9024469155132601 0.20555263031134968 0.1951061689734798
0 0.673544096257872 0.39013205900071857 0.2015789902173861 0.21703234359670656
0 0.16626080859165746 0.8980319692397215 0.1635590554845471 0.19005051842052503
0 0.3781423650053953 0.8221629529303915 0.08457582238114902 0.10002917576046937
0 0.496519300905318 0.7652797230978118 0.1865672405667653 0.20864345968008008
0 0.05693317854058147 0.8400702995376427 0.11386635708116294 0.16581583263954897
0 0.4261197873984808 0.4122826060777873 0.1693970242484829 0.17381226807114586
0 0.7935146102554156 0.09139253196466338 0.22547077948916877 0.07093724569596499
0 0.005409546493526891 0.599612348019688 0.010819092987053781 0.1389323179507072
0 0.08737251375219034 0.15389491235765818 0.17474502750438067 0.23086674779223942
0 0.8088952225996453 0.3624628538774869 0.19721290163839347 0.19279765781573024
0 0.40544231070285236 0.5618362058443706 0.27967941259555107 0.23773459628025287
0 0.6256148372780422 0.5326213876706908 0.20864345968008008 0.18656724056676516
0 0.9285240302844927 0.5718668312718734 0.07819793940117356 0.19740952261307362
0 0.32945119974867865 0.5144954212260018 0.18082758229016965 0.16758185082218063
0 0.5260272652462723 0.6261264049166718 0.142022750587272 0.13098464103061447
0 0.9030636372690899 0.7948358508520218 0.09262101632425047 0.19858686806816167
0 0.7935171890144932 0.8621193622700448 0.15909465641821405 0.22311569184682703
0 0.7549325640776966 0.7270871499138786 0.17582366573996266 0.16478555618330512
0 0.2409491072224901 0.11646305525411448 0.14702666713747892 0.13378093566949
0 0.6507801004653414 0.0761114203042713 0.11670902983854795 0.0548956163212664
0 0.7994019326291043 0.1971371851120591 0.22022108672061116 0.2113905990752854