0 0.18609449063461297 0.24485936313557927 0.20058210352315534 0.18617492881981265
0 0.21171866600975506 0.38594591533320044 0.2703355974881382 0.19460328671144317
0 0.3634196993066365 0.3441181968006949 0.15970273373995583 0.18305777472418833
0 0.3560551253542847 0.16368287774480844 0.2175628634460412 0.2129109515469701
0 0.4883156119031749 0.1575771771944526 0.1356083315302351 0.1730227972018755
0 0.5803602227849193 0.2457310714245881 0.1402062463207055 0.13704902347556883
0 0.7398663628203186 0.3086175181018152 0.2030698606838902 0.20063996503358245
0 0.765427604940294 0.460521377991744 0.142596107306737 0.13468713661241558
0 0.857591089748464 0.5282425799141872 0.1329387671879079 0.12730776098810567
0 0.8931251396182508 0.4122644511676948 0.19332860955817266 0.1788375124861958
0 0.9255359085468791 0.21329069117747088 0.14820095417987253 0.2717902859630319
0 0.5833444534030794 0.14601341533066556 0.08713982375449775 0.10487591908032651
0 0.5154781557379446 0.03424065246899681 0.14212061160103373 0.05295636738164625
0 0.7373024885917516 0.1294680407042375 0.32092824806142584 0.2147152010467619
0 0.8175236610536722 0.1837582923270627 0.15461533807596778 0.1348969330658796