0 0.42160039409243966 0.8938376155068156 0.13766790869462397 0.15855776098810553
0 0.9451465264545411 0.17271902159693606 0.1097069470909177 0.12697208666256304
0 0.20515492698421223 0.0960726573412747 0.2564637001222706 0.18945992007820825
0 0.31637674939711774 0.5292414135843726 0.21011906993973697 0.16943192432427523
0 0.9249237454898286 0.9386444436785124 0.15015250902034274 0.12271111264297528
0 0.7173459265565173 0.591495117377844 0.0996795007659938 0.10263991008925161
0 0.7631296015605005 0.18268833041439556 0.25607451374679446 0.2471102684798231
0 0.5712760449398632 0.7426978359103494 0.11659036800034883 0.10533747127794758
0 0.10560527389197641 0.8570909484260549 0.15715051039768954 0.16610497377518685
0 0.2396368789441469 0.9459161913072757 0.11832266089473843 0.08614866133787139
0 0.4072421645821422 0.7578524706517367 0.20564715426177302 0.17896339035827408
0 0.5528159893824252 0.4204565734228864 0.2505113240222134 0.22539173451382205
0 0.1280410864122077 0.22685757991925692 0.22272590981099238 0.1864686438546624
0 0.7001680105934234 0.9188248794936362 0.2511523428699857 0.16235024101272744
0 0.10360583037004886 0.45585843718721136 0.18437884991857034 0.2578707205282689
0 0.48014347912730054 0.09366545766406537 0.16701772748537033 0.17348434939949658
0 0.14839371505067808 0.7064878265476039 0.19843561580023458 0.1788375124861958
0 0.5719971784062571 0.5913604264447738 0.17819751668028025 0.14965568431449924
0 0.33783581738924806 0.318206463534225 0.1646138813315242 0.17344239010880372
0 0.2168346025343039 0.3617396166319675 0.11974971157108391 0.12701404595325586
0 0.9003740108785533 0.6042994080858837 0.1915598539684244 0.18832701922950174
0 0.9175176647899518 0.8544462656033087 0.09246796230445507 0.10251403221717335
0 0.5506143445445383 0.2198193381581182 0.15938646823667157 0.1613392407581873
0 0.7599245073216387 0.43488238011477753 0.13657663464800698 0.12730776098810567
0 0.9569024870844438 0.3243291664520151 0.08619502583111245 0.1843287200293281