0 0.800404946567627 0.7814036053184561 0.2140558769524462 0.22990215441406184
0 0.8530255189002832 0.6007443292302035 0.19457336618027854 0.20703517534145496
0 0.959788572259233 0.41874338370673503 0.07393351796992895 0.16087136382996875
0 0.4202056563066481 0.7907182686344674 0.2140838482348237 0.23230600056790798
0 0.06937419894237909 0.5947655945991994 0.13874839788475818 0.2472234968907066
0 0.23731923376832528 0.5889529219837016 0.29173417849971855 0.2997354553198747
0 0.014042938415037103 0.731924571726723 0.028085876830074206 0.09365683576113835
0 0.20213201947559495 0.0983533799159502 0.2591974995103486 0.18715594124996515
0 0.5363069076531487 0.323044744455804 0.21162405951622232 0.2273442627992168
0 0.5803699517088851 0.6710775767527063 0.24066601233901963 0.24601973140812733
0 0.7744784234686768 0.912469014850783 0.2837674154139844 0.1750619702984339
0 0.407814707682518 0.09830311298520707 0.23725520001957948 0.15932722440866692
0 0.9455176532586049 0.6114827717863556 0.09923068721538296 0.27058489536303515
0 0.2848244296871355 0.4344278626657588 0.19166603694363543 0.16361189911122517
0 0.137562144579652 0.27223281331459276 0.1630995959212576 0.18580181511769922
0 0.18596967065322215 0.8671220127637226 0.276639790799579 0.2411188748615733
0 0.42000901526469087 0.8940425983473895 0.1998285990060125 0.21191480330522092
0 0.6074119578416833 0.8279741992077706 0.15124819284629254 0.19945466473578138
0 0.5840710942320337 0.9513479499815436 0.17699121847916016 0.09730410003691284
0 0.33773870048475657 0.22852820196212142 0.23077091489985882 0.22136508802567004
0 0.6583427937864362 0.4824203933895579 0.31599641029720094 0.32050667916063347
0 0.6115682194707001 0.16067582332396443 0.22845098259314567 0.22842258102620955