0 0.7807430400185642 0.34954965309223585 0.15827192466685738 0.15192309730283673
0 0.9515774304879593 0.6234698065227704 0.09684513902408134 0.21101192125980572
0 0.689136689252521 0.21791428606569024 0.1567637659850834 0.17106992237617394
0 0.4093950260832474 0.6478364875121388 0.1223261932931741 0.15306778109520172
0 0.41816407583886916 0.5259385917983155 0.15027665966725579 0.13484434175361754
0 0.7261395997935469 0.5729699914967482 0.13529377807413404 0.1223214460397941
0 0.40415901730570003 0.07015791317217308 0.11287543615145551 0.10473902554598234
0 0.19696401285110904 0.2483439921854217 0.10303612966805278 0.09959555660856172
0 0.6044884860317746 0.4941505629032281 0.2677358662583856 0.23494356330677163
0 0.8193957173725491 0.7141787710599624 0.17420316027170857 0.13327993717409223
0 0.8721599979303105 0.8435514753746521 0.2556800041393791 0.1913385559078125
0 0.9415174269894102 0.2631866879968597 0.11696514602117958 0.19865691386084647
0 0.10182775688538678 0.42863628326269365 0.17544135840050268 0.26291974116692035
0 0.1595498899238228 0.8925213516704432 0.14178088439196135 0.1585470266623507
0 0.38157309027991254 0.9293116151115611 0.18096685499721082 0.12391638503100375
0 0.467735901888176 0.2978784494009749 0.39397406438717997 0.3689484634860683
0 0.20109331170005212 0.1302197540172318 0.3352674804340958 0.24210169202256238
0 0.056059110516086516 0.2472451100105833 0.09868290895109168 0.2122405492096026
0 0.2326893144330742 0.7310553762426222 0.23296241076444926 0.20972988356426087
0 0.10572999808791649 0.693353164736783 0.1436315537304576 0.24980923635107233
0 0.5596749996778508 0.8243741668390303 0.2308417808729731 0.2672543029417044
0 0.3789386944033532 0.8210545940310522 0.21954698224745345 0.230860834004284
0 0.2270288375598762 0.9455433209582383 0.1919784373603604 0.10270149043354866
0 0.6631026363170306 0.061149234403465695 0.34543604186483035 0.12229846880693139
0 0.905667175987474 0.049877841973502784 0.09018050582110194 0.09975568394700557
0 0.8782997117748704 0.4280066001831537 0.08335751670124726 0.08930861873372027
0 0.2800515689993768 0.4814025905393822 0.22928095565154225 0.3367979530883787
0 0.6320043643792107 0.6713636250283869 0.12327454730490299 0.12190172525263374