0 0.6829380839106582 0.13210453422054116 0.17077059394608549 0.1806119692796494
0 0.545207689036874 0.18731789023860862 0.17425347506767935 0.25268539460434114
0 0.6059420675864078 0.3254821884409006 0.17204624988851377 0.1374266570918043
0 0.7849548731824411 0.27914992945109324 0.1981940228509667 0.1930927522465013
0 0.8081107223617523 0.4071682686121628 0.16547253939818937 0.11570812312580313
0 0.7319729391408999 0.5165162056746391 0.12779589790670962 0.1246521590901026
0 0.6894892004399765 0.6840870248552607 0.1851936708691624 0.18086372502380635
0 0.5418490845870356 0.7430739872668687 0.1257845002378928 0.12941789210710214
0 0.4854326312032391 0.8460766346191869 0.11778806480629579 0.119676629619639
0 0.6058457407598965 0.8559769212084297 0.16297038275700315 0.17327455294603256
0 0.807621748684129 0.8836603814995391 0.2532862601469134 0.19165396977859026
0 0.8307022780692718 0.4979899313246563 0.09983295151795456 0.07615564310625117
0 0.9426279948558796 0.4060204714102874 0.05685785874641333 0.13781645729239458
0 0.8655094871546196 0.6450082636176846 0.18538949837951135 0.3008881955533428
0 0.8246934561489881 0.7333360783027688 0.12436177529662018 0.1413951635856399