0 0.4860299736072833 0.5085099867310556 0.20737876971779856 0.20398283637123227
0 0.08096339921195256 0.30997326573697853 0.14989629636374946 0.20648499301241863
0 0.7191274701054783 0.31889968347664993 0.11909168869384956 0.13682260979455035
0 0.8101259226093325 0.644080923106764 0.11909168869384928 0.13682260979455035
0 0.9103659027137575 0.5863146841828684 0.12637317193480732 0.1398151286759404
0 0.9115955719990614 0.8346222004996585 0.13860223704229652 0.1480077883500521
0 0.41951580699092195 0.9011711603877904 0.1335147656169262 0.1379999552496384
0 0.13170385955227942 0.6114841130579083 0.11351460381254246 0.10998785361721329
0 0.3959705719990614 0.7925321004802619 0.17239597275498178 0.15556262005294988
0 0.5755631988339924 0.6597067165710957 0.15379470653898822 0.17562744149744786
0 0.7313878945120128 0.4517980067869897 0.17246591753440135 0.15796646620679602
0 0.6948739706022272 0.8864773328923621 0.20908316807744962 0.18014059907528526
0 0.7903721580687836 0.17123459326970816 0.2874750853683363 0.23690054406652405
0 0.5854285938038764 0.0921536447772186 0.1756648799154449 0.10307045315336391
0 0.3619685924839843 0.32451804057273337 0.27027271474073294 0.3050422885879452
0 0.20909241681357663 0.26287706714046305 0.20943289197454723 0.19215982984451616
0 0.1192315782526884 0.14163030210224262 0.23566536532859642 0.1871067580506391
0 0.24923826562664578 0.529949171337488 0.25244084109835385 0.35154941772475085
0 0.20398687993488382 0.8572409125880908 0.2944510658380335 0.28551817482381847
0 0.991295920071867 0.8985691063306006 0.017408159856265988 0.19304343403408097
0 0.8308532784162923 0.9209417446515579 0.24817420955376363 0.1581165106968843
0 0.08819343514574488 0.4760348745948778 0.1547039886714418 0.20687744149744797
0 0.8581144034345822 0.480128625672856 0.145254217268479 0.12936569184682703