0 0.5758699435073464 0.6443271781384006 0.37869220927384417 0.34133878422352926
0 0.3459275496988832 0.35174053765227115 0.39753138055132686 0.3089173017576749
0 0.8661636009646182 0.5053607103813521 0.2606240349116067 0.309752095096119
0 0.8169110419625215 0.7066837469687955 0.1969772123341247 0.2071892208024539
0 0.4092896070607048 0.8843967731209362 0.25531285952111726 0.2312064537581275
0 0.07190307380161044 0.7873043550983903 0.14380614760322089 0.2621087101967804
0 0.12258048407433696 0.215943056279638 0.1783897825980404 0.2612453186529237
0 0.14607518973706324 0.057473696197859366 0.09246500514125816 0.10200757367180646
0 0.773855806137693 0.16867004578754777 0.15320449848209705 0.16114717173524193
0 0.4305804758727983 0.20921856759519664 0.1508006523282509 0.16099312627424295
0 0.8541829588576977 0.9147543432291244 0.14121323899524377 0.16278079058409334
0 0.9054651199627989 0.33226764579606677 0.18571320618908926 0.2713228396513052
0 0.7714312378201458 0.96845068096374 0.23440381334769164 0.06309863807252004
0 0.22745126554622816 0.7134137628702054 0.28432684106153683 0.28244639585995485
0 0.2576828399353876 0.4928295164409241 0.1869142872006983 0.16811150049691947
0 0.035203726129861244 0.42306078156856075 0.07040745225972249 0.13939079390635223
0 0.07177804509622525 0.5540542554448138 0.1435560901924505 0.16580081858193524
0 0.2995577169123082 0.09858260570179253 0.22299995079076823 0.17282602856575008
0 0.4839414451231471 0.06829977577590493 0.14269403283062887 0.08360791296816915
0 0.627626774347553 0.12441750343584228 0.17738281643244655 0.17470685711446224
0 0.7261687968834283 0.3388201051054907 0.19211357746167687 0.20207343757276364
0 0.32148182043531826 0.591940666964819 0.22305589335552348 0.1776337208734423
0 0.40407969941979327 0.5226589818695527 0.12625870770699235 0.11618344089502267
0 0.6428436645571355 0.470601790200757 0.2790716082358026 0.2436767664764183
0 0.9250281763208433 0.7184234850214408 0.1376922256769214 0.2730496227390184