0 0.4815403968662999 0.15041044430740105 0.1988406556852612 0.21001702937768268
0 0.07798611348035064 0.37475442214773236 0.1559722269607013 0.24470115198777234
0 0.4567019358708166 0.722010690694664 0.15064743305434847 0.16301953800067318
0 0.487416733607418 0.8674445731988535 0.5192048175394183 0.2651108536022929
0 0.8010430447607492 0.30450078744324227 0.20887606458528515 0.21801346480927983
0 0.8616399596341968 0.19713698674597618 0.19081277719533427 0.15433611935419184
0 0.9629633726033797 0.21989959397592657 0.06315262339261861 0.09845938182035209
0 0.9581330933300277 0.30283228628361886 0.06525274481581506 0.1345170741280444
0 0.9300118100743932 0.4539067231127323 0.10665445326982866 0.1881374312390483
0 0.8591457656177119 0.5302413256743481 0.12506888247220943 0.13461498788321874
0 0.8874211543891322 0.64606734642158 0.1688744370800692 0.18843156923673732
0 0.7859136809689804 0.8807999121346858 0.2549217487112212 0.23840017573062838
0 0.7596825069942228 0.9984779727409724 0.17912097969764318 0.0030440545180551427
0 0.7773816767260684 0.7107507874432422 0.09935032379519079 0.10380659161191812