0 0.5837409545245725 0.10312578151394738 0.16497420212713693 0.1729555309903379
0 0.9222296314603629 0.4223806563544611 0.13953899695982924 0.21545536918595415
0 0.4529440853715272 0.665447306474734 0.12332551554786328 0.1381126235863601
0 0.3691971012126595 0.8576593303494241 0.4724447191364317 0.2755885179766156
0 0.2373343278004272 0.17566285736064702 0.17470148702307703 0.17804300241570825
0 0.2076799117373931 0.057075666504323525 0.17084293722200863 0.11415133300864705
0 0.08290371229850423 0.05043654810493255 0.09078866232147442 0.08191487991544492
0 0.054994220832478596 0.1317347868323933 0.10998844166495719 0.11612828430464714
0 0.05408452858344008 0.28681783614517997 0.10816905716688016 0.1667489430942554
0 0.11962577171618557 0.38207526199336395 0.10588314092788473 0.11118070243811587
0 0.06492780146778829 0.4859523706276035 0.12985560293557658 0.1579029510524853
0 0.09342225705910764 0.7758035559414053 0.1868445141182153 0.26768475790221113
0 0.07266584156671972 0.9385178123922474 0.14533168313343944 0.12226492742131011
0 0.14992160451431574 0.5769745242302426 0.08128517798664539 0.08644279310545923