0 0.2739751178695323 0.5413284811343826 0.1551113134831573 0.15946024601081168
0 0.09280920345028293 0.4732385390281802 0.0850610428778605 0.08744594136076764
0 0.2123158665681895 0.44800695105420046 0.07485796291298914 0.07235049124592627
0 0.3587770257374835 0.46307769114414665 0.11056874279003868 0.12518456664787136
0 0.6446877942078041 0.4394688194583829 0.15550311038281514 0.1690756306261963
0 0.6508525137166755 0.3245297073099555 0.08486514442803174 0.08263824905307536
0 0.5965027501017856 0.23310774348979618 0.14000259198567924 0.14162476314624178
0 0.2138360710716601 0.8107103103467229 0.17110157800486547 0.1989303442599968
0 0.6862673472928363 0.7499516998830894 0.19994773185101933 0.20094746383529044
0 0.07789837191993046 0.7876716119545031 0.09859439648982304 0.18427216070637853
0 0.16950366077599363 0.9355504537237469 0.2617172028076031 0.12856290595662428
0 0.45173724316858027 0.880859675335924 0.25685644574401134 0.18575093375510823
0 0.9355980632922039 0.47939377755160106 0.08584463667717603 0.10667671059153687
0 0.957979568294004 0.3187228118224613 0.07824130131597985 0.09655704608232892
0 0.9216810930674678 0.256172271839791 0.0798615536705103 0.0774943701495008
0 0.7058062261459721 0.90407526366749 0.239494892073501 0.1126269893520772
0 0.8809176407115911 0.9123211918744504 0.10812001216717758 0.06508841280171751
0 0.9871756754011701 0.8950828321940795 0.025648649197659797 0.06206273343877692
0 0.8694942855787312 0.8094600871528892 0.16943644118131992 0.1580649596446122
0 0.3300043873644399 0.11192278939333196 0.10065951049991079 0.1173006549945683