0 0.9101884698439766 0.5918496217512899 0.1796230603120469 0.17644237895188858
0 0.5657764283664182 0.9084264322095283 0.22672885030660367 0.14709571483004177
0 0.35960153176972687 0.4319446780571636 0.1490771631056004 0.13389758032636878
0 0.1703696629513753 0.3382342670363824 0.3247098997883719 0.491800696696466
0 0.8674656967831905 0.24183975122882798 0.19617159783394447 0.18639364636930025
0 0.9610665681477415 0.21997458612149942 0.07786686370451708 0.1773314385692655
0 0.9795135135664291 0.09516886079234138 0.04097297286714179 0.09598921868018023
0 0.92628394382642 0.06300015397778841 0.12616747973461392 0.11606300884336464
0 0.7706162642854506 0.05747483553003258 0.17810546952123582 0.11494967106006516
0 0.6696740766074816 0.11475539638922318 0.1209954822879585 0.11103139466765431
0 0.5681467296539288 0.06329514713482738 0.17235115161554992 0.12659029426965476
0 0.27828318417069287 0.08454949799612779 0.2825279068029242 0.16909899599225559
0 0.10662619949076015 0.0581664846981722 0.1507523989815203 0.1163329693963444
0 0.4721764554778408 0.13480948113727434 0.09531764762416291 0.08827716994294879