0 0.47506932557286063 0.8473991924713543 0.22743241484833568 0.22666685835316341
0 0.6608056022316044 0.8006340690781 0.20226013116192368 0.2033513099891366
0 0.8872659508381454 0.8173692687975274 0.1625490119330579 0.13111837205848131
0 0.2608836186188893 0.5354616890563733 0.22983626100218177 0.2268349516511045
0 0.22574190324569424 0.11811697142581863 0.24590730264713792 0.21358852781361545
0 0.3379259045673598 0.27915819038358075 0.2963676286393388 0.3081284543206508
0 0.07455155603070882 0.13351454150380218 0.09663732386992242 0.1073490837833014
0 0.7890131171065874 0.056550281205899854 0.2751416188285593 0.11310056241179971
0 0.7311760463406757 0.3940061391409524 0.22490258845582836 0.224094918901376
0 0.4516539940144373 0.607770996927474 0.24324127439668525 0.25411772583311776
0 0.30065938837071127 0.8801026955287491 0.27272755105542906 0.22264909255250623
0 0.8780507401797037 0.15815236609222233 0.20946144800417807 0.24936057350809576
0 0.7067101963934354 0.8939303291669469 0.26831824270228866 0.13851447716789084
0 0.4975348241304488 0.24025170865229423 0.16139474654653904 0.2004937239241374
0 0.5580549159793649 0.059416103945864156 0.1834175242664221 0.11883220789172831
0 0.09935778102404699 0.37666445962948114 0.17301559336121802 0.28513261920257615
0 0.15206530807358035 0.5997684120260204 0.25071499495483024 0.21392471440949762
0 0.3304282903646299 0.7115478181463064 0.19771462095083786 0.16231783207581102
0 0.17106622046922113 0.7781825772957944 0.18708117280687983 0.187919673278413
0 0.7054147479380947 0.17866854508244528 0.21869889190357922 0.24282140823832188
0 0.6575029015745784 0.5764880502276137 0.3168582002567196 0.3335116622426414
0 0.8996981325884243 0.37410355668485856 0.20060373482315141 0.24092184197829908