0 0.7976127066250454 0.5597402093310889 0.254285819131059 0.24425720938996898
0 0.8923973763536872 0.7449416962565566 0.21520524729262563 0.24185336323612297
0 0.27725526432491854 0.7057658455823024 0.18265824105956752 0.1450804180178797
0 0.11649969198036832 0.8555419949738651 0.12541967327841294 0.18314677928303907
0 0.5296344004538694 0.5384580463852386 0.2598164246131861 0.2205546306535345
0 0.7109413383542627 0.09079611280919929 0.2371732494409238 0.18159222561839858
0 0.47367412569008327 0.3589829585820162 0.35245678486019855 0.27758180059648335
0 0.711384601724691 0.7578962034770783 0.2275073248428689 0.2382179468081776
0 0.9509644971516605 0.30466900617615983 0.09807100569667891 0.20729720175550942
0 0.8753268299880373 0.25707288795979644 0.21286561463918063 0.26868422027011457
0 0.753848552569836 0.2615249920503284 0.16924372392413728 0.15883172933690248
0 0.23637452629248357 0.2590983047029537 0.23700515614298276 0.20272005917053038
0 0.20739434578112875 0.12057091525194887 0.19876225096205577 0.1697906451603952
0 0.37683910970306755 0.4744301822883313 0.1520806142513321 0.15324031049114703
0 0.3208947483227717 0.5710911665725655 0.25036913329574256 0.22251063307134458
0 0.20772941244413118 0.47024821689973134 0.22659984502056288 0.1567110994454264
0 0.12661167978105115 0.6380202513206167 0.18094324144741608 0.25761334351261284
0 0.4233009932003 0.8629575717393361 0.3124824067171901 0.2541558102677238
0 0.44237246577453315 0.7390738671520786 0.1975350578937976 0.18650560730330915
0 0.6689552774787259 0.9443655357285163 0.15771229969879988 0.062453961315038296
0 0.9268914090140188 0.8925543128500771 0.14621718197196232 0.14099715785389824
0 0.8106646472403782 0.9015901873802833 0.16756279094472587 0.13479326779844095
0 0.9504766906077673 0.541783735132033 0.09904661878446538 0.29691127505187115
0 0.09674984940516528 0.22822046255685194 0.1216710807410377 0.1638040491182607
0 0.07296296784717551 0.40538064579775634 0.08778212795664994 0.09034513329476795
0 0.26584083344841186 0.8184403792082204 0.20284703009531319 0.19394106763286564