0 0.5435381840791048 0.25188525567863046 0.15697521657411442 0.16273576700016537
0 0.20917205145573553 0.1307765075058085 0.21807921232955751 0.18652035046797397
0 0.699274041505176 0.29960071243314357 0.1713982934971912 0.1638286824170548
0 0.42318067007462484 0.696484947663582 0.15521149323285827 0.12908192084631928
0 0.5285821817471563 0.6517971979056376 0.13977035278120786 0.15424916055225588
0 0.361828164247876 0.37099974051278833 0.12712122081867128 0.1413191669356172
0 0.9480823400475372 0.5292633546350219 0.10383531990492564 0.11822733099514912
0 0.8718027067443012 0.7819569416101065 0.10131903593895358 0.10584379508695517
0 0.4828240110625549 0.46396875551726013 0.24197125039078943 0.27691987871613427
0 0.194073076052574 0.32237352091086735 0.13875228925263444 0.180509315675082
0 0.08216824966006671 0.31149958027612795 0.14518750304363762 0.2576145451676405
0 0.5538873464842625 0.08387132238832924 0.1991208468146789 0.09888897351262298
0 0.7520785443391436 0.9166445009646493 0.26994576418559946 0.16671099807070122
0 0.30032910534513213 0.9668940309628753 0.15800350172197197 0.06621193807424948
0 0.1586639381743648 0.8117190150044717 0.16797638381477176 0.18990668497039948
0 0.7164277972016617 0.5355419406490298 0.3804818007853858 0.40713057772992844
0 0.9255505305633674 0.7397999770413347 0.14889893887326514 0.34022021449523204
0 0.9164398971044403 0.9308054438335653 0.16712020579111944 0.13838911233286938
0 0.4190249826024322 0.8852916201757091 0.21616906551107176 0.22941675964858194
0 0.50408911734808 0.9620877580634595 0.25048347771607626 0.07582448387308105
0 0.20052528267612899 0.605389833071528 0.27373539296471827 0.24341232238118402
0 0.27658860157077164 0.7775574127093197 0.2370477994637203 0.22866080306972947
0 0.19184618863504438 0.9337672917339043 0.17304625821907052 0.1324654165321914
0 0.8902640521165683 0.2661870711994873 0.21740842465911486 0.3564648171131246
0 0.4308876978739148 0.18109731376721877 0.09069580941427965 0.08588441557825975
0 0.04716439654844245 0.12328890137349448 0.08727389973186013 0.11196241813160433
0 0.625786416691054 0.7704978416997836 0.34319497094893453 0.2438870545884574
0 0.3106238388466179 0.49042615576830745 0.12649131962536558 0.1292999361663864