0 0.0779028400252621 0.3701475679785329 0.15281285413815773 0.24528178711985732
0 0.48711689424684956 0.6469214777238252 0.16919225184500733 0.16943702842377314
0 0.5567173527210191 0.8300311820853552 0.5232009541798727 0.3026586342675427
0 0.8377505826198897 0.7747482477638619 0.26375339157826533 0.3148678783258093
0 0.8198048461177828 0.5835188736831622 0.1401363204816317 0.13153079058409334
0 0.47906464300612445 0.09228218217764098 0.19093874857214116 0.18456436435528195
0 0.799412506603236 0.17842421464065444 0.18847896174703585 0.18028477672714932
0 0.8636450647019722 0.06402545437572663 0.171414290817261 0.12805090875145325
0 0.9641660703773444 0.06322777013941881 0.07166785924531119 0.10077520998381481
0 0.9728172797686576 0.14802514948746093 0.054365440462684836 0.10690843021836058
0 0.929778804268371 0.2878171985546729 0.14044239146325802 0.22783868219893838
0 0.9076065612780352 0.4972133227418553 0.18478687744392958 0.18990016134253387
0 0.85964232089878 0.40421740853848775 0.14984960127171995 0.14897389550501217
0 0.8481980847202547 0.9171609120737122 0.15177795171986283 0.06739717173524194