0 0.37449428904296433 0.5496462093016997 0.1644387155129752 0.16261669961943917
0 0.3090779607188149 0.8642745598718679 0.2485631092783064 0.2116200501896072
0 0.20323564780973488 0.06900345165262979 0.21897129561946976 0.13800690330525958
0 0.44363048481363443 0.017894192746800982 0.16610712347342277 0.035788385493601964
0 0.9676008454231233 0.12894261696607973 0.06479830915375337 0.15187898906098057
0 0.5307749539008169 0.40596643123828646 0.28259489614813604 0.22020287779994804
0 0.168866677102293 0.7170175364729316 0.15747913752875908 0.16713054425238794
0 0.2762924338090616 0.376587638315842 0.22919613818959184 0.25400773793460796
0 0.5310303647841557 0.11206053050711177 0.2027640521165683 0.20735516876238666
0 0.6984177338827584 0.09429795033698653 0.2095976498621233 0.18859590067397305
0 0.0836697909047164 0.3784139609243825 0.1366004035761106 0.180672078151235
0 0.5781759784976553 0.5979578336367279 0.3405289426984819 0.2729364792037495
0 0.7597037991841601 0.7061921556025885 0.18239946073784863 0.18493695957845555
0 0.8178642521636177 0.8736553503379962 0.16431273527431392 0.16021285346559302
0 0.9238753513896523 0.3243622422365269 0.15224929722069547 0.3023336242172594
0 0.9246668788903484 0.7741487883025513 0.13053290888180685 0.1564377181629446
0 0.75332480429922 0.3776263840904735 0.25855643460967453 0.21922338555080365
0 0.60443787704763 0.27167551681903707 0.2223829836826051 0.1697751733250783
0 0.8578700083493338 0.5416837981883831 0.2842599833013324 0.26886749622635786
0 0.16079883101833686 0.5860568957007737 0.2724653689588226 0.2557708239830681
0 0.2952575705372078 0.7154809713956924 0.1954265334163687 0.2046574749337972
0 0.8142807161738082 0.2077185488756468 0.2528566590120697 0.24777569172221406
0 0.30350429495863696 0.05308869412132862 0.15508551299419704 0.10617738824265724
0 0.186887091639246 0.1875122704303265 0.2791729864657164 0.24644928704242688
0 0.3688916188285595 0.1439614624166789 0.18416318407910487 0.2185908057323018
0 0.38827392234620023 0.04011650348090306 0.11308630623086202 0.08023300696180612