0 0.5442355958543125 0.058802507411735046 0.18943273017016343 0.11760501482347009
0 0.7190740002435146 0.06353906804934432 0.1559887183545758 0.12707813609868865
0 0.8400007281197273 0.08178242914631939 0.1691270655945188 0.16356485829263878
0 0.48908341078402545 0.16933824711383272 0.1364781700061286 0.1558797467713776
0 0.16886939703975903 0.21581716392743522 0.10919652496078676 0.12518456664787128
0 0.25882026838818717 0.048900916216698564 0.15225592139175897 0.09780183243339713
0 0.26838420569640614 0.20042783052441673 0.09633795683852184 0.0954979463120118
0 0.3787034602185695 0.22523150854501836 0.12389938100154173 0.13580851105090266
0 0.3525485898442002 0.7750481412589882 0.1324655939256337 0.1004231919349748
0 0.4043325862303572 0.8990901214540117 0.14793784254000314 0.13748944403031407
0 0.8998134897575386 0.5252937244302546 0.20037302048492286 0.25774876505522215
0 0.9207560995387536 0.7844048291518158 0.15848780092249287 0.28994031151026844
0 0.867628483971502 0.2235604921398919 0.10595334145390631 0.09617031950377633
0 0.10920779625171159 0.5246943613802959 0.1957534839715021 0.2967651233932544
0 0.9495377282414845 0.3341797185245202 0.10092454351703085 0.1447515224745228
0 0.9553760947682157 0.0991323453327557 0.08924781046356856 0.193887545321763
0 0.93915656414315 0.025813357741128244 0.12168687171370006 0.05162671548225649