0 0.3241679056088826 0.2443880652316242 0.1020803897566427 0.09850375204551291
0 0.18453588613328767 0.15577844356383563 0.12505762669538328 0.2143919186926283
0 0.06381296614111946 0.09526065378750005 0.12701393233118774 0.17598633037136763
0 0.5566251886353885 0.6212933848182163 0.11885137026881054 0.09408771071976499
0 0.9388540809993718 0.2154140953033662 0.10708388104097821 0.11544257540299153
0 0.96669495281056 0.09583723915411407 0.06099123488223713 0.07832183043002143
0 0.4143689210081826 0.13828514349882515 0.0631713107770626 0.05914701133952994
0 0.41809971894433706 0.2309451207024576 0.07787410052391558 0.08352117371965818
0 0.7425736245287453 0.6556775976128211 0.11681115078587331 0.12528176057948726
0 0.1537966183347611 0.9350272211098558 0.13615380514615302 0.12994555778028827
0 0.5770002542476974 0.8333633726893167 0.24306985849286564 0.2363642447970088
0 0.8870980922244793 0.6337942214141032 0.18051391592811056 0.2301018488420943
0 0.7624312214170685 0.9011965616953528 0.3510191651569218 0.1976068766092944
0 0.03921339482447771 0.7389878717557692 0.07842678964895541 0.08374497428076921
0 0.0357960107171003 0.8075254622105236 0.0715920214342006 0.07860158113141033
0 0.03890697381629508 0.4961714351471688 0.07781394763259016 0.11247922784636757