0 0.3885858346970086 0.06093260989119625 0.14222058393696593 0.1218652197823925
0 0.36991758168616473 0.24003739822926692 0.10342334463376077 0.1075315209783297
0 0.25934166354829086 0.29367119755417587 0.1797329798918805 0.18575533591288437
0 0.10837694192644266 0.42015466908159393 0.19443580751634632 0.198026322426272
0 0.6911128038041136 0.3498624075970822 0.12544961100032054 0.12473607767148824
0 0.6234364108893697 0.08318780157521248 0.20360359100950867 0.16637560315042496
0 0.1433685667517096 0.21874118693900838 0.17984488017243605 0.1905630282205766
0 0.7687952273771372 0.5877863211839897 0.20198304681955156 0.21257527722142747
0 0.5179849552821586 0.6089979901383136 0.1772172334574788 0.1809056843144991
0 0.5081946856725964 0.2400285851682753 0.2460915296929489 0.2493882367615907
0 0.9567947588834406 0.8656795779285632 0.08641048223311888 0.1028077472520229
0 0.3264915548256417 0.8023215184836254 0.09408771071976506 0.1193829145847889
0 0.8757983760496266 0.7939357436372366 0.1256174614211541 0.13194761613302683
0 0.9528552986891031 0.4883806300014491 0.08122922784636771 0.0831154258236327
0 0.3358761043065709 0.43061259303419835 0.25950750409102585 0.206370761736517
0 0.06110526624925226 0.14562759240798745 0.11918922492350441 0.16547558441479432
0 0.04749949599449828 0.490957149101146 0.07653544569732922 0.1911626248746311
0 0.16605132393910335 0.9349824425584301 0.16156325344829073 0.12776931318572693
0 0.6198187456132486 0.9030136750790236 0.10616289162927363 0.12199655719209965
0 0.8801464079665067 0.15417699238861704 0.1887908729825856 0.26520813686188593
0 0.7479618396360578 0.10598300450060709 0.16581345423130336 0.20713819555334276
0 0.9344028067269767 0.6833229445617981 0.13119438654604648 0.2813637112877237
0 0.8638220312130342 0.38041126623965893 0.27235593757393145 0.23804035464344522
0 0.7073782156001603 0.2221228871176934 0.18414902121762827 0.16901233141734687
0 0.5824371805575859 0.3818196322466829 0.15446361526730767 0.1324511276213407
0 0.6736174938610048 0.47642098464489435 0.20332384030811979 0.16694415958904343
0 0.551496916207212 0.498993600777921 0.13282899988269242 0.1320734940051051
0 0.330686810407426 0.9309063080690481 0.17844612666549153 0.1304668743744229
0 0.47214000818205165 0.3957689903877839 0.10364714519487186 0.11714690559371431
0 0.04254790857991476 0.2782167644857614 0.07524859247094029 0.13587416333616956