0 0.5774511630269953 0.39827567929446145 0.3080296472114669 0.25157641338689
0 0.267243124051331 0.39163961312255685 0.22339154874405479 0.20389787426451866
0 0.09590042048181961 0.5844921128620305 0.19180084096363922 0.25552268726252253
0 0.11715658148902326 0.8392946943600806 0.23431316297804652 0.22185861948939206
0 0.3431905743524479 0.06609209720546848 0.12611885129510428 0.10270481856422631
0 0.6742432962836422 0.9474949857349937 0.24195100719776155 0.1050100285300126
0 0.6546382830020314 0.5863272579395105 0.2061170851490899 0.1645544741323522
0 0.25658134254272824 0.17099479873299742 0.21877965541300567 0.22047283686411948
0 0.11429205124126061 0.3066538009251659 0.2195908226019563 0.290184375325658
0 0.17086803383440613 0.09554604860273425 0.21595624002349542 0.184289164317766
0 0.47020198048769346 0.20985127074307114 0.18786531080153696 0.24768124760767826
0 0.7699143815183925 0.1882761950717698 0.1901013292611174 0.2333841509232625
0 0.8983654666307709 0.31166566642101073 0.16547547079272626 0.18164357930588168
0 0.9307902604906304 0.21234187106206726 0.13668525951132765 0.18493950874964013
0 0.8323139558341288 0.510250267019567 0.2416729785046134 0.3297797359351469
0 0.8136400860549695 0.7714506262375002 0.29928137234978835 0.3255917232014761
0 0.8500737065441316 0.9231160195516688 0.1609195200264324 0.15376796089666256
0 0.5002581485947609 0.9184122038404438 0.1872499425892296 0.16317559231911252
0 0.5685316922097947 0.7513891034325237 0.24798943593006856 0.2532345997280535
0 0.32830176094357016 0.622141550985539 0.3449544492728653 0.3279853477360382
0 0.32729395271266226 0.8121083872587158 0.1314859692503487 0.15103370211847178
0 0.2259836152867178 0.7334369194233089 0.18003840412769115 0.19441869150707938
0 0.5473916266586717 0.0876177251839745 0.19848597745188729 0.12811884110867638
0 0.6664082984258057 0.298306650313286 0.1314579979679712 0.1486298559646255
0 0.6549353497282524 0.14737337438526502 0.15574820104783116 0.1715242737358525
0 0.4009634276306322 0.4756175834106586 0.13855765129999917 0.1393924120652245