0 0.30408653846153844 0.7293615461144269 0.16105769230769232 0.1876849913860349
0 0.1201923076923077 0.6615654484489982 0.16826923076923078 0.19544298755601805
0 0.12620192307692307 0.9375523747176019 0.11778846153846154 0.1146947066738279
0 0.4831730769230769 0.911704641226511 0.11538461538461539 0.11210870795050017
0 0.31009615384615385 0.5822715493061076 0.17307692307692307 0.18138421577190422
0 0.7115384615384616 0.824688608664223 0.17307692307692307 0.22224960038728897
0 0.7127403846153846 0.29334753237948213 0.17307692307692307 0.20301883115651956
0 0.21153846153846154 0.8433455738856213 0.13701923076923078 0.18105577338352674
0 0.421875 0.7492822240559835 0.07451923076923077 0.09458903734623657
0 0.5396634615384616 0.6826644404590786 0.16105769230769232 0.19730037600141945
0 0.08052884615384616 0.7979844273839056 0.13701923076923078 0.1570173118450652
0 0.4651442307692308 0.3361477085745459 0.1466346153846154 0.1625536144306838
0 0.8305288461538461 0.006330960731609854 0.21875 0.012661921463219709
0 0.021634615384615384 0.562062549951589 0.04326923076923077 0.13549028471220673
0 0.0985576923076923 0.10817307692307693 0.1971153846153846 0.21634615384615385
0 0.8461538461538461 0.25439191092710084 0.17067307692307693 0.18120206320242258
0 0.44711538461538464 0.4877542374610424 0.25 0.21846309799531455
0 0.6658653846153846 0.43992835363821897 0.18509615384615385 0.1726795940039274
0 0.9711538461538461 0.4516507465448282 0.057692307692307696 0.19427550782140393
0 0.3701923076923077 0.4479100427613758 0.16105769230769232 0.1564349913860349
0 0.5673076923076923 0.5411466089869635 0.125 0.12245270284381113
0 0.9555288461538461 0.6775943536310738 0.0889423076923077 0.1942396450708184
0 0.8365384615384616 0.7527166750511811 0.12740384615384615 0.21398100925944655
0 0.796875 0.6211068078322424 0.15625 0.15366684009322557
0 0.2776442307692308 0.06044936418505568 0.12980769230769232 0.12089872837011136
0 0.6862980769230769 0.002489244805480534 0.10817307692307693 0.004978489610961068
0 0.8341346153846154 0.09468127257310242 0.19471153846153846 0.18936254514620485