0 0.485296167436485 0.060450078048228696 0.23133074205010692 0.12090015609645739
0 0.31318832242393124 0.5327760545726599 0.1551350169506411 0.16129728146749456
0 0.13940506963181074 0.666953596404584 0.27881013926362147 0.5146504994985244
0 0.2687940592148497 0.8915785208561293 0.2908694043715814 0.2117239248232162
0 0.4491394758326382 0.8343660152379749 0.11851782324017111 0.1366294305686406
0 0.8461468115805018 0.34686231831254477 0.1724654912900643 0.1832256118869597
0 0.8322482264167195 0.6859095242315845 0.16285010667467967 0.18305777472418827
0 0.9434675711677879 0.7079968787528296 0.08318748275608975 0.16725004120824793
0 0.9599567835249458 0.8254496659657484 0.043271240647329116 0.10407869255716279
0 0.9096708348460998 0.8695790621941822 0.10101949847991475 0.10748956168763667
0 0.7654400656153305 0.8720966196357521 0.21333087590544864 0.18393891982873795
0 0.5533980528143689 0.8974236526013365 0.17257739157061977 0.18803330419465206
0 0.6297916132829052 0.8155940684360127 0.13556854687820527 0.14653853021887478
0 0.09311645955405902 0.9547167232775133 0.1366295896653847 0.08888818181726012