0 0.6307057288559995 0.9008089988715559 0.14277791448832916 0.16841424375003172
0 0.04531645514379961 0.19029686206813273 0.09063291028759922 0.13540141644395776
0 0.7651215339586674 0.1132746756805809 0.2630261628518959 0.18222683623702046
0 0.7001531518393558 0.5353709737411928 0.2149911952784174 0.18775949154991714
0 0.1279312757550613 0.9431891059607291 0.16653667267049482 0.1136217880785417
0 0.3054468869028834 0.6033349011530998 0.10159087101320431 0.11169873153522457
0 0.22005601048038462 0.19642478556067497 0.263515643725414 0.2663614516216359
0 0.46687438480251847 0.7520299779336118 0.11843177925794225 0.1146901867910952
0 0.9278953951318325 0.85708956385288 0.13562231669805003 0.17777779589311996
0 0.8179609884192407 0.9494239508435663 0.12072374406926983 0.0955433617177582
0 0.631502883421443 0.7637897681023251 0.2102254584741695 0.1948031416965917
0 0.4531233972897012 0.4293689562949187 0.25617823875354245 0.24447500376472414
0 0.8582142310713718 0.22952926705120147 0.2270943370545371 0.20260228926015456
0 0.35524857413948563 0.9199366762508407 0.255786654054728 0.16012664749831848
0 0.9037746252967811 0.4571277165826656 0.18903836845962785 0.2709707212027797
0 0.4910760798362984 0.10490696481024618 0.171693994173557 0.18144080440844734
0 0.8854862521832116 0.707742030557564 0.20301392001263105 0.1945513092242953
0 0.45092153471402013 0.6012019842162027 0.18119749744642333 0.16254581180740638
0 0.6581076232539197 0.32352344044587683 0.16931811835534047 0.18616455255870748
0 0.7828908531527902 0.36514815201696066 0.12336533807596776 0.13649269049057489
0 0.12382364319325825 0.619833655728516 0.195844337054537 0.20151101521353737
0 0.13078264727898095 0.8701274602795283 0.09436534738385104 0.10904305290908202
0 0.43505339698756 0.2291781722662313 0.16444050020857431 0.1739774334746126
0 0.24744770687379963 0.44743211544986 0.1401922611528907 0.1370802995925995
0 0.04255598721067615 0.34045330252608524 0.0851119744213523 0.1905219896675551