0 0.4638711794498258 0.6542220554703706 0.27907357642160124 0.30602272101541944
0 0.412254155846987 0.4403424714058562 0.2296119967518147 0.22361488871851712
0 0.2360539953822622 0.40137589925320216 0.21885154470336887 0.294960046028907
0 0.9322909646619115 0.2895680147514009 0.12996336288610877 0.15479902481756
0 0.8438582517500952 0.32360881696340055 0.14894237637272092 0.1416083115824747
0 0.9230085246032554 0.47668290109890343 0.14584284839907996 0.3767230982764009
0 0.19963691933486663 0.6264597470681779 0.27587250374459127 0.2601955986313435
0 0.24679011426199843 0.19991495871312218 0.16129728146749447 0.16160930811823876
0 0.3257670904147588 0.7765281023085451 0.18617492881981265 0.21122668580515153
0 0.6681616027736845 0.2557960909645927 0.22796341783043964 0.26673007402674903
0 0.8410855850410053 0.20671418757986418 0.27532703296558453 0.22894559863134353
0 0.7017741133913867 0.7428668865320744 0.33014177572207015 0.3429115218502436
0 0.783061580301067 0.9521163348808823 0.1635332904585694 0.09576733023823536
0 0.8142425580728504 0.917328376352332 0.20937420454441763 0.16469021733821768
0 0.6960196072742916 0.9783437158900539 0.1529108828665568 0.04331256821989216
0 0.5525860645666861 0.9263547750660199 0.26027456668211507 0.14729044986796025
0 0.38376527972627117 0.8840886821989383 0.2351329970012852 0.23182263560212327
0 0.17985794955627638 0.8634392208024539 0.2294861188797362 0.21640335025697893
0 0.06364842095642442 0.804948087599739 0.12729684191284885 0.22047309827640105
0 0.09833299950105913 0.3777871174006874 0.19666599900211826 0.42865115787829783
0 0.22345887737313763 0.08892248137263312 0.27904378371526317 0.16675368955334144
0 0.5700897958323229 0.4973844718317873 0.15442141733149867 0.18037794096601117
0 0.724355542585405 0.4832049197972589 0.236181979268606 0.3248845181020536