0 0.5707899783310375 0.20386272538721756 0.16640450536709273 0.16640450536709273
0 0.47002525921026245 0.04107459195010696 0.09100246387262878 0.08214918390021392
0 0.4666153174898421 0.15791949299003788 0.07579448997949328 0.08020973380215618
0 0.5084368489637991 0.29969745918937374 0.13162246900182867 0.12058435944517129
0 0.5389990722845833 0.5851664787695221 0.17601988998247733 0.1671894023371513
0 0.42609183755323643 0.6101121302889688 0.08619477156493661 0.09061001538759957
0 0.32611161867035415 0.5710860999895556 0.1484002368350817 0.15060785874641305
0 0.8263338090972842 0.10314735987619547 0.2062396135262339 0.18637101632425052
0 0.8529707541034433 0.5776861733964611 0.21099815059025617 0.21541339441291887
0 0.7786743088593913 0.014105353133967252 0.1871563100264748 0.028210706267934503
0 0.9350961538461539 0.08707956595099862 0.12980769230769232 0.17415913190199725
0 0.9197895719165536 0.32626384518735413 0.1604208561668927 0.2693282862537778
0 0.6321594077266249 0.8667355911212121 0.11023323310339794 0.09257225781274606
0 0.4774546240449072 0.9132421251597691 0.10002917576046937 0.08457582238114889
0 0.4087979396614472 0.8873882918289225 0.08099463077221494 0.08540987459487763
0 0.9736058557209479 0.5725355845795754 0.052788288558104204 0.245829738931356
0 0.9321146343961424 0.7490953887780923 0.13577073120771524 0.18063135804765496
0 0.15617527530408032 0.3272423876408498 0.12122218741638537 0.11018407785972797