0 0.36426708466081625 0.38057450236996904 0.16626295496493212 0.15897735389503403
0 0.44563765363318836 0.08719429008182884 0.2481477696567002 0.16280781593243637
0 0.04198151307607034 0.7931792288956677 0.08396302615214069 0.23058922702210466
0 0.17297174228355386 0.9247221484749352 0.1694693114404977 0.0966032317671127
0 0.7525154344492692 0.979956484138349 0.16685053860351545 0.04008703172330204
0 0.4382508411278629 0.5779984983733725 0.2850365704915245 0.21387601523290528
0 0.25676738599256005 0.14285765546771165 0.15935950742539154 0.1636591683306478
0 0.19903586580344593 0.4992203995988195 0.23205879086804734 0.2489686438546625
0 0.3067380344577881 0.8464381243731552 0.20509346557060562 0.20287597402465707
0 0.44491444859016716 0.9193899650335825 0.21030241303915764 0.16122006993283505
0 0.04962106249822487 0.4157124438057823 0.09924212499644974 0.17757873376541072
0 0.5673312034386792 0.4226235601857446 0.34355998671096416 0.26532184814960963
0 0.7770354185478594 0.3986088080614436 0.18447628719084583 0.1809056843144991
0 0.9044212807876872 0.2696761775661234 0.16610890950393298 0.1565735077411878
0 0.7933932757617039 0.8380869780161841 0.24971682247210225 0.29970116882958864
0 0.934256273433284 0.4049629108325933 0.09143563327370348 0.15286892357586404
0 0.6244432971150279 0.6955589135818377 0.2609981089530628 0.21345642232597692
0 0.4440939543544292 0.7309154645321067 0.22426335357923768 0.1647920691793542
0 0.7970866820143665 0.5926848738704122 0.30254055663458057 0.26220469405398517
0 0.17178736297810654 0.24846513236634848 0.32084705309935607 0.2481172914564511
0 0.36884002396569787 0.19655439372865982 0.1977278816480682 0.20034624999873257
0 0.6019955571172991 0.8768604813891047 0.258193007638357 0.24462250374459144
0 0.06971890808416294 0.8433182405087168 0.13943781616832587 0.18529378371526334
0 0.08808444336541944 0.6340367676066767 0.1761688867308389 0.2392273813671994
0 0.17692849974443967 0.7503174244490105 0.1866329236448312 0.21455953046834525
0 0.14324605538518106 0.8628366414821586 0.11464298628503304 0.10284970654271593