0 0.5378552347607576 0.6875821098049251 0.3044669018465882 0.2476210672402541
0 0.2519985258455379 0.5432028223301253 0.21957701922950174 0.19896024533605983
0 0.1416976916814814 0.2768094374307866 0.2421347390093595 0.25323126986966576
0 0.2319231112632836 0.08089413348666898 0.3340385302188749 0.1534698120793943
0 0.2002224781409193 0.8784480389584581 0.1244004033459456 0.11122170312633137
0 0.848524546077991 0.19004130996394006 0.2389336663323494 0.20740414748559
0 0.6772275393321502 0.5560457920038635 0.20207874750149338 0.15942038864752875
0 0.16052922389611976 0.7366372573898973 0.21510500124735216 0.21788292364483106
0 0.09716024537592512 0.5452861208649235 0.18030608766044479 0.28768762634523143
0 0.08104936000959437 0.7915728882925861 0.13860151723120356 0.2369919304313261
0 0.37060792332132386 0.8041257509583448 0.18195466658182 0.24457244103699965
0 0.6348509964972747 0.9255988468637313 0.18347736763111674 0.14880230627253746
0 0.7988221297393044 0.91439458311327 0.16163295579303713 0.1712108337734599
0 0.8351254944989764 0.9745677596899234 0.22523606393540574 0.05086448062015318
0 0.8119566352352585 0.7087490615895753 0.23622393855929857 0.32728836425589974
0 0.8724371297443742 0.46441830303546805 0.2551257405112518 0.3195215251725025
0 0.9601626180065898 0.2994449081693525 0.07967476398682048 0.24562216105857987
0 0.6714851997994097 0.15828627627282452 0.18630080669189106 0.21843822426668985
0 0.6594896784443396 0.3652176730840236 0.24209277971866675 0.2508274237158197
0 0.3929774500476127 0.3661474730669857 0.34182533216575817 0.32445097992446914
0 0.4620298064424207 0.19528806766618512 0.12747559815087697 0.14983728704886876
0 0.3399581437299272 0.21747982607831534 0.17866967532342437 0.19393762634523143
0 0.3925240871564343 0.9440307905840933 0.1969773401589513 0.11193841883181331
0 0.5821673645051318 0.818883674603176 0.12743363886018408 0.14743344089502267
0 0.516007469399315 0.9325032156060998 0.15180777472418833 0.13499356878780042
0 0.40548802572080267 0.5326290395263661 0.13447734015895124 0.13828019266263494