0 0.8969519183348938 0.5017017338968276 0.15834207042053586 0.18866721041208903
0 0.8912162684498957 0.32793916624550334 0.1633969724280891 0.1553072119329863
0 0.8760820030383049 0.2068163409165084 0.2026287381946223 0.16889363030084817
0 0.7634471349632265 0.554104783443755 0.15254922412471272 0.13568464580255934
0 0.7128339889967891 0.8737938796707859 0.12441241636141652 0.10816489663619268
0 0.8954474315529413 0.788445070778921 0.12253158781270447 0.15364207510944047
0 0.7300441833205535 0.7744750357982857 0.09239218905642205 0.0948723259430738
0 0.705803251796006 0.6638266958743978 0.13254822758894902 0.12288182123401288
0 0.15684863807252009 0.6739951702832838 0.0971067171252523 0.1310279674756808
0 0.04986204384956058 0.6183230921320487 0.09972408769912117 0.14692028277247443
0 0.4115682532157762 0.12161047282742173 0.25138272433767833 0.2188315886511458
0 0.15384799625180995 0.10026362345681082 0.2864552626572398 0.1675141608651616
0 0.713113041570832 0.17366451131756097 0.09541221705426367 0.10458565978337304
0 0.4023384223954317 0.9115617003798877 0.2934195914189175 0.17687659924022453
0 0.6022261851662548 0.07997166621690255 0.1417014758213366 0.1160620796721322
0 0.8370633215492517 0.08231017718452281 0.1912579722861121 0.10369593647225867
0 0.9321388494761051 0.10305506925802382 0.08764537797086656 0.13304001672986912