0 0.5178428224918216 0.4896750382087251 0.19191777848503394 0.18857863823558196
0 0.9121418357979066 0.6580191920399585 0.16077966361454415 0.19564310769827598
0 0.25965144708175275 0.6980729200365374 0.1071677948881112 0.12882617436295318
0 0.2105429548181144 0.3778706226026294 0.10716779488811107 0.12882617436295318
0 0.10171255275916366 0.4431910981311742 0.11681115078587337 0.13201491748685804
0 0.1322238399720992 0.19454028857302466 0.12648247796601317 0.13760750676460898
0 0.6353689251089519 0.08982749881053559 0.12399471796503428 0.13019974406055587
0 0.8880080009670657 0.35859307852118477 0.1044562646281111 0.1021876424281308
0 0.6449415107354561 0.19591564356537342 0.1601642954022368 0.14275849231366053
0 0.44748962866622616 0.3441194577918575 0.13880939284139762 0.16503093566948998
0 0.2647956368432904 0.5655670452112269 0.16019226668461456 0.14516233846750667
0 0.35757085228664437 0.1257125526671338 0.19884960412279623 0.1651288494246645
0 0.16399939988007545 0.869187203956148 0.2647324451598587 0.25456151935717597
0 0.36270746346035554 0.9226121302889688 0.16695626462811133 0.10728947273351225
0 0.6202703270822423 0.6650335144285677 0.24829712003622198 0.2868417958134195
0 0.7661776891250399 0.7155638356351728 0.1965856143808383 0.1769518559513804
0 0.8477118173138518 0.8289864069607245 0.23733911386671244 0.1706722834587454
0 0.7596671168535696 0.44952180952830845 0.22244220927384417 0.3351640983765273
0 0.849143405106994 0.12451062959021073 0.2679474585026554 0.24902125918042145
0 0.029796335381678456 0.13336450466087432 0.05959267076335691 0.19000175990902057
0 0.2272465333202803 0.0855820171307647 0.23513106668950948 0.1711640342615294
0 0.9176916091539197 0.49065754798387873 0.146384557973845 0.19686960839703416
0 0.14013129223182166 0.5469245519758359 0.13584612103999932 0.11675778835005236