0 0.30408653846153844 0.2559422133746135 0.10817307692307693 0.1070279384762231
0 0.15745192307692307 0.1821205805341948 0.13942307692307693 0.22277618053174741
0 0.05048076923076923 0.13279893539146823 0.10096153846153846 0.1838671015521672
0 0.5733173076923077 0.608834612385521 0.125 0.10241604514517413
0 0.9122596153846154 0.166865101662302 0.11538461538461539 0.12393877540027898
0 0.9278846153846154 0.04805653038237183 0.0673076923076923 0.07530242667580378
0 0.38341346153846156 0.14148065030845913 0.0673076923076923 0.06328319590657301
0 0.39663461538461536 0.2341825692846129 0.08413461538461539 0.08992130257552397
0 0.7608173076923077 0.6242375262571281 0.125 0.13366604514517413
0 0.203125 0.9454667630857337 0.1466346153846154 0.10906647382853243
0 0.6141826923076923 0.8184447395705556 0.25961538461538464 0.25302089849678183
0 0.9014423076923077 0.5874123078146797 0.1971153846153846 0.2426782605395791
0 0.8064903846153846 0.8780283123500331 0.36538461538461536 0.24394337529993385
0 0.06610576923076923 0.7772115179576919 0.09375 0.09003318770503445
0 0.0733173076923077 0.8458050471894402 0.07932692307692307 0.08265382154923027
0 0.04447115384615385 0.535373237954755 0.0889423076923077 0.11882339898643306