0 0.21426566157027827 0.25164273334129095 0.18227442258727164 0.18538989511167717
0 0.2571309928756618 0.4268535454640403 0.17746673027957935 0.18499744662664788
0 0.40355582364244513 0.420794378103589 0.10031988309748166 0.15948750163540915
0 0.142487616474053 0.4811367049002593 0.15583211489496396 0.1832314284440158
0 0.04542470364293462 0.39516273519967243 0.0809212861724467 0.14349463077221494
0 0.36299980726384223 0.6504354186614019 0.19200169233216668 0.19579017669712057
0 0.24069987807859541 0.9663090890473184 0.13788634052293658 0.06738182190536325
0 0.15684329138712802 0.7861062524531136 0.2114842031043344 0.21899458602185334
0 0.5802821570043318 0.645357174147441 0.2622446851588798 0.24715375665312295
0 0.5361203713949598 0.8747038783414818 0.2643128759241945 0.21850382704948365
0 0.8269997416515332 0.8826150855609879 0.23367824413650184 0.23476982887802414
0 0.9029840964843322 0.6188647193810487 0.12866255386083864 0.11857296177635436
0 0.9330889580374784 0.7293924872143016 0.10459612103999934 0.11420687319736143
0 0.6214510153993 0.1587989314918617 0.11208737232531372 0.13883400746336713
0 0.6385504021813226 0.9805965923181367 0.1452097641139855 0.03880681536372667
0 0.443922777566917 0.9786346474421143 0.20513809026587365 0.0427307051157715
0 0.0791946452528614 0.921875 0.13875345027664243 0.15625
0 0.11745785854181448 0.6003724690018287 0.09735661129608325 0.11121435431597139
0 0.03954180109433251 0.5087567547798207 0.06862234257943986 0.11847504802117989
0 0.5652560133795084 0.3859625913964061 0.2194789374724459 0.2868909510570895
0 0.7597700687337756 0.17849528697491676 0.14887231797482386 0.20427737110108715
0 0.4054956174411186 0.0715253233252603 0.19560661949762187 0.09281724056676517