0 0.3696508210677774 0.7022994186898365 0.16165692864314557 0.1588973710423948
0 0.43136261437433243 0.5451878695516359 0.16431273527431406 0.1638591088110861
0 0.11392894182797896 0.563118024249652 0.17847363010078446 0.20549472073146532
0 0.15454070556241575 0.279526901723599 0.1853072278463395 0.19874531865292375
0 0.2228494685661297 0.05051305224749392 0.14762201405533631 0.10102610449498783
0 0.40857552360558935 0.058141987378254455 0.24503566259579407 0.11628397475650891
0 0.8266353407782601 0.10259559745293255 0.2814610740001856 0.204907137092882
0 0.6056619037667469 0.4423653288610599 0.20782370490158295 0.21695865087883745
0 0.6117412804839605 0.696433234474826 0.4343844796985748 0.380015249368204
0 0.6893793523618676 0.8892353461822398 0.17317223845773183 0.15005221373200492
0 0.4474148731843457 0.8975053765510963 0.21960119681277546 0.16740215441406184
0 0.08440177869209843 0.782082950932788 0.09901050516591603 0.24352640582673174
0 0.21631880979555235 0.6759465904250782 0.18821499495483024 0.20851474872930736
0 0.25728296019776214 0.5141348123207536 0.281072911664918 0.24321463009342145
0 0.2870978594784596 0.13958264960104422 0.22212080158599873 0.215479077490985
0 0.40553832585242083 0.32856406539455274 0.2644775058267489 0.3379820670982771
0 0.22615037922076467 0.8405330292330404 0.28562864349528794 0.23871502870772715
0 0.8286815598559254 0.8549833020984164 0.1675984430987885 0.18084007734900792
0 0.8820165622927091 0.6761601148451011 0.23596687541458186 0.2533853153306647
0 0.9388704501963464 0.25385526147882886 0.1222590996073071 0.2560686542010964
0 0.5821511272287494 0.914196238081039 0.1328209964162759 0.11152979404832909
0 0.8844706215417807 0.30872632634806835 0.21643124760767854 0.19834406349206407
0 0.7582159299648112 0.2697846675895145 0.17226993354853504 0.22426335357923768
0 0.6389838064913884 0.2267751032171946 0.23260782625272716 0.2784412138739819
0 0.6271314424379555 0.06808344682965543 0.17708784747551173 0.13616689365931087
0 0.8027091874531589 0.45144523917426044 0.1883409751934914 0.2109185948831535
0 0.928851570816768 0.45317386466762977 0.1422968583664641 0.22682124519408284