0 0.7549386154702759 0.5787325997249237 0.1338059015570621 0.14626436215599298
0 0.5921615313616747 0.5456077434897962 0.13864156514713188 0.14900439490572134
0 0.6452025149953091 0.8654791385743106 0.17500694156097796 0.1779681020671459
0 0.35770514371048395 0.8651335953705834 0.17249121027762138 0.1681846241538203
0 0.10001809344852618 0.8422541936348998 0.12405066052978943 0.13357275819499775
0 0.07866150675705877 0.6609066323261212 0.14440028105566297 0.2310713507323728
0 0.11215814259657193 0.23153444725137082 0.1544352349067117 0.26780141623182974
0 0.47128308518580153 0.39166874635326676 0.18713805745971912 0.18842395317223634
0 0.7232953333863612 0.34036510391560193 0.30973589543650104 0.4035593873000621
0 0.9225327461685308 0.22536777507597902 0.1549345076629384 0.15739258645284776
0 0.9376135692601385 0.46586170710090014 0.12477286147972294 0.2061924227042057
0 0.8702977857684556 0.8786085690629688 0.22498422770895024 0.1382288305546792
0 0.7447235324144008 0.7346211431377063 0.1797027487391597 0.16868890404764378
0 0.5797943436933519 0.7232989955851353 0.19759258054643206 0.26121171097938534
0 0.20609416625859658 0.7578509649534427 0.1800943466924464 0.20234275020148992
0 0.3799805723938422 0.6085609234345093 0.30288629951524343 0.2277424314734106
0 0.9057214928634245 0.6968325378343722 0.18855701427315097 0.26791896954710054
0 0.8588172584830759 0.09872858543783301 0.15546848822405496 0.1501810479913093
0 0.6744195446310483 0.09194383699679272 0.2140558769524462 0.18388767399358544
0 0.2424676338564331 0.07126668145071388 0.2301275754051739 0.14253336290142776
0 0.9490733743818172 0.3268000867650406 0.10185325123636566 0.12037687434017902
0 0.30955239797041856 0.13833982709430448 0.16326742361552332 0.2011660971159019
0 0.28582246260342475 0.26991249903037867 0.20108562258237678 0.14856712834449848
0 0.25479707492775966 0.3947779123987378 0.24497022156391493 0.20447742309205424
0 0.07846402364978745 0.43718084672048785 0.14836883489202707 0.15929215271287042
0 0.4605759784923762 0.19514168828067613 0.182106594893006 0.16885699734558482
0 0.44559263385643316 0.06361843639439244 0.19887757540517398 0.12723687278878487