0 0.6057494044495562 0.2075531996474161 0.14099212973847897 0.1408661936373038
0 0.2927748113695092 0.06450990113091193 0.2009342381236338 0.12901980226182386
0 0.7530915235113731 0.27069917757964757 0.15751096189340402 0.13654811478554804
0 0.3968223461254524 0.6302731726459126 0.14348914013118688 0.10494839088845041
0 0.5126852394014271 0.5967978015312798 0.12385711573955788 0.13556888787367496
0 0.3987857246216324 0.30388754339527346 0.11331745835817965 0.12086603183291991
0 0.9564870242709493 0.521148183000412 0.0870259514581014 0.10114564914621428
0 0.8313917975551599 0.7597198697655826 0.0898342974415769 0.09139037497199053
0 0.5029965168668552 0.4080259336749371 0.21476973140812725 0.24378618592258855
0 0.24054927513700836 0.23985439389350663 0.1205898780418552 0.1594674598532975
0 0.10400832225913675 0.21372322461792223 0.17103836425589974 0.2353156414314989
0 0.6533212938353637 0.03936236712579844 0.1911039268251131 0.07872473425159689
0 0.6791146965244083 0.9014254007559205 0.25070566127154537 0.16805217024964328
0 0.2121057787148276 0.9234431218914766 0.14952919612687082 0.12431904967805871
0 0.11073237080103546 0.713255721724904 0.14012873819462232 0.16483471039634578
0 0.7234857566516185 0.5039643098450624 0.3415859939233902 0.35064880950894867
0 0.9190876625280412 0.7334910095021978 0.16182467494391764 0.31102393345086143
0 0.8681551511343978 0.9200081694996604 0.2043555212823356 0.11871624114316913
0 0.35354943054490945 0.8193819025725613 0.19338232572337277 0.2095727815333863
0 0.4188669885566654 0.9366936124818778 0.2422008778998781 0.11021997299849645
0 0.19087978811369644 0.5170532323326374 0.25270825226453186 0.19930217024964328
0 0.23352915222761914 0.6940285655847992 0.21634246903484164 0.1934453062506583
0 0.11962042541954394 0.8707426171915368 0.13849511934577097 0.17678399638615724
0 0.9306108515631657 0.25789205676454835 0.13877829687366863 0.3287858623138208
0 0.9066959948746346 0.026535953570512104 0.17242845821620278 0.05307190714102421
0 0.5066078133145927 0.12614643066016157 0.08379424144589283 0.07201971618238225
0 0.09237788995371563 0.03464593489251071 0.1559096260612774 0.06929186978502141
0 0.5858305177187173 0.7235150617177222 0.3238993641139227 0.18697743670915165
0 0.32406402386631566 0.4156406658955368 0.11254723105318476 0.10884680106368914