0 0.08658841024646326 0.6239247897590902 0.17317682049292651 0.1898775590020967
0 0.15009490254520325 0.5046275631028659 0.29012884942466444 0.2003041108064319
0 0.264743974569513 0.6034098677348931 0.17837458089265332 0.184594354893985
0 0.17678338318802733 0.767206219519649 0.2388140279801664 0.21891951182489378
0 0.2911624981043172 0.8250811826127251 0.15355122238413313 0.1746992574548242
0 0.4137830312062232 0.7819946072442628 0.15301170490025923 0.13866953642950966
0 0.5829598486886051 0.7875723518826534 0.22321360560200149 0.20432860720755114
0 0.6753848391364238 0.6575137600988766 0.15781939720795152 0.13872547899426468
0 0.7881202288810083 0.6323581313959389 0.14501526946866233 0.12897023796699225
0 0.7673935969417097 0.7536264913944704 0.20923213240762395 0.1801502892572016
0 0.7444349638353275 0.9115497159452425 0.243474651289014 0.17690056810951496
0 0.3701707055617161 0.8741231149316756 0.0973799501204385 0.10440032206335613
0 0.2551297801506257 0.9569990226092986 0.14751742610984847 0.07136184412181734
0 0.5020635284037305 0.9194868236179707 0.3356548573488969 0.16102635276405847
0 0.595126743554929 0.931933037476117 0.16743478182333613 0.1361339250477661