0 0.4319375677508923 0.5128030757055033 0.19904789757526778 0.20490497878453298
0 0.23095715721574156 0.9168775613621697 0.20272947678004244 0.15463404389202232
0 0.24458806776602346 0.27595992041770007 0.13530423115707932 0.11668784254000328
0 0.5695945451127076 0.19093611090875154 0.13530423115707932 0.11668784254000321
0 0.5131206338472531 0.0894242629479839 0.13597660434884376 0.12630322715538786
0 0.761162290929595 0.09300228597037238 0.14386051600214683 0.136128446109031
0 0.8238067941355206 0.586563753173113 0.1364808842426671 0.1335147656169262
0 0.5328414494876752 0.8709098209398254 0.10852573686888939 0.11111075765869644
0 0.7167768636317314 0.6076701696214176 0.151021514481015 0.1699221818217162
0 0.5843714019144768 0.42560375185322097 0.17131138348210134 0.1513209156057225
0 0.3772198394724148 0.26610334216501175 0.15342536063486115 0.16999212660113563
0 0.8106856003218277 0.3110657000029687 0.17294177647884232 0.20894327851861064
0 0.10590381740087165 0.19997748492612205 0.2118076348017433 0.28273733784006355
0 0.03329294953306865 0.40495602158073907 0.0665858990661373 0.1756648799154449
0 0.24830427356997828 0.634495583064666 0.29700023002379594 0.2677289790280478
0 0.18603170349199474 0.787441703514493 0.18736485340191925 0.20936294719512788
0 0.0778404733196679 0.8785394375420142 0.1556809466393358 0.2404031128568692
0 0.4536738230672883 0.7508666515424834 0.34596815957309496 0.2475632040112419
0 0.7956253367726062 0.8008907571522279 0.3129361466283431 0.2897832630891803
0 0.8242923608136543 0.009801085835926874 0.19276143221884523 0.019602171671853748
0 0.8693776711603771 0.17501644740948413 0.19966973078436195 0.24810426477434427
0 0.3981085115570198 0.9108144761155906 0.2053014162318297 0.15710783482528803
0 0.40647742992201646 0.1393068884630228 0.12530211996314206 0.1451842724890595