0 0.939920838986398 0.5336463399244243 0.12015832202720407 0.18043347451926223
0 0.9333911400163989 0.359283549613146 0.13321771996720216 0.1469475166802804
0 0.9132572356746204 0.2373017097418907 0.17348552865075925 0.15773811949971414
0 0.821929735064644 0.5745765719525883 0.14584806909479597 0.12746491497721488
0 0.782068741952532 0.8899115765606266 0.11814595901587666 0.10250306770700053
0 0.9521273149106122 0.8221918225433947 0.0957453701787756 0.1463599075782555
0 0.7949953884406012 0.793185388510598 0.08879588421507816 0.09188035320243088
0 0.7686416249158347 0.6794910939416561 0.1261133789093821 0.11717797710237357
0 0.21974583028761402 0.6447268260471405 0.09068558779499554 0.12793804551012292
0 0.09400017047493128 0.5803495201719503 0.12496933514214748 0.14113249448340304
0 0.45829018978510744 0.11438116598364051 0.23869576418559946 0.20509007957143277
0 0.19830197526338142 0.07530909213661434 0.27641164283445513 0.1464209764016244
0 0.761096482621466 0.1921399058916275 0.08929980516972282 0.10149573781781533
0 0.47177339612910224 0.9112866494459252 0.2814610740001856 0.17742670110814956
0 0.6485821982742213 0.08263516011666891 0.13598072400208905 0.12232144603979417
0 0.883146168632213 0.09442548469706652 0.18646149323285827 0.124084273345868
0 0.9689389703579917 0.12036795698359214 0.06212205928401651 0.16083639424708038