0 0.4734732999545684 0.35810051948327687 0.34133878422352926 0.38608062878103533
0 0.6192228550699964 0.6963254722986014 0.3089173017576749 0.4041361798077553
0 0.7423530809552209 0.17404217898859273 0.3102142314791158 0.2746642641297914
0 0.5379348360450922 0.12335920844186418 0.20718922080245397 0.2015110152135374
0 0.15790668983729544 0.3775526377240577 0.2685786195587365 0.26121798268421514
0 0.12133290940455092 0.7655105214308835 0.1604055426356596 0.2574404955997714
0 0.6252126441349374 0.921378892234229 0.25754822758894896 0.12651865391139858
0 0.95792900749638 0.41768912789662804 0.08414198500723995 0.1552197947767516
0 0.7875691085697267 0.6916513043552784 0.16099312627424295 0.15432694345668288
0 0.3725800123377915 0.032139021781258145 0.15862156313712147 0.06427804356251629
0 0.8983595560666726 0.1922884936642403 0.20328088786665488 0.2717262186196684
0 0.2069761365249739 0.05845924277622817 0.2264522730499478 0.11691848555245633
0 0.2362733723201879 0.6229662434769773 0.28244639585995474 0.29048385731752957
0 0.4485497781469195 0.7022855074762795 0.16811150049691947 0.19055252407923937
0 0.39467448155720497 0.9330433005784785 0.14016102121134713 0.0912393343546584
0 0.2958875634636703 0.8389193814088446 0.16641700042593113 0.16411021638693166
0 0.8579397261833797 0.8686812109597308 0.2584402173382179 0.2152930732888418
0 0.9479176748658328 0.7207149267232338 0.10416465026833449 0.1456883543187988
0 0.9369248730584666 0.5628013107804342 0.1261502538830667 0.18102108362128697
0 0.8216297371014009 0.3772625608130565 0.20207343757276364 0.19653543459098088
0 0.39144505409319524 0.6006829501669686 0.17763372087344242 0.22686204885922792
0 0.49625957148536376 0.5632935890073947 0.11618344089502267 0.12877748708444392
0 0.6620050360621301 0.38645061651305945 0.2436767664764184 0.2843330584909237
0 0.5829469914103985 0.04868357797420063 0.27166321359002776 0.09736715594840126