0 0.2301076953067868 0.5926453955800027 0.22367126156783085 0.2343987841575035
0 0.111636463546016 0.7622150582795797 0.223272927092032 0.2343987841575035
0 0.745004599899655 0.8006989923360412 0.16488807386279639 0.1359394023371513
0 0.9198411875704253 0.942576062487049 0.14135309540713173 0.1148478750259022
0 0.49826241223133216 0.6037070909280806 0.23300693335943926 0.21114521958910068
0 0.33061191793566497 0.12323279162087057 0.21360833643440455 0.1951523487259063
0 0.5592265178965058 0.43062996948507465 0.32007684926307545 0.26388236924270564
0 0.3107047855359489 0.8001362857929125 0.19720098259314553 0.22983647133599577
0 0.058851431780350315 0.31500175990902063 0.11770286356070063 0.2021189044334258
0 0.16035672611762403 0.2801701715679206 0.1783338400332852 0.2595166773958786
0 0.2828409948342675 0.2997929925515534 0.1506607959163628 0.15158897995898643
0 0.7970403014983235 0.3610157496804619 0.21117651899818066 0.19255227832954552
0 0.8298986502350361 0.22534551098699881 0.17961883489202699 0.1635590554845471
0 0.6515919394188143 0.5572730995585314 0.1338059015570621 0.14781156410753754
0 0.7045176696616822 0.6614477603997269 0.22344749130880986 0.2151680149267343
0 0.8210211363414017 0.5747126778865849 0.21064506463300603 0.1468792014064686
0 0.9067475886255986 0.7549517858152933 0.17341426259608228 0.2495088442954647
0 0.5930020244944811 0.9095606394026656 0.281391540542516 0.18087872119466872
0 0.5788315311781167 0.8136018272948368 0.175006941560978 0.17999353007644076
0 0.34688666448371236 0.9815291533852886 0.14973774359790176 0.03694169322942287
0 0.0892563988518238 0.9107875368335896 0.12897023796699214 0.14501526946866233
0 0.20434731577147433 0.9336732305387981 0.14831289232727182 0.13265353892240375
0 0.052938873818742516 0.5501862345009143 0.10587774763748503 0.292680161309521
0 0.9379589999632884 0.34725448325218555 0.10031988309748166 0.15948750163540915
0 0.9563358030162264 0.5256050816212525 0.07787410052391572 0.0880099449912386
0 0.7533053342432919 0.9103820060733111 0.17749470156195676 0.17923598785337774