0 0.49581412789662804 0.9647841838550975 0.12860959876957972 0.07043163228980512
0 0.5583065197684068 0.8183926122072251 0.09221612983215909 0.10048964507081812
0 0.6783042342729764 0.7985630105504092 0.15706656624025758 0.17253330418503163
0 0.856974881486165 0.7205139942764105 0.17182541979306265 0.18324160421730576
0 0.27348511448813234 0.6232752282230314 0.11195056400752076 0.11636994254974772
0 0.2653959409629678 0.9106589438264201 0.17738860951764374 0.17868211234715978
0 0.7722602651277461 0.9032959588451823 0.15723445455512156 0.17734099649272395
0 0.25693295016696865 0.372564549320398 0.17713677704534755 0.19802898627934562
0 0.5058416761203516 0.4227584165464818 0.1568986779253932 0.16772561187733934
0 0.4234545698865681 0.7804567612622854 0.22149728186119552 0.23255773253001386
0 0.1200511242503174 0.047660243220358015 0.1252823668839806 0.08621285796663727
0 0.7393696264178095 0.29222637218569303 0.08078450816495292 0.11640580530033347
0 0.20344167988507572 0.1443619664909255 0.11220239647981703 0.12358148101128628
0 0.05295324138680561 0.4161579642531764 0.07222986318450103 0.07739780913035031
0 0.6390795902663279 0.6449528033996155 0.239049167943323 0.18593803000894346
0 0.8485232264583982 0.9612543983503294 0.1322726072849072 0.07749120329934119
0 0.9442001634899253 0.6728938720314679 0.07128360211868476 0.18761042706831021
0 0.9328563664683615 0.1695061181207659 0.13378360211868476 0.19234639387483116
0 0.47932691288704316 0.1122427440272097 0.09271979477675146 0.11491272199389524
0 0.05991677691485829 0.7565754238766296 0.11983355382971658 0.2535354631378745
0 0.15742128676643935 0.8410399010578989 0.13875918274124116 0.19751839132148666
0 0.08502746670468399 0.22179279955530826 0.17005493340936798 0.27014437089473026
0 0.11864694890803534 0.5408130098977827 0.2372938978160707 0.21624140441095
0 0.22601867584729732 0.7401887896646707 0.16601039759618536 0.15403114523218875
0 0.38675968826991386 0.623422937450204 0.14088066201110677 0.1209596195373729
0 0.32095155312896745 0.5063616667813922 0.1850732785120905 0.15068067348034886
0 0.4458676089715353 0.5182374465482802 0.11941393494135556 0.12412793871973093
0 0.7692689117706748 0.16072551262678803 0.16508701186443248 0.12758883753988093
0 0.49824472987274776 0.6403064934695587 0.09023200446547336 0.11232672327056757
0 0.9128585602548723 0.8802069617212676 0.11477413094852743 0.12857132588846007