0 0.24002203886451812 0.37081358093496203 0.212630508008639 0.2014517437291139
0 0.2719955120053929 0.17809389205738194 0.22291826581578805 0.211739501536263
0 0.041822844453921156 0.22180094935427552 0.06246593336725985 0.14071728332393565
0 0.09744637265538512 0.5725438545352025 0.12462974677137759 0.14028001676271273
0 0.3827399684138172 0.35926456342681445 0.20866328219065225 0.21313478790246235
0 0.22281550595112773 0.7918146077789561 0.25003294669986037 0.223203912429
0 0.7385921258991387 0.7274133616196135 0.23046599087320876 0.2170514737377785
0 0.11366905580602399 0.29141140785047337 0.19909843755793805 0.17897666185479283
0 0.24250113502592985 0.4917875784593399 0.10701289718741916 0.09359838005198899
0 0.3291401165632921 0.601901964983705 0.2222458926240236 0.2021241169208784
0 0.13156387529466917 0.15392140385371944 0.17695954227949923 0.17025228371178422
0 0.6499195514365527 0.4855917165275335 0.18501154723074337 0.18277579437483832
0 0.3491795255167865 0.0674746656727536 0.13949009025567735 0.07912476314624178
0 0.8032037686641277 0.1291242826087631 0.24583061425133224 0.16310775858284624
0 0.8015035625025865 0.857397383900212 0.20609134273886498 0.21056284845067508
0 0.5003515400129326 0.48470127002159746 0.2598834379457865 0.29565548364026684
0 0.5870910415491957 0.6988786843444467 0.2021241169208784 0.2222458926240236
0 0.6308551956044047 0.9766415883618281 0.20025861729359581 0.04671682327634376
0 0.5245163515080699 0.40266782086124614 0.18344816756660293 0.19462693184612798
0 0.4709670396402152 0.6118194695622317 0.14212904304006513 0.15107205446368527
0 0.41020562934438204 0.976036788469104 0.20405774981364125 0.04792642306179191
0 0.31708625919488126 0.90844288958176 0.232584190413843 0.17892612187212256
0 0.4364298637225182 0.853397771348805 0.18087622811481552 0.19205499239434085
0 0.8843121447193626 0.26277285077776624 0.14486907578979377 0.1560478400693187
0 0.9994275868406963 0.6611301424830582 0.0011448263186074187 0.12047795430551964
0 0.9218151034094848 0.8248861241992137 0.15636979318103036 0.23527368318090106