0 0.6398180843915224 0.9400025436836992 0.23187961980726476 0.11999491263260172
0 0.3649133245853979 0.491056704794875 0.15246225273703667 0.14984960127171967
0 0.15656110374864596 0.3889343974047085 0.2883057115933039 0.4942149486555708
0 0.23888084898148124 0.12152089863471337 0.2889998422390309 0.22752787725679566
0 0.4291748023636749 0.168277826063437 0.11670531370997125 0.12561534738385108
0 0.919550972377528 0.5856054620706173 0.16089805524494402 0.16916428150937776
0 0.8353637796710822 0.25233013315146247 0.15895241934330456 0.16910834083811854
0 0.9483241179946936 0.20738428495475494 0.10335176401061283 0.156865347383851
0 0.9530639773074072 0.08723393276589167 0.09014314072364672 0.09662934185954922
0 0.8687043419851138 0.05671036013711165 0.09756498847250693 0.09907514351683978
0 0.7279888979918089 0.08232055034443896 0.2107854882913101 0.1573967837608133
0 0.5171865189589742 0.0895033171151984 0.16898842253333293 0.17397197381707002
0 0.6096136405424498 0.15731447546422336 0.13437347393618213 0.13532862817393926
0 0.061026744943162244 0.079641589352756 0.11995039701310514 0.13524471716705047