0 0.33494101524158093 0.1565917304759618 0.2242630121993171 0.22121381605032064
0 0.49492257446258603 0.24791292406912435 0.22152297944958874 0.21635017360235054
0 0.44544156837805854 0.3811575302477034 0.17751436215599298 0.13612804828098307
0 0.5809150127659588 0.15631700446981883 0.21503435416248515 0.1921998117833335
0 0.5244922014496146 0.05300656505566283 0.15475363366845996 0.08519967792799156
0 0.683901347511316 0.41070708060352623 0.23695461616031246 0.23110895136709417
0 0.9909388752946692 0.38821227261794955 0.018122249410661668 0.1499336637829059
0 0.8728565304680307 0.2568089963732913 0.25428693906393873 0.2581107604621797
0 0.6162904153076018 0.6107278527571586 0.30002590938673634 0.30937483165683777
0 0.8556999775708707 0.6366996089523511 0.27341550839648765 0.30635553395993614
0 0.7933252075946666 0.8842017881975964 0.31281859331307216 0.23159642360480712
0 0.49642493760333145 0.9043297695509084 0.14503716908773476 0.15217166939401713
0 0.5961087430139412 0.9501666771386219 0.1303284455514459 0.09966664572275619
0 0.12561191663480936 0.5093096687219553 0.16102362567495215 0.14054408960673087
0 0.9477278612166339 0.7711211779548619 0.10454427756673222 0.16139540302745722
0 0.9690938633044074 0.5858861536970628 0.06181227339118514 0.2161243631631411
0 0.9701282530498292 0.2196073410070521 0.05974349390034151 0.1794512193123932
0 0.7064192926597822 0.16643795022580188 0.12826078599348195 0.1181821223985044
0 0.639599406895983 0.06888535056501122 0.13395948477355027 0.09671535743472232
0 0.36538293548529566 0.5232901692180558 0.3290906965135016 0.2788521834804489
0 0.12901552593489732 0.6437851779866454 0.18138050800863897 0.19141650981944464
0 0.10027980866192901 0.2843262527762287 0.13945602362293727 0.2096401765252138