0 0.5846023836638131 0.5096153846153846 0.28723424429844885 0.25
0 0.3748057594183143 0.5913461538461539 0.20697535525262245 0.2091346153846154
0 0.35547747316453643 0.7692307692307693 0.2821324139930673 0.1875
0 0.16981484381967887 0.08413461538461539 0.1469775118938088 0.15144230769230768
0 0.21465426526119277 0.18269230769230768 0.13137708951564384 0.13701923076923078
0 0.3551807564077697 0.06610576923076923 0.3713692564152299 0.13221153846153846
0 0.5834504092948917 0.7740384615384616 0.23935354546404033 0.25240384615384615
0 0.15218082654385684 0.7860576923076923 0.14898890956262562 0.1466346153846154
0 0.7215238990439523 0.6286057692307693 0.1984394023371513 0.16346153846153846
0 0.16378164264364292 0.3641826923076923 0.251667310963126 0.1971153846153846
0 0.10042202097766458 0.20072115384615385 0.20084404195532915 0.25721153846153844
0 0.6478864871695401 0.2644230769230769 0.3202011072374108 0.3004807692307692
0 0.8928821738871674 0.14903846153846154 0.170623524947241 0.1466346153846154
0 0.8116173876408498 0.12860576923076922 0.14830192634774136 0.1971153846153846
0 0.927272158499568 0.2283653846153846 0.11955408298892788 0.13942307692307693
0 0.8814524093098122 0.37740384615384615 0.19549564196726538 0.24519230769230768
0 0.8393856967157531 0.5540865384615384 0.2478407398680072 0.2091346153846154
0 0.8237123349364146 0.7608173076923077 0.19976381679108413 0.2091346153846154
0 0.7812040186136563 0.9134615384615384 0.20643583776874846 0.17307692307692307
0 0.34821737455757656 0.9170673076923077 0.4221933188873584 0.1658653846153846
0 0.05788972213131975 0.8305288461538461 0.1157794442626395 0.25721153846153844
0 0.4157932386785426 0.42788461538461536 0.17224247413102844 0.13701923076923078
0 0.3859899461434018 0.2776442307692308 0.31455975944815534 0.20192307692307693