0 0.5764159387926888 0.06587042544336595 0.15005273779923775 0.1258391100688878
0 0.4732645342632794 0.21555140334615872 0.11332327988749145 0.11120625562858893
0 0.3506683804171256 0.2148381597876041 0.1940530285668747 0.19338455022943166
0 0.15617744989625754 0.26059434636242035 0.213843602467689 0.2055156623411808
0 0.7037109597909212 0.45613960501923806 0.13585358274417886 0.1305628913696913
0 0.7870257517345546 0.16447786719355945 0.22206278933530862 0.2271922332292406
0 0.28518502417810104 0.09783905887552914 0.1988607208745671 0.19341252056506122
0 0.6549193682033777 0.7035189887642626 0.21943502131344444 0.2223705557537335
0 0.4247988836957201 0.610809281056166 0.1914252605450106 0.18856287275392455
0 0.5954655109130541 0.276374785918682 0.2693033193345117 0.2611117975715679
0 0.16344479067584822 0.6982551757922906 0.10426769994215192 0.12316954572656048
0 0.6501247534561235 0.9333154490152155 0.13859331170005207 0.133369101969569
0 0.8656477699339477 0.6963292294095957 0.08816520900893984 0.08702794241197946
0 0.3506024581680783 0.37113011529104856 0.2770153680717431 0.22030235362744247
0 0.23149366291294177 0.03741425358572757 0.1620126741741165 0.07303840569116118
0 0.05977003467721732 0.2912919322337359 0.11712995164379783 0.19293702485935815
0 0.015463508304729395 0.7814318071815923 0.03092701660945879 0.20709438359395393
0 0.3720063456810282 0.9182778260634371 0.11639889164539159 0.12564331771948042
0 0.9232216669865034 0.3636412775386623 0.13273193230131689 0.2699300276215091
0 0.8713776611324928 0.26355301071039927 0.18292948526971606 0.21254539362112682
0 0.789020986833679 0.86746840538902 0.23850116307054764 0.26506318922196
0 0.8356919485297466 0.5651098365077585 0.2880862448292447 0.25160829429870163
0 0.7796066828927837 0.3495810136236207 0.19807699433650383 0.17658559748813815
0 0.5928278011091472 0.4362585254850808 0.16514758032636878 0.1403460979988535
0 0.6266692940791401 0.5614892807540249 0.21490391741342718 0.17668349366284167
0 0.5079884589959541 0.528338099286362 0.14591681109559956 0.14023421665633506
0 0.10124439842600405 0.8205226781947966 0.19203773175471256 0.150115319460201
0 0.48753606127312854 0.39957849320963007 0.11388308455753642 0.12322548639781963
0 0.14347006203518703 0.09461008782060998 0.1412210797219163 0.14261009247455167