0 0.630920495644135 0.4683922709701169 0.2547156149377689 0.3259075646404651
0 0.5031710030551713 0.20260588859248135 0.20260809823652137 0.23572605171237224
0 0.24180051854751372 0.13168230242424828 0.259016169115073 0.26336460484849655
0 0.06042872272083329 0.2524755716550175 0.12085744544166659 0.34601039515150345
0 0.8420343109379935 0.10147445130364773 0.11388308455753669 0.13079301947282473
0 0.11479812114683732 0.8524338515761307 0.21323113125798707 0.2580892773749139
0 0.49050947573011017 0.628742123191729 0.16576667939076592 0.21616684009322557
0 0.7016068995361832 0.09918058298012501 0.22161494559927256 0.19836116596025002
0 0.5138862915955127 0.07464333098800403 0.2895351091166668 0.14928666197600807
0 0.7591082464849965 0.038091555689468905 0.24139889164539158 0.07618311137893781
0 0.7568821053652542 0.28398602583475047 0.24671372208347228 0.205533104378676
0 0.8820894575965343 0.5272090986050699 0.18924533625918263 0.2059691350188104
0 0.847809884523596 0.697482007638598 0.18320607367739108 0.17916252218753953
0 0.9222434876286462 0.7193884324691591 0.09236705796162535 0.23455857197775826
0 0.6361857953209538 0.7410645882374667 0.32861574664260246 0.26683260071002946
0 0.3873547572733533 0.8377691503245873 0.32459178087297325 0.28329521864798934
0 0.22078464592939095 0.9426125256876705 0.2462592504927409 0.0929166402868698
0 0.10095647849604093 0.6793210657486219 0.20191295699208187 0.20593327226822483
0 0.3008295514442821 0.638324483873081 0.25432043774138974 0.2659935633637929
0 0.3169189648170561 0.37002240886501253 0.33102622065114373 0.37001583275593247
0 0.1412932735277542 0.46357516373679136 0.15279246675511102 0.14332284519991462
0 0.17109772316767985 0.3379555611188987 0.19589707005067586 0.19449636195802442
0 0.9114263580852907 0.28305449279549655 0.14871583444582478 0.2100840797991621
0 0.7602506970186151 0.49452264824106335 0.15027665966725579 0.14073684647658688
0 0.8947870818245144 0.4088741793581636 0.17073899917212423 0.16863637472474713
0 0.4839862725093638 0.35736280528604303 0.14099715785389824 0.14721977466019898