0 0.3854077310307162 0.48138815168467564 0.25531526332638915 0.24000932175232192
0 0.5824132252436437 0.570877008337638 0.18001273059326933 0.20288468664419626
0 0.5757362279318917 0.749265447925294 0.2587242021271369 0.18013708977418583
0 0.8608027335161327 0.07338959057262175 0.12589721212254273 0.1467791811452435
0 0.8028886351408121 0.16955973913977745 0.11359823065192333 0.13495789527210683
0 0.6794232442422543 0.05440585162682754 0.3540387961768164 0.10881170325365508
0 0.3470071674047015 0.74427673665615 0.205058294656731 0.2472735267535171
0 0.7760667357351502 0.7748284596333153 0.1305930041496797 0.1429531602717083
0 0.23161953720293854 0.5944348431644921 0.17654583177414546 0.15709964878711047
0 0.8264275651729704 0.3537602055138592 0.22535010667467967 0.1905888674672906
0 0.9159782898349894 0.1930877486205033 0.1680434203300212 0.2529176121389295
0 0.3579822761273507 0.23359772316767985 0.28052867781068397 0.2916097003231811
0 0.1300894528871796 0.10945068588213779 0.1521716693940172 0.14155696252394334
0 0.21391634250026717 0.0950029326529062 0.12220852262040616 0.1900058653058124
0 0.06812198415886768 0.18693688140260736 0.13042515372884628 0.1357416218101699
0 0.0981171257588144 0.338349541897739 0.1808519826974361 0.23894237895188858
0 0.12146023030000043 0.5141365467333592 0.22322601122222238 0.20249613730251234
0 0.10944501928696641 0.7216510425021916 0.1728571422720087 0.2049526499960155
0 0.1267505333733982 0.8965160265959111 0.18247252688739332 0.20540049373205158
0 0.5600582926087614 0.9028053661665967 0.40239546995512837 0.162816284276265
0 0.9113444775824255 0.8257471308180778 0.1773110448351489 0.24945345103934521
0 0.5653315117183231 0.40562740885930293 0.15435171498675232 0.13205353884256774
0 0.6172629648401178 0.25882153814632647 0.287794156534402 0.19109600559767875