0 0.7026702332396275 0.3906728513807647 0.1918418711133833 0.1823863077167821
0 0.8926672436323356 0.4289682462786656 0.10487355620864929 0.09970451488517416
0 0.7768366333730856 0.47212474985307185 0.09177600721242604 0.08273773539636299
0 0.629508813413975 0.4812358093203455 0.14114617519947797 0.1409614974538453
0 0.34716619608427607 0.5513224338980396 0.19486189911122517 0.1920296636145443
0 0.3579549055711713 0.6645129877466408 0.10456546528665155 0.094896822577482
0 0.4249097672430909 0.7458809723718153 0.17378258434846844 0.16295973950936962
0 0.7249620853707014 0.11789225548398144 0.21834506002782808 0.22112755900209666
0 0.2628254259022625 0.2532446687558024 0.24540354956413152 0.23105062772363488
0 0.8632602619473547 0.11829868114377079 0.14468922080245397 0.19624995899230685
0 0.746718463199591 0.04116497753754777 0.28060153513927943 0.068120543627271
0 0.47701125848311865 0.10177607391174524 0.29597748303376265 0.19560830362824996
0 0.05433028342135836 0.5587272451402792 0.10866056684271672 0.11899122668069864
0 0.05249809946900459 0.719896822577482 0.10052800028395406 0.10686011078195726
0 0.09703197694295168 0.7757447097634956 0.09704583590311522 0.09000521642265696
0 0.22174142979242953 0.10602265644125733 0.26210871019678034 0.15437929234195646
0 0.053794589047902894 0.12565732513587377 0.10758917809580579 0.08304541950251677
0 0.08710990366868257 0.22462060103804138 0.17421980733736514 0.18481812515300583
0 0.7063460957208145 0.8213249395901351 0.1285107625862512 0.13120625642657274