0 0.6518704460132104 0.19090736296134267 0.16078773175471256 0.1615968130594004
0 0.738889890561184 0.7224515009590318 0.08553744098707565 0.08840239347626795
0 0.18485933256665 0.6784237361363235 0.10577585862392593 0.11160680280100074
0 0.7478762343301286 0.504069371822226 0.06518706241621622 0.06279413799768914
0 0.4403452401841393 0.3795855018807623 0.13311385378830579 0.13299603869943127
0 0.2145087402170479 0.13245612448339167 0.09560066933849629 0.09880267506171131
0 0.6379611350752169 0.3550067293940952 0.06518706241621622 0.062794137997689
0 0.9088714964650736 0.850075553878979 0.07558617356966398 0.08040595804467078
0 0.9317638372446642 0.41610759024424304 0.060379370108524184 0.06240168951265965
0 0.1404047483572341 0.9322259279756901 0.06060329197654198 0.06720938182035223
0 0.8869207036935645 0.7129827886103259 0.0650751014822072 0.06039029184384285
0 0.5649894738180267 0.07365881563892084 0.08900160208665972 0.05994868811514349
0 0.5510442441260663 0.9796032814776873 0.04288068142754671 0.040793437044625375
0 0.058877839281445084 0.1844091706312696 0.10130404911826066 0.11842589277750985
0 0.6612029706641296 0.984680633344275 0.0730703664818088 0.030638733311449985
0 0.8478104189704527 0.6187913832477094 0.1111433556016632 0.12401848205526086
0 0.18635772761533356 0.9419638039680843 0.0652990233502253 0.06519798415153516
0 0.962343728604284 0.8367315119236498 0.07531254279143204 0.1168069435937224
0 0.26622125787086853 0.6000531582840558 0.08520155818504858 0.08119085501472949
0 0.9062503562979045 0.9480445734591273 0.0857613628550937 0.09321008578396026
0 0.9967203499381673 0.7124672536500385 0.006559300123665406 0.10370867785674366
0 0.5188029872077711 0.7787218771743982 0.06300713813038811 0.06740560606286677
0 0.9330414462037251 0.2892924168179409 0.07284644461379076 0.07299819534061772
0 0.6438326344049471 0.8152697333562114 0.06848659604213453 0.08222113147097304
0 0.6945966198980863 0.8768865258988126 0.08576136285509342 0.09321008578396026
0 0.7916689947175333 0.39030350725531526 0.06037937010852391 0.062401689512659786
0 0.9584168110955995 0.21712787695888613 0.037849067251836635 0.04140490209925847
0 0.43908088693446873 0.712346547567775 0.09101689889882209 0.1032179188843745
0 0.39151772984262906 0.8736987746053223 0.0481362174712751 0.05661287599239437
0 0.44205779346775037 0.9305078748402309 0.09252505758059607 0.08418337389611981
0 0.15328339154666576 0.8231206867176273 0.05076398549313936 0.06161679254260122
0 0.23713792644730633 0.3869449028054769 0.11662281351340963 0.13883400746336713
0 0.455933965132268 0.251543827755702 0.06255929439435202 0.05779022144748215
0 0.36050455112213287 0.20783338998993758 0.09124082076683998 0.1080256111920666
0 0.1882146685106205 0.26201863567098205 0.05557167780083167 0.06200924102763043
0 0.09782349653089083 0.3264812748282946 0.060379370108523976 0.062401689512659786