0 0.11043209786569688 0.3884877230940552 0.0701482198302113 0.07049473436811154
0 0.3882987594627062 0.4157708533883191 0.10218181362952695 0.0900891302697897
0 0.18004778572846636 0.7752980113107679 0.10468360900828753 0.09252094770601332
0 0.015061845511166311 0.7707823333374123 0.030123691022332623 0.07041082052097855
0 0.550266518689875 0.1001973805880385 0.08967283673572392 0.07793004308867078
0 0.5938336872772912 0.15241152726090534 0.11179719824491158 0.09020101539930003
0 0.686136891138082 0.1594980370170586 0.08717104135696346 0.07549822565244704
0 0.6581886408899269 0.3732165744503455 0.06534052752251895 0.0704387918033563
0 0.8703495104427093 0.5079595139670574 0.08555078900243274 0.09470102360083867
0 0.8413808665109879 0.15649449242272195 0.09246847978922791 0.08757339898643304
0 0.2551770469728426 0.023411633880907494 0.07137667528508408 0.04167655180433523
0 0.16540626101220424 0.1017315907922367 0.08236334904927095 0.07544228308769181
0 0.8117144146833877 0.35335813549670814 0.0927623274639712 0.09478493744797152
0 0.35743038455818305 0.6126205108211165 0.07005027060529684 0.06809088821426525
0 0.5542111271732514 0.7411720216177586 0.07274796443388641 0.07533039795818133
0 0.6025696274945914 0.5577533026489472 0.07005027060529684 0.06809088821426525
0 0.932614809184604 0.3078677139743997 0.045620012167177586 0.058195790775104575
0 0.9468277257102289 0.4607497006438401 0.07265001520897184 0.07292655180433517
0 0.2872271084547756 0.9485016472237042 0.07014821983021133 0.07049473436811127