0 0.9548851598577706 0.44212175298397355 0.09022968028445888 0.10795128624006417
0 0.2606429165855513 0.32602385492243574 0.12556643252474026 0.11818212239850437
0 0.30279934401833936 0.8436330750241985 0.07558617356966398 0.07619773497756419
0 0.8312862394220808 0.033115285247862926 0.12411094038262313 0.06623057049572585
0 0.3845595822973324 0.4290235537479164 0.06278321626237006 0.0590910611992522
0 0.34541633644969705 0.26027975172537365 0.07592205637169104 0.08340927343910264
0 0.28251470954757507 0.5372825657595084 0.05808748488868684 0.06138300707254274
0 0.2704164789688589 0.6133673955174678 0.0578635630206688 0.056575314764850435
0 0.12204629095815155 0.14034323942051272 0.07340624928383586 0.08094947714497867
0 0.684194194817291 0.7397011544326918 0.0805058268113653 0.07871348141196595
0 0.13995027676650287 0.8089201959612713 0.09364466692068614 0.10303169365181639
0 0.3042877972849801 0.9530920002346152 0.09996051791015258 0.08396877484188045
0 0.43679545142037457 0.33636257160523475 0.06747894763605335 0.056799115325961665
0 0.4725533578289588 0.02501256429807674 0.07972210027330216 0.05002512859615348
0 0.028576193293174092 0.1485349102759615 0.04707590252553716 0.08273787175576928
0 0.8315431224146224 0.10578112681458264 0.08324555576723852 0.08598097001378215
0 0.8882870760952012 0.13574427358819371 0.08028190494334726 0.07390578910427358
0 0.6965918549972107 0.10170279620859984 0.1175711675251388 0.10118734890074797
0 0.28696349971075946 0.6069661291509079 0.07262252274577279 0.0641225540680556
0 0.24120165934510662 0.9677958327981302 0.07709433225143804 0.05702291588707262
0 0.24679934974765266 0.20963314195186944 0.07021867659192657 0.0640666039277778
0 0.7612456241621627 0.5598303090682152 0.06747894763605335 0.056799115325961665
0 0.4548574368476966 0.8533293700328523 0.06004348730649685 0.05182357259743607
0 0.9608011299832648 0.6851340150835461 0.06552294521824328 0.06635854980106834
0 0.1634254415586195 0.30542532207200845 0.0578635630206688 0.0565753147648505
0 0.1123751040247147 0.5785426161739851 0.057975523954677824 0.05897916091869659
0 0.6448730657865996 0.41213565583546957 0.06267125532836111 0.056687215045406046
0 0.5488311805667624 0.4167775076004269 0.05327979258099447 0.06127110679198712
0 0.5366044194172992 0.23176527896468974 0.05031614175710321 0.04919592588247868
0 0.4140345988409739 0.20935037643333299 0.05098790736115733 0.0636190028055556
0 0.5901771918937544 0.06447316577222173 0.06289517719637908 0.06149490735309836
0 0.12658070878551653 0.23769900865128196 0.06770286950407142 0.0616068076336539
0 0.12041989978557785 0.9321038262803417 0.05054006362512132 0.05400361819017099
0 0.38205058121312463 0.9693304418995723 0.055011873130786496 0.04690398000918787
0 0.858371021819171 0.8884568504526167 0.04768837373523929 0.04433228343450843
0 0.8855968779005896 0.4654908227172001 0.0805058268113653 0.07871348141196595
0 0.8898974320778936 0.4028229722963668 0.06311909906439712 0.06630259966079066
0 0.7698960851290805 0.3322192464075314 0.06289517719637908 0.06149490735309836
0 0.4372138261081868 0.7586851727274571 0.0730703664818088 0.07373793868344009
0 0.39513326270648874 0.5527097303904378 0.05831140675670481 0.06619069938023504
0 0.0765083724605168 0.5059806353754273 0.06004348730649692 0.05182357259743593
0 0.1343522300660523 0.6887278882689636 0.07111436406399872 0.08329737315854703
0 0.318236340904288 0.09005427592451896 0.04813621747127513 0.053947668049893184