0 0.7415865384615384 0.6085764420885054 0.07692307692307693 0.0953775214833108
0 0.7944711538461539 0.9406749304159738 0.08173076923076923 0.0812064050375562
0 0.8629807692307693 0.6846499826024322 0.07451923076923077 0.08323231047541887
0 0.9819711538461539 0.30867446595462095 0.036057692307692304 0.06919739588760973
0 0.9098557692307693 0.3553758280255555 0.06971153846153846 0.08538419615194283
0 0.640625 0.15857373360319826 0.06971153846153846 0.08538419615194276
0 0.17908653846153846 0.25097206624179463 0.06971153846153846 0.07817265769040437
0 0.28365384615384615 0.4379425912389395 0.07932692307692307 0.08829196326043351
0 0.07572115384615384 0.5832953005947495 0.07692307692307693 0.08095444456023401
0 0.21754807692307693 0.6868819808296038 0.07692307692307693 0.07374290609869569
0 0.49158653846153844 0.611099497267745 0.07451923076923077 0.08323231047541887
0 0.5721153846153846 0.8617140660321245 0.07451923076923077 0.08563615662926502
0 0.32211538461538464 0.8077467365959797 0.0673076923076923 0.06843129283635872
0 0.1658653846153846 0.8380195595445428 0.06490384615384616 0.06590146644385114
0 0.3317307692307692 0.9380583498583166 0.06971153846153846 0.07336496538271192
0 0.7632211538461539 0.18182564885184033 0.06490384615384616 0.06109377413615895
0 0.5709134615384616 0.4686222297589478 0.06009615384615385 0.06564950596652895
0 0.3786057692307692 0.11359188758913218 0.07932692307692307 0.07146504018351049
0 0.24639423076923078 0.363874512924307 0.06490384615384616 0.06590146644385128
0 0.38100961538461536 0.5968909447508703 0.055288461538461536 0.05337831471997585