0 0.43894997695980853 0.2774590491725201 0.08458487058346019 0.0826817928316079
0 0.8079976008597515 0.30923713527643854 0.0771214996496256 0.07538634052293657
0 0.5920025417985677 0.734999301461612 0.09436814351370898 0.08760137026881054
0 0.253598161102548 0.16899395791510646 0.07720544380705754 0.07779018667678274
0 0.6634654698991482 0.8532064901704236 0.09677198966755512 0.08762934155118803
0 0.8432120730037121 0.5601313742472079 0.11418652184650295 0.10465206360475457
0 0.5912622606381215 0.3694748296651085 0.08947650704858458 0.08514158155020915
0 0.9285715377487136 0.8008228316726629 0.10680709507010004 0.09976045744992927
0 0.3358174299708669 0.9051154789330789 0.06940629624349448 0.06087934975272692
0 0.933627182040492 0.32581147474664907 0.07463370933834722 0.0729545230867129
0 0.8435745035569145 0.15731931578371153 0.08475275889832436 0.0874894851393002
0 0.6887095821545439 0.1988009106767175 0.07206197486963689 0.06811885949664287
0 0.6022932582628198 0.4787659158179757 0.08947650704858458 0.08514158155020929
0 0.27927363560973456 0.9731084676590225 0.06898657545633405 0.048860118983496154
0 0.1608899058916275 0.7508374543407002 0.07712149964962545 0.07538634052293657
0 0.7592339082669292 0.6344556481051095 0.08234891274447821 0.08746151385692258
0 0.03163923732487577 0.3206757056382518 0.04363554181064345 0.07980243487734244
0 0.35686816389346876 0.23392493328601616 0.07712149964962532 0.07538634052293657
0 0.8703564683671607 0.6487939691157395 0.08268468937420656 0.09707689847230719
0 0.14686745301105836 0.6247474163932873 0.08424909395373184 0.07306640821622334
0 0.5150184470015218 0.9751749742937093 0.0638431065189134 0.0391887918033563
0 0.18491682786425795 0.06157610561622492 0.10065629624349448 0.06124297642363574
0 0.5987561150342409 0.06758235273958414 0.06211081362452393 0.05839158975174788
0 0.39428045133650585 0.5821889271287437 0.06691850593221624 0.058447532316503015
0 0.9183456686972409 0.9211829670592363 0.1076160022327364 0.054115351809230106
0 0.6264042772410814 0.9281872470988849 0.06202686946709171 0.055987743597901624
0 0.4227564646024366 0.39909103584196054 0.0893925628911525 0.08273773539636299
0 0.4473596599088593 0.5527134194290936 0.0724816956567972 0.08013809026587364
0 0.14805415983153897 0.9686232871639867 0.05738706547426368 0.06073949334083896
0 0.13529081836305143 0.4998313302404203 0.0842490939537318 0.07306640821622327
0 0.29353643234616855 0.7961880194511205 0.06949024040092656 0.0632831959065728
0 0.4525222255909326 0.700549957890632 0.06202686946709171 0.055987743597901624
0 0.23568006587780713 0.8954589794594418 0.05721917715939954 0.055931801033146655
0 0.04402477913551923 0.39989074358566457 0.06236264609682016 0.06560312821328623
0 0.11398432053054347 0.3028837733193014 0.05738706547426371 0.06073949334083883
0 0.7983860967325769 0.7915159732287461 0.057387065474263574 0.06073949334083896