0 0.3258216450565279 0.4882728550445811 0.1292999361663864 0.12089156608304755
0 0.45064517012015265 0.17278163184251352 0.10788333610183844 0.0919335308943753
0 0.6407448419939434 0.42276684531954933 0.08238765400752421 0.07256290998545804
0 0.1797650919061131 0.7510263071240887 0.14536238621479752 0.14261009247455164
0 0.7856971244612561 0.8087721514222073 0.1276247002904666 0.13049296553061723
0 0.06970728023670866 0.23747031060552917 0.07240796425317643 0.06769927700650659
0 0.33641667920393853 0.6972536335832338 0.1292999361663864 0.12089156608304755
0 0.0920978522001764 0.7347168352563131 0.09418886945668771 0.10146500450287131
0 0.7231532661933137 0.2072380224354116 0.08996349760802556 0.07741255779659485
0 0.8409030261646363 0.3339006546950735 0.08792395659314259 0.08220626493647237
0 0.8771206814416875 0.5535449040800711 0.07849072454723983 0.08455417041905924
0 0.2827468205989651 0.8189065899570382 0.1021648809467382 0.07988632978951507
0 0.1724530622342006 0.26090041734404706 0.08256980657700573 0.07496675613930427
0 0.19740654484489983 0.011536742479620289 0.06672537184866187 0.023073484959240578
0 0.4727309087036422 0.4045220304197232 0.11119794510309237 0.10396674683142083
0 0.5727000229586653 0.9085255755780648 0.07812641940827666 0.07974647811136694