0 0.6785438471203382 0.9485254644321943 0.09880267506171127 0.09773369916791698
0 0.9176799629434382 0.23267423387201905 0.11180302704351529 0.11059339642685319
0 0.3248353676296772 0.8317719526055947 0.0705943491867716 0.07425005750594894
0 0.4942823405861618 0.7408454720378538 0.09080623963011411 0.08761403465870862
0 0.5959322508251648 0.2878544987030547 0.10822183543458135 0.09600222620583522
0 0.6409908872023653 0.649524028216595 0.07618693846452264 0.08420162871721579
0 0.4252084317297546 0.7730622884842352 0.07260574685558843 0.06961045849619787
0 0.6402321547828049 0.15710525994031604 0.09080623963011411 0.08761403465870882
0 0.3796818287072735 0.9732714857280406 0.07422469603937588 0.053457028543918955
0 0.6371647128394121 0.5440909840432465 0.09860645081919674 0.09532985301407056
0 0.9771992369577582 0.7050635097690884 0.04560152608448357 0.07441815080389019
0 0.8587595676237091 0.7113593317333557 0.07020190070174201 0.06944236519825663
0 0.9167947718252102 0.865995412086545 0.08300602844103147 0.07989821630334695
0 0.417655385321603 0.21204985817437016 0.06779805454789613 0.06927427190031551
0 0.06156605037026778 0.549253576162511 0.039148124944256915 0.06966099847886817
0 0.26863892264589884 0.9485436176814444 0.10204057342928631 0.0788391165330297
0 0.8767650263522176 0.3756107967019296 0.08899106620381211 0.0946574798223061
0 0.4530494818397487 0.6017250750443588 0.09021756690257021 0.08040249619717042
0 0.8640831916238547 0.469133926746353 0.10042162424549872 0.08828640785047334
0 0.7540937510779783 0.8199614385426904 0.06980945221671292 0.06463467289056432
0 0.3116657494201883 0.09947284883852361 0.059997843358813634 0.06155845354495371
0 0.9797626392874493 0.6384281906531607 0.04047472142510135 0.07905774981364125
0 0.5670621144554246 0.12450227688182194 0.05720154871993813 0.05658266793932026
0 0.8519394858167855 0.9900387921976683 0.05960539487378414 0.01992241560466331
0 0.24428293568441053 0.5476896365319306 0.08359470116857565 0.08710975476488542
0 0.7759741426809441 0.6780839754830971 0.08020973380215625 0.0749224306977134
0 0.1533298254215347 0.3704356509978144 0.07221329837055908 0.06480276618850557
0 0.1707955683000864 0.057355561129985515 0.06220546527014511 0.05932270068904867
0 0.07917747368508374 0.6771617022101807 0.05474854732242186 0.08509263518959205
0 0.10750928276744745 0.453276059981571 0.0780021118908247 0.07715818355361857
0 0.872447696284729 0.43984226966401113 0.11337282098363269 0.12982416565762242
0 0.4667372137686029 0.4473241013217113 0.0540128055960334 0.046799190025994565
0 0.15293777366867117 0.24851187034342506 0.055386375293636 0.06362611310291758
0 0.10873677529662008 0.1462308554896927 0.06220546527014511 0.05932270068904867