0 0.3563048541437656 0.4175831561911564 0.08533795786981511 0.07978843361481143
0 0.5735452588703112 0.5233376004374228 0.07961950271471488 0.0677412325099511
0 0.895611107584647 0.8064452236913424 0.0646499680831932 0.06044578304152391
0 0.2065628107440537 0.790012289378682 0.07481181040702257 0.06771326217432151
0 0.16451859112784223 0.044736070679485554 0.06705381423703938 0.06045976820933856
0 0.8783316419005733 0.9592572764743509 0.0648321206526748 0.06284962919537006
0 0.985508036392305 0.47272936198602167 0.028983927215389935 0.07247899897856933
0 0.9005164522861602 0.1570920958770481 0.1136017912569384 0.10398073199923563
0 0.5063522518557588 0.8267466596150932 0.06501427322215637 0.06525347534921622
0 0.4282696907154246 0.14541011184567126 0.07018627066881186 0.07008913799253796
0 0.6780158126447717 0.20407977857471588 0.07535826811546734 0.07492480063585984
0 0.7771916881620802 0.14818995482021807 0.08144102840953046 0.09177969404841256
0 0.16782094638690984 0.38982085285064916 0.051537821897073045 0.04595278027937292
0 0.8698143294028815 0.24384732751663896 0.074629657837541 0.06530941602047523
0 0.7981600038443072 0.5677240419215385 0.08053026556212253 0.07976046327918186
0 0.9218726821157498 0.8832494266879938 0.06945766039088551 0.06047375337715321
0 0.13477728792532312 0.9058654078850931 0.057074124482691606 0.0555961352303871
0 0.06846859593322628 0.7607543744371411 0.027281345038544222 0.07464509727956398
0 0.916132037360527 0.6488045008489197 0.07240796425317643 0.06769927700650659
0 0.9860207604625788 0.7913858216326924 0.027958479074842356 0.07966256710447822
0 0.44915402715429403 0.960551705852369 0.06891120268244076 0.053262214915614746
0 0.7904600600250323 0.7517441392011025 0.06206396935986547 0.05802795171986283
0 0.659398069922815 0.8787641945951911 0.07535826811546734 0.07492480063585998
0 0.4766670606633685 0.7523672805240103 0.04913397574322691 0.045938795111557996
0 0.5639907654221881 0.8733069933392603 0.07980165528419647 0.07014507866379696
0 0.9774810695929291 0.9261410579262249 0.045037860814141725 0.07008913799253783
0 0.7605238295785421 0.8962126562847232 0.059295818067056416 0.0532062742443556
0 0.8140266281727737 0.8405885507187065 0.06741811937600253 0.06526746051703086
0 0.5549053265482319 0.9755683510524253 0.05616336163528365 0.043576904461156335
0 0.3867257526554653 0.898387349879924 0.07295442196162118 0.07491081546804505
0 0.20741977946558302 0.848927497899635 0.0646499680831932 0.060445783041523635
0 0.9622661733404142 0.9719959420308941 0.06836474497399628 0.04605067645407628
0 0.7206796348788758 0.9734014513962813 0.07076859112784242 0.046064661621891205