0 0.6453122739732422 0.43225551921478605 0.0830734665329398 0.08025335057016815
0 0.6517949843852846 0.8036497499840168 0.0759038873620941 0.08236334904927088
0 0.6193917276457808 0.2546423092704065 0.10736368381555841 0.09565591974238963
0 0.4659137706003218 0.613513301198211 0.09049480144794231 0.0925664290141422
0 0.9822073894825928 0.9327472568566549 0.03558522103481438 0.08138385680012633
0 0.7459265952794323 0.07243156741578671 0.07088639860093775 0.0701482198302113
0 0.13789031530369064 0.88119733354756 0.08066962037909366 0.08015540134525387
0 0.583534394976012 0.6086974286036344 0.09285668831109571 0.09026053208521062
0 0.5046000018684934 0.6967622834151541 0.0830734665329398 0.08025335057016801
0 0.23222166208121287 0.9817936074873904 0.09450526723247094 0.03641278502521918
0 0.8286333472713934 0.9573856841749298 0.08783919954993936 0.078045402866151
0 0.14715302322609838 0.10448362041501645 0.0978741770722522 0.10247566130427024
0 0.8058448513927252 0.8903983719199305 0.06848255244709159 0.07005027060529684
0 0.5404661475992538 0.48083036870316576 0.0953864123370204 0.0975700197716635
0 0.7034025711725829 0.9390711706332245 0.08800703671271065 0.08766078748153561
0 0.9640722802176074 0.7120117399804162 0.07185543956478514 0.08005745212033916
0 0.26471616820337773 0.5092296693764656 0.051529751498089985 0.06215308756935724
0 0.9374154576640653 0.5150208369678958 0.08564514984955725 0.08996668441046733
0 0.22065852397197483 0.5999167110261681 0.09049480144794245 0.09256642901414235
0 0.39758961850046093 0.8965835421460127 0.1075315209783297 0.10527130435777411
0 0.23141562249705747 0.8033355587009113 0.11739866133787125 0.12008617818050901
0 0.35131210914025013 0.10319391991735995 0.08315738511432545 0.08506104287786045
0 0.9135183941054004 0.1092871154704178 0.06380073801147781 0.07706591061700643
0 0.3667537518697607 0.5061809729737913 0.08783919954993936 0.07804540286615086
0 0.7645367882108006 0.17528067352864937 0.08551927197747872 0.0827551459489288
0 0.4141289098347116 0.8119816228713326 0.06106121753208896 0.05773719216132278
0 0.8199389610369858 0.32166632570753645 0.061229054694860105 0.06735257677670739
0 0.5258420872837043 0.6063466472056876 0.16286194180748398 0.10992798268465265
0 0.9205018862369425 0.30294365469240486 0.07341612262686244 0.07745770751666416
0 0.9118217726011549 0.21851519163304614 0.10027802322609822 0.10257361052918466
0 0.589049311933305 0.7182193524410061 0.07337416333616968 0.075053861362818
0 0.4907610014917529 0.9945392771565952 0.0678112037960063 0.010921445686809724
0 0.5751215571920995 0.12672627475748058 0.09302452547386714 0.09987591670059516
0 0.7796880694288247 0.2863963173426019 0.0732902447547839 0.07024616905512583
0 0.3245152534913186 0.7698959630879595 0.0636329008487064 0.06745052600162182
0 0.12789792082661952 0.37754258970433346 0.06367486013939928 0.06985437215546798
0 0.7751436756950952 0.6453305458304869 0.10774131743179374 0.11729053512700488
0 0.8220728015701428 0.5127231203258484 0.08315738511432559 0.08506104287786045
0 0.6445144236955295 0.8682107738506625 0.06839863386570581 0.06524257829760452
0 0.4089591040185018 0.37818534132701626 0.07569409090863005 0.07034411828004011
0 0.09149574113239296 0.21871937747860815 0.07822381493455467 0.07765360596649315
0 0.13230364634936675 0.6299464358581797 0.07134795079855885 0.09659052752251895
0 0.2624266570918043 0.17163620859845274 0.08041786463493672 0.0657323244221768