0 0.41238139771913845 0.720450440953756 0.1282070207494969 0.11276963551321892
0 0.5364541229047143 0.8102435299105569 0.1146947066738279 0.12394881771317127
0 0.253985687860775 0.888324477554468 0.14904130035501473 0.16663430756199313
0 0.2492303702706846 0.7624025706673044 0.1433587079505003 0.12322506869788222
0 0.5377386058167186 0.33765403999657795 0.18320574146671995 0.20691595125696832
0 0.6752741091769148 0.699863643130278 0.12019514650886094 0.16495421042343578
0 0.6561551864227325 0.8423443111750503 0.10934055665769091 0.11645726306187335
0 0.3931713986802153 0.8617291859216052 0.13225024002867733 0.13454425899271444
0 0.2281516275201472 0.278937623284023 0.131521629750751 0.1249288743773297
0 0.7038191669356172 0.1606546471125606 0.13447193361304188 0.13228042093374792
0 0.9513794580311855 0.41009237158258066 0.09724108393762904 0.1119295869439405
0 0.9215536546530055 0.8733702016118248 0.15689269069398895 0.21258740067482926
0 0.09280621321855964 0.18250488251564773 0.13046741590100047 0.23734961122857984
0 0.35460458985116994 0.06851810492936918 0.11305533354849377 0.10231420232855594
0 0.5033976897686382 0.610876161506651 0.10897625151872767 0.11164957075418104
0 0.3424475857127029 0.5081656434343459 0.14572669135376076 0.1544750686978825
0 0.1325871988667144 0.6443233602438687 0.13534683370986414 0.17540964360809908
0 0.10836942357532452 0.7984732388206722 0.10963313629548271 0.1834849391798059
0 0.24281774817996718 0.6304010443480857 0.13501839132148666 0.13949195939528636
0 0.19854525887031116 0.5356828419543723 0.10842979381028305 0.10443803229264258
0 0.2091417124259984 0.4070652184531581 0.1374222374753328 0.1396319674901661
0 0.15818904980450899 0.4926473318683513 0.10416855921103543 0.11136955456442156
0 0.352130437604429 0.20957498348445353 0.13873316821228948 0.12534889866196897
0 0.3632776070933908 0.32509960696394874 0.09418886945668771 0.10600182987721007
0 0.48809829334046245 0.4879299874232978 0.14390516565894493 0.13043660715942096
0 0.4588628059386697 0.10211267973099007 0.07350087967006594 0.08565099588740271
0 0.5047718295571066 0.060511691829871476 0.07426535269857783 0.0641563885976671
0 0.5398470335162198 0.11281256629407768 0.08533795786981511 0.08394719020795541
0 0.728982669349027 0.9506918374291117 0.09513549505468132 0.08691106874132068
0 0.7536959470395364 0.9873710766190091 0.08646673603729045 0.025257846761981832
0 0.8470070775828488 0.913291092374386 0.087741804023661 0.08408719830283519
0 0.8210574334731072 0.9634198397460398 0.09921457708444728 0.07316032050792032
0 0.9805002601398383 0.5692943958455009 0.03899947972032354 0.09328255863358045
0 0.8330322850420928 0.5235761449911045 0.1038042540720722 0.10656186225672926
0 0.7180464181387496 0.41157655399972415 0.14900543760442903 0.19774429946711314
0 0.9631254599461939 0.3927635659031334 0.07374908010761225 0.0888948906105275
0 0.6593923922897087 0.6008159224905065 0.08978134503854426 0.07941951409002261
0 0.9750252979594679 0.26273400718267637 0.0499494040810642 0.05342093922324436
0 0.8513924124008696 0.7184976955949628 0.06963981296036738 0.06628021856175355
0 0.34048260901554445 0.6085671495163653 0.04913397574322691 0.048333230725792584
0 0.8442483412156725 0.4189269789809119 0.12099548228795844 0.11234961122857985
0 0.7771393134444782 0.32287869968584076 0.07499396297650389 0.07377177321305171
0 0.8436273191895034 0.3159816186501666 0.07812641940827666 0.0835271659233161
0 0.8893362588631659 0.28753178054776196 0.0666895090980762 0.05892867200533548
0 0.5753323412228178 0.6916494610389216 0.06392135780526687 0.05398097160276358
0 0.8199838688397871 0.9918750441960518 0.07408320012909651 0.016249911607896357
0 0.9701376241670961 0.4872954646954172 0.05972475166580766 0.0657201861822346
0 0.7885719655298487 0.11054648508465045 0.08384487456337689 0.09582641288230641
0 0.6466718975434775 0.08552908845726095 0.09790364634749044 0.09185876914389272
0 0.6028576284740788 0.15477430712761034 0.08919902457951381 0.10331796753360442
0 0.1163576888075614 0.4459360485041213 0.08275195914648735 0.08140333595922956
0 0.0680835206024171 0.6142408420846871 0.054926995216051586 0.15636629955398965