0 0.6815004451854741 0.8784543227110699 0.11976054820102451 0.12190624513536637
0 0.5317872814725642 0.6300177121104029 0.1417308379111826 0.14277638749146987
0 0.7369141608414652 0.3928236055082683 0.12212243506417791 0.1196845515510018
0 0.38017105332530776 0.5595567931790921 0.09306648476455989 0.10547948994799228
0 0.1892927066699859 0.25624982030480525 0.10263991008925168 0.10380425407207233
0 0.5037201042730419 0.3763567293454786 0.11246509115810054 0.11655209511922944
0 0.23419897353078603 0.6483872543948129 0.10757348026902246 0.1113800976725739
0 0.21355375500081536 0.8658621864084419 0.13207349400510518 0.13964393105969736
0 0.06943607330322085 0.22791142259995728 0.10280774725202302 0.11341963868745694
0 0.03434344468146365 0.386236826365426 0.0686868893629273 0.10420442196162118
0 0.33849292207904136 0.18932720332792213 0.12220635364556355 0.12449224385869412
0 0.6532167644857615 0.0856031912066808 0.0926049325669387 0.07903718225568448
0 0.46652405157901466 0.8525362831270844 0.12203851648279213 0.1148768592433095
0 0.14573919768144591 0.614003378554764 0.08560319055886446 0.0905099553164706
0 0.6698460576935751 0.23609887330099494 0.09770633990948105 0.0962284104715707
0 0.8516781999266798 0.29922131473544084 0.11735670204717835 0.12172409256588478
0 0.9467897708599314 0.9178129508695533 0.07822381493455474 0.08034811299264123
0 0.48507068181979485 0.27264497096642365 0.09289864760178859 0.09586410533260753
0 0.7734929907594547 0.08990312737306727 0.08762940309647532 0.06905749250133672
0 0.8531826510994444 0.14408216152762313 0.1075315209783297 0.1089762515187278
0 0.4118163130635265 0.26348354836646637 0.08303150724224705 0.08071241813160433
0 0.4138519624166777 0.6295056977442672 0.11010320429494715 0.11877378870359387
0 0.038719377497872846 0.15444782508875368 0.07743875499574569 0.09254949633135351
0 0.6899734921366117 0.5998813977191385 0.11727278346579285 0.11691640025819247
0 0.6044089073450769 0.3996321372637048 0.09534445304632765 0.09845010405593527
0 0.9186684677853616 0.5293544309197628 0.12469411838079535 0.129482088735868
0 0.8566144998752647 0.08537008332787391 0.06561715409562432 0.04578350399138715
0 0.5640747209100792 0.9176968461681365 0.0830734665329398 0.08311626428545028
0 0.3572803889887216 0.423028806584151 0.09285668831109571 0.09346025917876137
0 0.154901843160201 0.5027709901093625 0.08079549825117217 0.09014565017750743
0 0.09726303758839196 0.15058817778733152 0.06856647102847724 0.07721565656086873
0 0.22132566059452966 0.7653560293706074 0.07337416333616954 0.0775799616998319
0 0.14155208167315445 0.7159846875237439 0.06363290084870643 0.0696398129603671
0 0.11321552260749196 0.7535533945131673 0.06122905469486028 0.06945766039088551
0 0.4260688230550178 0.4811958464837321 0.07586192807140134 0.0825698065770058
0 0.5597185202299184 0.06407616407382244 0.07767834415554785 0.04909811299264118
0 0.5435039841459535 0.7861587044503693 0.0709283578916305 0.07499396297650417
0 0.7413326767031163 0.7602298305324738 0.0611451361134746 0.0646499680831932
0 0.8280782049262277 0.9617720903495713 0.06844059315639857 0.07000411809933027
0 0.745063700051415 0.27068283308581836 0.07586192807140134 0.0825698065770058