0 0.17759181363810703 0.6544097703640526 0.16375138257860375 0.17198375667386592
0 0.7080614010273916 0.6522850140477731 0.090569055162786 0.09258982026434218
0 0.6546101749690837 0.10013154851255755 0.1106955118656274 0.11316533587864051
0 0.49071091270250417 0.6976295810834928 0.06311909906439712 0.0691061786023744
0 0.3614991219677759 0.4088230593846671 0.13607750461219695 0.1436924227042057
0 0.11165380765939906 0.2225073891787802 0.10063228351420662 0.10287757807149138
0 0.3407997830344514 0.6116453794550851 0.06311909906439712 0.0691061786023744
0 0.8379909960511357 0.8011641789296984 0.08290967296521118 0.08247015575513436
0 0.40597376789022965 0.8976948350878123 0.06289517719637908 0.0642984862946821
0 0.9061710001905147 0.02245972845727071 0.0677028695040714 0.04491945691454142
0 0.7005799020128733 0.8023320353738813 0.06071525291055097 0.06893808530443343
0 0.05862444836520328 0.5855551717421499 0.0618348622506411 0.09297654684289483
0 0.9636658974335851 0.4185664738560473 0.04768837373523929 0.04646300343011234
0 0.1605868292291754 0.05629758129254824 0.12008697461299385 0.10903001676271273
0 0.9756718724934255 0.5252267110976541 0.04865625501314897 0.07973012300540584
0 0.6066323134146837 0.778755550421538 0.12534251065672222 0.11898158797397958
0 0.9167117194751474 0.057686870849542195 0.06552294521824328 0.06927427190031556
0 0.8257808045384104 0.8755740930586234 0.11813097219518362 0.11847730808015637
0 0.5782798638405754 0.1959069047628162 0.08335751670124754 0.09208554037051883
0 0.9347869606118598 0.7823371695938519 0.0953767474704783 0.09292600686022467
0 0.7029080622845818 0.9299880214746392 0.10515675955952894 0.04568955027300703
0 0.75998109276354 0.42075112676284204 0.06781483043808041 0.06703851904441048
0 0.2804436104173606 0.9209428101527986 0.0730703664818088 0.07699009025567732
0 0.7980870430079181 0.5398760980098676 0.08257379016318439 0.07525861729359576
0 0.8603104546002431 0.5813468424844163 0.09537674747047803 0.0929260068602244
0 0.37790139880009604 0.7609865209231287 0.06289517719637908 0.0642984862946821
0 0.20863777533417457 0.9585215788169262 0.04265675955952881 0.04131912452653753
0 0.6928083807323375 0.35068636838905126 0.10521605395388096 0.0984060723596814
0 0.852101031365714 0.27563814770110184 0.05752768021864195 0.0519430689295691
0 0.909516750650347 0.3174450787715327 0.08609724565712075 0.09946517212999845
0 0.7979156095306047 0.04428882706404222 0.062447333460343 0.0546831016792975
0 0.3651476159561593 0.20236970009214475 0.1401014703818261 0.12720168622316486
0 0.23418090347811032 0.4454602815937484 0.058199445822695796 0.06636614585264602
0 0.18906100337038326 0.35697171381259374 0.1100237462615732 0.09874225895556367
0 0.23961414455594265 0.1737668895514976 0.06267125532836111 0.05949079398698979
0 0.30238741903627003 0.0717045079783767 0.06289517719637908 0.06429848629468213