0 0.9331104069571493 0.05296212217838576 0.0727722693921396 0.07289858052195762
0 0.8716603625820701 0.4035180770454489 0.08774180402366127 0.08027794667776174
0 0.33893237183437147 0.5597219097953123 0.09845010405593527 0.094812908730349
0 0.1656567842209506 0.4650759866939148 0.07295442196162116 0.07530242667580385
0 0.6329811681908539 0.7592296811192963 0.07721565656086873 0.06814683077902063
0 0.42866560038014356 0.12167731185426302 0.07980165528419647 0.0705786482152443
0 0.47890474528244636 0.3953390031459409 0.11840948356463084 0.10465206360475457
0 0.5532333070325359 0.8749910667506954 0.08588441557825974 0.08746151385692258
0 0.14211240567333186 0.3312709272021668 0.07036842323829344 0.07287060923957997
0 0.123241683356696 0.5644300184840549 0.06741811937600253 0.065631099495664
0 0.17916058184696004 0.9536441528546138 0.0696398129603671 0.06325522462419532
0 0.003921697410808785 0.33792219795083905 0.00784339482161757 0.05805593436321661
0 0.3729297529353347 0.6984605323654519 0.10343994893310916 0.0972726974489504
0 0.5136694382284748 0.39694650981733925 0.0912385655943968 0.09472899488321627
0 0.05321963388207288 0.615343500526363 0.06483212065267481 0.06319928205944009
0 0.6202125569518508 0.9118599262473384 0.0786728771167212 0.08737760000978986
0 0.4762706300663465 0.033210515962374634 0.06188181679038388 0.05595977231552412
0 0.7467887210256732 0.3527427672844008 0.06723596680652122 0.06322725334181784
0 0.1414956418719924 0.19652967181608297 0.09845010405593527 0.09481290873034907
0 0.4977971362669019 0.9844610190104179 0.08446305777299287 0.031077961979164022
0 0.45477520745924405 0.3962612133990878 0.08311626428545055 0.08262585026685279
0 0.2792514784365061 0.7599255949174805 0.0696398129603671 0.0632552246241956
0 0.25821053877713396 0.14856547593398434 0.14944146824456356 0.13383387283943968
0 0.03905540295861699 0.825568153858391 0.07811080591723397 0.06361885129510424