0 0.785630433497679 0.3193994458045785 0.07589479177521924 0.07505386136281814
0 0.1623703927931158 0.7693675212639598 0.08310633023675777 0.07534770903756155
0 0.6203490823875869 0.9557962685594885 0.05224449257202552 0.03571077987704941
0 0.5928597067124788 0.5191512792057689 0.06830531259769729 0.06754847522653626
0 0.8432206545959104 0.7080430190717819 0.08133238527621736 0.08726899058187762
0 0.815481108445871 0.8482986644066318 0.05831198726632946 0.05994513986534008
0 0.9330481447660972 0.13828659614122854 0.07614675225254185 0.07986155367051037
0 0.1370329027945315 0.33743227499301803 0.09878920954644627 0.09997386592550966
0 0.4904817207678151 0.41298207124999603 0.06830531259769729 0.06754847522653626
0 0.3396709746724387 0.1324809523844776 0.08829196326043351 0.08275514594892873
0 0.20596990658792572 0.8299575113781281 0.06324565981268279 0.06254488446901509
0 0.3923240728183001 0.22628401714037696 0.08108042479889505 0.08246129827418545
0 0.5023426460369067 0.5528234774506804 0.08551017639060386 0.07544565826247585
0 0.6355160291209555 0.3231174262078854 0.07855059840638773 0.07995950289542487
0 0.5215137459555963 0.01520058906165365 0.06274173885803815 0.0304011781233073
0 0.23442610809642087 0.21832558906165364 0.06590146644385128 0.06745052600162182
0 0.35907372142864785 0.33438158707304694 0.06349762029000512 0.06735257677670736
0 0.395967407718955 0.9577429826274511 0.06982729708091544 0.050819501374527606
0 0.4722605834487261 0.9666278381994194 0.05414441777122702 0.0261933444865795
0 0.5243398697085792 0.47636770441766824 0.08588811710658735 0.08265719672401431
0 0.8114121751388285 0.19361585200526293 0.07589479177521952 0.07505386136281807
0 0.27106604390701466 0.2744017345428729 0.07096111922886585 0.07245411675914298
0 0.533672628988789 0.3440582167312153 0.06324565981268279 0.06254488446901509
0 0.46348272362081633 0.47045194811452506 0.059445809414279654 0.08157975524995546
0 0.19010482813351312 0.6063243120800289 0.05337831471997585 0.05734539526166507
0 0.9172171815755538 0.3488190330525959 0.06817933235903641 0.0651446290726901
0 0.7651500834995825 0.3897966288405182 0.0731130049053896 0.06774437367636511
0 0.63049049159981 0.7622866531748732 0.058186007027668026 0.05754129371149393
0 0.5916867880897827 0.9305783261786116 0.05337831471997585 0.057345395261664794
0 0.1800570738984731 0.9353573874822085 0.06236379814205465 0.045717961392091735
0 0.6399901175958177 0.809873830127224 0.0831063302367577 0.07534770903756155
0 0.19413108496102804 0.5066136713078707 0.05831198726632932 0.05994513986534008
0 0.02934074818270982 0.49063357859034373 0.05868149636541964 0.06254488446901509
0 0.5670984083098978 0.7360851284014095 0.06564950596652895 0.06264283369392952
0 0.8187343614101017 0.12255546662942973 0.09575546219929429 0.08785668593136443
0 0.409608919563089 0.019832780082303506 0.05818600702766816 0.03966556016460701
0 0.9239554639403 0.4948659530877245 0.05312635424265339 0.05253770295397276