0 0.8865697387182581 0.3479576194190303 0.10106707546163125 0.09766796899657794
0 0.42579392982503106 0.5954395705753499 0.11396816790149017 0.11498463819807316
0 0.22704591291669354 0.5333701702832838 0.08626605782257084 0.08986873518555277
0 0.7750189593971494 0.7368011812795049 0.08841794349909467 0.08515899210277503
0 0.3666188637230165 0.15286456297086387 0.09094776989160198 0.08766078748153554
0 0.5060487118593611 0.4104107434327186 0.13635866471807254 0.1302892581453802
0 0.7360858252424443 0.8635459152368996 0.10144501617761474 0.10487950745811639
0 0.1605247668988207 0.4083252858142688 0.08373623143006353 0.08736693980679205
0 0.21936788957163056 0.6386006803154852 0.0785505984063878 0.07995950289542474
0 0.3997686593234525 0.9834811865454434 0.07931670145763889 0.03303762690911327
0 0.030391902375191293 0.4426015399824357 0.017698563128267 0.0630876953494867
0 0.5044602868507959 0.7233780473227832 0.11890184044784363 0.11758438280174816
0 0.5393876074165542 0.4057724171969055 0.10663064920129053 0.11228694436948371
0 0.16861982743461276 0.7000987458318331 0.07602077201388048 0.07745770751666416
0 0.812877811117218 0.887064008129397 0.09410749747741512 0.10218181362952695
0 0.3832142695611856 0.057592259841247766 0.07070915875154345 0.06764642445145072
0 0.7496186088779999 0.3207888728267486 0.07842461816772656 0.07755565674157872
0 0.11405837247265666 0.27690143129548805 0.11396816790149013 0.11498463819807328
0 0.7207502217908868 0.9773256430821047 0.08931002678900714 0.04534871383579068
0 0.4823252009175524 0.4154408665681895 0.0963853633926001 0.09987591670059523
0 0.43416139407671384 0.8008704675042816 0.08082846432157272 0.07765360596649301
0 0.21124050377436043 0.20889991412651027 0.17177623421317484 0.16531439344802862
0 0.21437288730957205 0.9094517019007851 0.11245640503755627 0.0861384843519193