0 0.7957489409541669 0.3704976620045889 0.06541098428423453 0.06723596680652094
0 0.282001121711444 0.8345942550331492 0.07273448367978173 0.07018627066881186
0 0.784079026845306 0.9977391556105097 0.04539648851540189 0.004521688778980549
0 0.651979271168824 0.575186051403922 0.060379370108524184 0.06206396935986547
0 0.9443364229781971 0.7578288231951809 0.07077848126197167 0.07961950271471488
0 0.9496842145408013 0.89836274691044 0.05042810269111223 0.054123820620400935
0 0.8985709123872923 0.18666006417778985 0.0656349061522523 0.07204365911421326
0 0.15417890086978556 0.4045223894064783 0.08816520900893977 0.09291380147031675
0 0.5237587373523913 0.4708532709986978 0.06037937010852391 0.06206396935986547
0 0.30842999554540906 0.19344214810827387 0.07776609785549209 0.07535826811546734
0 0.34106660780903586 0.8941633019544277 0.05534775593281356 0.056891971913209986
0 0.3810261850213533 0.28637388095388333 0.07295840554779978 0.07499396297650417
0 0.5686020490524434 0.6107869428796336 0.07513832983362789 0.07036842323829344
0 0.64634826334385 0.37714197256583665 0.06803875230609845 0.07222581168369484
0 0.4578503785708593 0.05864744973996085 0.05512383406479552 0.05208427960551773
0 0.22276420213653875 0.28276527290656095 0.057975523954677824 0.06188181679038395
0 0.37530309982645566 0.39492919439121627 0.0555716778008316 0.0616996642209023
0 0.5612490806086721 0.9985201406060379 0.06429137494414419 0.002959718787924277
0 0.572174857158689 0.5332084005880784 0.0778780587895011 0.07776211426931348
0 0.7910729149956169 0.2443868152124066 0.06541098428423425 0.06723596680652094
0 0.27319230482765106 0.3368890935269616 0.06060329197654195 0.06687166166755777
0 0.5504479862551979 0.40101479350183283 0.05534775593281356 0.056891971913209986
0 0.510876780235612 0.5285635100662982 0.051435751097193415 0.07575843600501606
0 0.27198393204498506 0.670950564002129 0.04550844944941104 0.05135566932759161
0 0.9334959177944563 0.3965053584650387 0.06026740917451489 0.059660123206019315
0 0.7918402500458944 0.4408646658346057 0.0650751014822072 0.060024428344982485
0 0.7458841350093995 0.8170472381279593 0.05031614175710321 0.05171997446655478
0 0.7477677654724194 0.9801925879433069 0.045508449449411174 0.03961482411338634
0 0.3400392539878215 0.9902777368369967 0.05696787554859671 0.01944452632600666
0 0.7672421619863401 0.8641775356068889 0.07273448367978173 0.07018627066881186
0 0.2517685337506156 0.5712088799928066 0.0504281026911123 0.054123820620400664
0 0.08235336037146625 0.5595690469212785 0.05534775593281363 0.056891971913209986
0 0.6764228516857076 0.7914231975900421 0.057751602086659984 0.05707412448269185
0 0.7817604520577357 0.17301797225024113 0.08760540433889474 0.08089457070108591
0 0.3482251234330129 0.07070112385150071 0.05031614175710321 0.05171997446655458
0 0.9738674199888432 0.54328626366855 0.04528452758139286 0.04654797701989917