0 0.4151117459207825 0.390625 0.09604625790208911 0.09375
0 0.11734391444866743 0.4182692307692308 0.0744475052680594 0.0625
0 0.06528324385154893 0.16947115384615385 0.07109703351621971 0.08173076923076923
0 0.17096281774431552 0.09134615384615384 0.07481181040702257 0.0673076923076923
0 0.6055799811583662 0.39903846153846156 0.07849072454723983 0.08413461538461539
0 0.8056843712031806 0.2644230769230769 0.08479150016137037 0.07211538461538461
0 0.3770239275238404 0.8774038461538461 0.06446781551371163 0.057692307692307696
0 0.033987445243027055 0.6935096153846154 0.06483212065267481 0.0625
0 0.09843732938144586 0.6201923076923077 0.074629657837541 0.06490384615384616
0 0.11719620522149493 0.53125 0.077944266838795 0.07692307692307693
0 0.04323710531117191 0.7776442307692307 0.07849072454723974 0.08413461538461539
0 0.6947733281047737 0.6177884615384616 0.06687166166755777 0.057692307692307696
0 0.937492902958617 0.39663461538461536 0.0519021270360361 0.05048076923076923
0 0.5050695658957018 0.6310096153846154 0.07666919885242397 0.06009615384615385
0 0.17203070474452914 0.4579326923076923 0.06151751165142078 0.05048076923076923
0 0.5379962211798983 0.5612980769230769 0.06242827449882864 0.0625
0 0.2403524899265565 0.7776442307692307 0.07666919885242397 0.06009615384615385
0 0.02992345577200068 0.8581730769230769 0.05171997446655459 0.04807692307692308
0 0.8494849671221163 0.0829326923076923 0.056527666774247094 0.04807692307692308
0 0.4548167478429361 0.1045673076923077 0.0616996642209023 0.052884615384615384
0 0.3077720287108357 0.6334134615384616 0.06446781551371163 0.057692307692307696