0 0.729348698177852 0.12467938867731447 0.09783221778155958 0.09951161245112959
0 0.7575484602961791 0.9176815197684067 0.11250705044879329 0.1144383543187988
0 0.37163717345239616 0.11074476044238758 0.06856647102847724 0.07446582102348304
0 0.5035252041727467 0.26229388762619077 0.09285668831109571 0.08972833952088084
0 0.4758606175127186 0.7461385178087243 0.10744760239694393 0.09984738908085798
0 0.6139254770259068 0.4061850506884212 0.07839165209732603 0.08682082842244217
0 0.4480418425339901 0.2065742676335371 0.0709283578916305 0.07214591902706899
0 0.4817355419642639 0.8912774055654042 0.09285668831109571 0.08972833952088057
0 0.4600428234266886 0.009439837222899518 0.07510666083893042 0.018879674445799036
0 0.5833170329706542 0.5081539190391446 0.09779025849086655 0.09710776629728347
0 0.9514201891893119 0.47728161679818937 0.07341612262686244 0.07703755549219338
0 0.831032981396709 0.4238284890562021 0.06848255244709159 0.06965812871579075
0 0.9258258803718525 0.2919908697642975 0.08311542582363256 0.08218102442961403
0 0.29190344780744854 0.7561660150830481 0.06607870629324544 0.06957418455835852
0 0.047744602274743614 0.29262438238264793 0.05410143481470748 0.07155830992504437
0 0.35070978271738146 0.009176567083571556 0.10146504994985246 0.018353134167143112
0 0.7578929476827133 0.7603135408489159 0.08817487387548194 0.09677198966755512
0 0.42810993194579755 0.385046492120177 0.09032696428517116 0.08243285690191016
0 0.771569570434311 0.6649418969848322 0.10255599150786583 0.09487180845830122
0 0.7639019393127797 0.27842633116019405 0.06844059315639857 0.06725428256194459
0 0.16330376186885673 0.829124670811564 0.058783249250321315 0.06451465977837009
0 0.9382260982806818 0.5450090298930421 0.07105423576370903 0.07935745748860744
0 0.40595144918207077 0.8975274157552844 0.05869933066893569 0.05970696747067778
0 0.9034597071689269 0.12820882187887286 0.061103176822781574 0.05979091162810983
0 0.2206807511264192 0.3634615078918986 0.08324130369571116 0.0893925628911525
0 0.7456964429351706 0.4268085066450411 0.0806276610884009 0.0772893879644895
0 0.8723246659657484 0.948507969442436 0.04398253871100895 0.04237637944916218
0 0.0896833023261586 0.5049717510837459 0.0756521316179372 0.06750611503424071
0 0.027342014550663832 0.8196123270982643 0.054684029101327664 0.059874855785541956
0 0.09072893107011619 0.1698031009370717 0.08324130369571113 0.0893925628911525
0 0.0697899975052957 0.40596763311601936 0.0782657742252475 0.0796092899609037
0 0.771024099655304 0.6961918969848322 0.11524657092818202 0.13375306770700052
0 0.4001421934353789 0.542177905773214 0.053723801198472095 0.04992369454042899
0 0.05755824051378656 0.6250114376670317 0.053975556942629 0.06434677146350591
0 0.010889683443887528 0.7085470062825908 0.021779366887775056 0.05886752589635691