0 0.38473872919014174 0.3150976459775296 0.131262198991328 0.1302892581453802
0 0.46516546552909604 0.8438642026898342 0.10940381334769164 0.11017694589038084
0 0.22922996817314834 0.24502902328116735 0.12648247796601317 0.1324972058493975
0 0.049221219458462855 0.2136443698741222 0.08992130257552396 0.08775873670644997
0 0.6748192337683252 0.6010859129555539 0.07057864821524426 0.07735975829174972
0 0.8583392204867144 0.22737351482706486 0.13129017027370546 0.13269310429922634
0 0.3630325014689542 0.5270544367935985 0.11667129437398535 0.11527848587281671
0 0.14836546663077088 0.2705938780926872 0.07793004308867076 0.08967283673572392
0 0.3211215620256655 0.20187609382791638 0.09484088001272675 0.0975700197716635
0 0.6222109629462297 0.9809446785018489 0.07029893539146813 0.03811064299630228
0 0.9634460737281872 0.9086598207057363 0.05363984000881071 0.06705872910196412
0 0.49432098761203164 0.6117685672408164 0.10451220719286661 0.10276950897901366
0 0.8025744050825196 0.36940042649725896 0.07784612924153797 0.08246129827418545
0 0.4463156768716807 0.3969712489022283 0.07057864821524426 0.07735975829174972
0 0.8493070224746894 0.6935727448358471 0.07060661949762174 0.07976360444559588
0 0.662269390699234 0.5428548845262167 0.08268179283160802 0.08506104287786045
0 0.9507021158130808 0.6604269968976385 0.08522549539734214 0.0971782228720058
0 0.4415211281398631 0.49898778660331816 0.07292655180433517 0.07265001520897184
0 0.6331757056382519 0.04624231307264948 0.07499474256965016 0.04390181058773253
0 0.8166584583558092 0.8124917126042668 0.053583897444055464 0.062251036794271804
0 0.18978606656713742 0.741253887978519 0.0584755035988807 0.06965847370563913
0 0.7660230050066489 0.9270702919550591 0.07287060923957994 0.06784232290127953