0 0.11730958147678607 0.45575345847818105 0.10708388104097831 0.11421150565538395
0 0.395652252240143 0.5022673580032143 0.12410660309454477 0.13123422770895024
0 0.5480192963815398 0.21794388520293365 0.10227618873328605 0.11415556309062871
0 0.5108961691475563 0.6190085805831436 0.09232514872937013 0.08519752411496438
0 0.8539189158057384 0.6855084739631414 0.0900891302697897 0.09959262975566383
0 0.6392798522499328 0.43297707290796805 0.1021643036037757 0.10454017847524409
0 0.47643031373944544 0.791707891347969 0.09489682257748186 0.0996485723204188
0 0.281717933212593 0.8928215877319563 0.121590871811188 0.12159087181118786
0 0.9176479680997252 0.7872252370488754 0.09964857232041907 0.094896822577482
0 0.7889854142388866 0.8939158360059392 0.09478493744797152 0.09003318770503418
0 0.8666802276232898 0.518567037041533 0.10708388104097821 0.11421150565538395
0 0.8670603661313296 0.17597700319488968 0.08511361026783167 0.08511361026783167
0 0.21122572504042364 0.6491800020809777 0.09746849642559373 0.11409962052587347
0 0.5369172234735717 0.8621326975101364 0.08022200411300649 0.07784612924153797
0 0.7150586327914699 0.2222917354820235 0.08279367796111824 0.0922971774469925
0 0.5977744964011193 0.07427254161971654 0.1070279384762231 0.10940381334769164
0 0.011082192809580923 0.20807254871958034 0.022164385619161845 0.09402971282377606
0 0.7417090409709816 0.41132931394747785 0.0827097641139855 0.08508563898545404
0 0.8262937230695808 0.0637086595994354 0.08505766770307642 0.08030591796013933
0 0.7388750082015386 0.035043477023421955 0.09436536821230736 0.053975495397342074
0 0.7746076625006323 0.47662475805461046 0.06820277334377559 0.07770627282965001
0 0.43521697222496886 0.6145217159574797 0.10454017847524409 0.10216430360377557
0 0.9752283906625223 0.7975119324413226 0.032312908730349275 0.0917097805170625
0 0.3722719579028692 0.3421178903074802 0.1022202461685308 0.10934787078293641
0 0.5849843712358763 0.3469971949517446 0.08754542770405543 0.08754542770405534
0 0.5669398553102132 0.5547480739239824 0.06823074462615335 0.08011011898349615
0 0.9496968337781151 0.512320507822022 0.09031290052881065 0.11882339898643306