0 0.32075192501616573 0.582927165090724 0.12088115423400239 0.1202209058977201
0 0.6668634678623067 0.6900611362836145 0.09806988576379894 0.10200757367180667
0 0.2034331167723475 0.8900982975835537 0.09052216070637839 0.09673774498111734
0 0.6476673252307175 0.3813209509753828 0.06670233244852825 0.06410133583212672
0 0.9599660052496961 0.5427116475991732 0.08006798950060776 0.0988335002129655
0 0.2102085086055429 0.6105427976545422 0.09823797906174019 0.10441141982565255
0 0.4727825592512674 0.6010454906721197 0.07475433739977241 0.07658270298435436
0 0.5209940689598314 0.5718285222761748 0.05384263518959177 0.05131187775790107
0 0.26622756002696446 0.8127578239912547 0.08436972201515704 0.0771988848283501
0 0.32844959012227765 0.9916921593974504 0.06468521287323475 0.016615681205099264
0 0.5360472157669676 0.6673196044665942 0.08761403465870889 0.08937216105857988
0 0.24524828451774353 0.8891883239202661 0.08023440289922917 0.08650617852173671
0 0.9780374346944675 0.10934043443507649 0.0370157121126687 0.05023355953090845
0 0.5994316654636982 0.08507827432774098 0.066534239150587 0.06169748967828053
0 0.15567534697493662 0.9600266051338845 0.08196587586131088 0.0770448393673511
0 0.5226596485221923 0.15075419019223804 0.0668704257464695 0.06650518198597284
0 0.6550815835893773 0.07667911189198567 0.06206273343877692 0.06619709106397494
0 0.19124635267161552 0.7158194514297076 0.11008911653302984 0.10277780097680114
0 0.4056863834821013 0.1719750937189436 0.06413039299674098 0.061543444217281564
0 0.1277312361083234 0.1326252503194483 0.06206273343877712 0.06619709106397494
0 0.8662063686586313 0.6489914392764878 0.08521018850486246 0.08921811559758094
0 0.9622525780714913 0.15738691690093098 0.0519430689295691 0.05836937075844066
0 0.7719004288492576 0.9888833732714323 0.08129350266954614 0.02223325345713543
0 0.7355153465870881 0.8847099511173598 0.06379420640085862 0.05673575190958939
0 0.5669028124798898 0.47545790703353635 0.08968169421667269 0.08471851421188657
0 0.5811413227550954 0.3710750854132962 0.04713537662187679 0.05806127983644279
0 0.8774092829966116 0.9632020808558388 0.04886684958395849 0.04859994068205718
0 0.9588038656314986 0.9636319342221109 0.04629491013217109 0.04604204906721202
0 0.3929084930063758 0.844806649501662 0.06619805255470478 0.0568897973705884
0 0.16089671575183642 0.40157836923928814 0.041655311122419963 0.048137804299060165
0 0.3846642446987352 0.5044617911520013 0.06787898553411618 0.08092825890904966
0 0.5333588429327893 0.2866485206150452 0.057255041131084886 0.06588900014197699
0 0.7489068335969427 0.20354195652667934 0.05641457464137918 0.05386976937274623
0 0.7262554217497155 0.13628084633841794 0.050766415843981165 0.04154244768151759
0 0.9923415583861738 0.9654338976346675 0.015316883227652438 0.050541650452906324