0 0.6270824444269235 0.5000750017410058 0.1075315209783297 0.10650466896262938
0 0.6611105706736419 0.7954382388770719 0.07350004120824795 0.0831063302367577
0 0.919901665828339 0.8035299786056129 0.09268885114832442 0.08171032599220086
0 0.967622558688922 0.6863867506893835 0.06475488262215598 0.08335829071408031
0 0.5793804251974217 0.3173094823100833 0.09517661588355622 0.08664399853855433
0 0.6718418537702987 0.10073181122517554 0.08328326298640412 0.09322563580678704
0 0.1515763748708288 0.6200340021921685 0.06852451173778441 0.07323898514405076
0 0.40589209852001307 0.923100816721508 0.07333220404547666 0.0734909456213731
0 0.464729473645382 0.8478359261395945 0.0759038873620941 0.08323231047541887
0 0.5495415209732599 0.8133155507440465 0.08796507742201776 0.08626605782257084
0 0.3205555600584745 0.927573115193979 0.09517661588355622 0.08664399853855433
0 0.34393546328475455 0.2682944786564692 0.06856647102847724 0.07564283129789705
0 0.5124388236761591 0.011377447553015287 0.058531493506164406 0.022754895106030574
0 0.3688429033434107 0.4546606565085188 0.07113815434509482 0.08538419615194269
0 0.6109715590605928 0.7487419876157796 0.06122905469486038 0.06805335212037497
0 0.43183151847855566 0.4104567955686136 0.0732902447547839 0.07108709946752693
0 0.27871629869616316 0.7360791836279421 0.07113815434509468 0.08538419615194269
0 0.24282917332005644 0.954504011412005 0.0586573713782428 0.05831198726632946
0 0.8425839529215924 0.029190108897033742 0.05874128995962845 0.058380217794067484
0 0.9022659733984463 0.41347188967958814 0.06363290084870653 0.06817933235903613
0 0.40827831855187596 0.6462805683132168 0.06852451173778434 0.07323898514405076