0 0.5310423095608011 0.6524991305617458 0.09294060689248149 0.09560066933849634
0 0.9426460964020491 0.1822407937310195 0.10521159340586905 0.11058355093161823
0 0.8146961557146473 0.6392877403486825 0.0782657742252475 0.0805058268113653
0 0.47264340097344165 0.06339219539577223 0.08809095529409629 0.0929729013166321
0 0.6703732785960498 0.027288464403118187 0.07084443931024473 0.05457692880623637
0 0.5067548220469967 0.8460943736105417 0.06354898226732075 0.06300713813038837
0 0.8459428021912841 0.9132965546899681 0.06852451173778462 0.07284644461379076
0 0.830702142854246 0.3847303031788367 0.09294060689248121 0.09560066933849634
0 0.49580617694498214 0.42558923808847837 0.08079549825117219 0.08782932620691278
0 0.12382389235150279 0.8915963733542098 0.09766438061878804 0.09101689889882209
0 0.3136329008487064 0.050348924732674674 0.06839863386570585 0.06563490615225231
0 0.13062800449046774 0.7300908373104815 0.0830734665329398 0.08072974867938335
0 0.9145910857868815 0.2978229977138245 0.09530249375563489 0.09330878411865907
0 0.5242509877607399 0.19451045778704903 0.08551927197747872 0.08324555576723845
0 0.1847632092894254 0.17904694948231964 0.06363290084870646 0.06781483043808041
0 0.32536722964407894 0.17129531176586937 0.07337416333616954 0.07547421263565496
0 0.8538086869364736 0.19239296367396833 0.07097031718232326 0.07536225170164593
0 0.2549633628861088 0.1348787173136692 0.07337416333616954 0.07547421263565496
0 0.1524073713782428 0.04823492269589383 0.07084443931024485 0.06815071324010749
0 0.06797841720422862 0.5176896494244715 0.10748956168763682 0.1034839734040888
0 0.1459267669804657 0.3661024196736312 0.08809095529409629 0.09297290131663215
0 0.5119130850334007 0.934868739901836 0.056169606643011 0.053055870712976426
0 0.17826770853847929 0.42714692753151406 0.06359094155801358 0.06541098428423425
0 0.03447751185998478 0.4591049681874394 0.05410143481470748 0.07217467900973663
0 0.17079560127179222 0.2747266186303013 0.08303150724224698 0.07832590252553719
0 0.7685344636564254 0.6823363631772429 0.05874128995962845 0.06278321626237006
0 0.921472409460506 0.6920537669445935 0.041704570429241326 0.04998025895507615
0 0.8918737181506954 0.8570267780152538 0.07101227647301628 0.07776609785549209
0 0.24892333104060646 0.47798659890679124 0.056169606643011 0.053055870712976426
0 0.7379415397088906 0.1701228577371701 0.048874149600086764 0.047912295603257174
0 0.09027283841012347 0.2099117140679833 0.06371681943009208 0.07262252274577272
0 0.11155688311602718 0.11990577750258999 0.08817487387548194 0.0977805936243244
0 0.02219435876224222 0.5823728876376472 0.024919606643010985 0.05160037857085943
0 0.0786096378572328 0.713267228160906 0.053975556942629 0.06496314054819817