0 0.29832698433149957 0.5663526338103521 0.08140333595922943 0.08005745212033916
0 0.8021924259368294 0.9133777440753985 0.09638644526182542 0.09026053208521034
0 0.33624258783442484 0.8462007221401578 0.06868406471559983 0.06754847522653626
0 0.8785509841794656 0.4297598054967643 0.08112331976946982 0.07524975981264699
0 0.9385438143173054 0.6201493076317406 0.05878866391045589 0.06234898601918623
0 0.10305541349044202 0.5680341312076663 0.053560947318124136 0.05494154910781878
0 0.0659973207033925 0.9147042558640344 0.0633163400283885 0.05773719216132251
0 0.5902565270793884 0.8288411599869442 0.08154334405410929 0.08246129827418532
0 0.5202153121958493 0.5006978078958788 0.07603561127201804 0.07024616905512569
0 0.031717441366419505 0.19257500760448595 0.06343488273283901 0.08707309213204883
0 0.8782461378735855 0.2695122393663373 0.05624480966172986 0.05984719064042551
0 0.18604289084943793 0.1774540156766814 0.06896408090535942 0.07235616753422856
0 0.683692069653524 0.9001157959036716 0.07941951409002275 0.0871710413569632
0 0.7528865065164019 0.4981306773308924 0.0715079351540852 0.07485796291298914
0 0.738973801740603 0.15781708048978238 0.058368639625816544 0.055137447557647705
0 0.7585675670542472 0.2971646504224524 0.06373636431302779 0.06494873062286124
0 0.026454161962752742 0.02155910839420846 0.05286090684372528 0.042922318338588034
0 0.7831942558140396 0.8258597902877924 0.06586019427711448 0.06023898754008336
0 0.7882182066583444 0.22247196343790024 0.06614021046687395 0.06504667984777567
0 0.8659220607984748 0.10877492711133802 0.05878866391045589 0.06234898601918616
0 0.39130245350873916 0.0870261090368883 0.08705107683620042 0.09467642749324508
0 0.5494199758239563 0.14406947633692557 0.08112331976946995 0.07524975981264695
0 0.962624085061395 0.08259584457238181 0.0715079351540852 0.07485796291298917
0 0.9688911296701103 0.16116161608449683 0.05143711735403728 0.05965129219059666
0 0.019180789739457763 0.5849406514184385 0.038361579478915525 0.04984000912538319
0 0.49161136857765897 0.18508587493312406 0.05596479347197025 0.05503949833273321
0 0.12261986238704395 0.04595874431093594 0.056104801566850056 0.057443344486579395
0 0.44564529961914706 0.04345894044947203 0.06303632383862898 0.05292949985363044
0 0.005773893079489576 0.8017051345421998 0.011547786158979152 0.05984719064042565
0 0.6426799474918773 0.1563029576470506 0.06670024284639296 0.07466206446316029
0 0.2891338671512151 0.8069331476447963 0.05568477728221078 0.050231806025041036
0 0.2922625838955806 0.9600671245385992 0.04522934409754748 0.0354169322023064
0 0.1264672033276359 0.9521067049425793 0.06826404043096056 0.06033693676499779
0 0.44739764395560494 0.26159471272203566 0.04606939266682603 0.04984000912538319
0 0.7961342718952035 0.707114278734694 0.040841676074494376 0.04243257221401601
0 0.6996129433575609 0.06826463521348049 0.06317633193350886 0.055333346007476594
0 0.7906790810139552 0.07679439806792183 0.08593101207716212 0.07544565826247585
0 0.3207853077140268 0.035961734600074555 0.0459293845719464 0.047436162971537
0 0.1976065345226942 0.1237102995023435 0.05780860724629733 0.04552206294226309