0 0.4679639128334439 0.33095010536622976 0.07839456037585399 0.07902142030566221
0 0.8366106074753036 0.404558031448209 0.08020973380215625 0.07187982662354332
0 0.28990765082814896 0.31926412357664063 0.09217980932771684 0.10100575958737515
0 0.6278434662217166 0.5479772095343248 0.08840239347626795 0.0841088917310325
0 0.9806219634043033 0.07369593631472121 0.038756073191393355 0.09500900602955117
0 0.12232580000596821 0.15547135869025847 0.06799427879041077 0.06912625657259955
0 0.8589548000358092 0.9291910236117364 0.07819833613333944 0.07661757415181605
0 0.6363554366136014 0.43086608522714004 0.08639099580745115 0.08884663925930525
0 0.7153140920951642 0.5273604065419568 0.07839456037585425 0.07902142030566221
0 0.977395064468107 0.8625293092362755 0.045209871063785996 0.09118054063373211
0 0.9849632759953783 0.26250277656077353 0.030073448009243445 0.08319960959857892
0 0.09877591541296436 0.7525216251497668 0.08177952774227355 0.09111059585431255
0 0.9389952676102806 0.27146293450779974 0.07000567645922746 0.06438850904432673
0 0.5050269072433788 0.44553035578752076 0.09360253426898961 0.08905647359756394
0 0.9669342314754492 0.38123549262139844 0.06613153704910164 0.08396900217219351
0 0.7793854729639449 0.07249964888326055 0.07800211189082464 0.07421372799796991
0 0.5036523457153617 0.7238740343509467 0.05901672214624025 0.04728180684972581
0 0.5807002944084428 0.059004351564891096 0.0880099449912386 0.07930119942334025
0 0.5883754354614381 0.7876716258608721 0.08840239347626795 0.08410889173103278
0 0.9020531776486921 0.6749336408032731 0.10179519394310159 0.10128553870505314
0 0.7922361771878268 0.8202927752408815 0.11700316783623722 0.11132059199695486
0 0.1113354571304006 0.5521630570275019 0.08320225268354636 0.0791613098645012
0 0.1755543037301915 0.013596601396834227 0.07226245361422919 0.027193202793668454
0 0.5123359627279259 0.6236248055103947 0.07397931655319102 0.0836892230545154
0 0.2261817452276395 0.15847334855983494 0.08099463077221489 0.08149521123892786
0 0.9077706386964473 0.02217827796098315 0.06843588251911033 0.0443565559219663
0 0.8197828909340489 0.6411841262164247 0.054993926808606645 0.0567573019062713
0 0.3760542589798298 0.13483605822563666 0.06480553566650595 0.059440927177795436
0 0.627647440345285 0.4865392430524089 0.10390450536709264 0.15650405546409524
0 0.3676166165516991 0.03306935953284053 0.07520581725194912 0.06613871906568106
0 0.2842914757589774 0.03383232119305942 0.0974291053641086 0.06766464238611884
0 0.7449944965211299 0.4481862348506642 0.07280197109810324 0.06926614613143847
0 0.1586772335791838 0.33513031721394443 0.09581015618032115 0.08672257222313721
0 0.33653786644021283 0.16731009186547807 0.06819050303292548 0.0715301027264457
0 0.7685659832447252 0.722189723999416 0.06740560606286677 0.061914718111060876
0 0.35954386949551903 0.8328828355363931 0.06720938182035209 0.059510871957214724
0 0.6925520799634626 0.24851425269580302 0.11621827086617852 0.10170520738157024
0 0.5659824843894281 0.1738864916667785 0.0832022526835463 0.0791613098645012
0 0.8997728147022698 0.42561097803454995 0.062794137997689 0.06417867470606818
0 0.38976458486969 0.5536998196199332 0.06838672727544001 0.07393394888029192
0 0.19819184082405472 0.8339633665267312 0.07559826573697861 0.07414378321855034
0 0.6092493347656641 0.8810369295740649 0.0964479841515353 0.06515790161794126
0 0.16905194571237755 0.6540945736647866 0.06377525921026245 0.07619790547529895