0 0.45391154628981945 0.14135343041727072 0.12105372612436746 0.11287463971897045
0 0.4777593770666637 0.4217667718620557 0.13876251087191868 0.13038720737029463
0 0.18294094736237895 0.5542926087155483 0.12080176564704513 0.10806694741127824
0 0.5857690376799595 0.5442078215839536 0.08904784469240049 0.09717822287200566
0 0.624181258047468 0.8914615514463662 0.10334494137681624 0.09536207206764621
0 0.38817528615814056 0.6602189351263319 0.11106040079299936 0.1052713043577743
0 0.7603577236208163 0.5224140119316399 0.10612672824664589 0.1026715597540991
0 0.8774072965598627 0.33446506013264066 0.1290211460178729 0.12759156431679075
0 0.720413426749571 0.9557981529679365 0.10131903593895358 0.08840369406412717
0 0.8375413222368742 0.8423398009340727 0.09385553700009279 0.09737412132183465
0 0.4554710964429232 0.8930185672408163 0.12105372612436746 0.11287463971897055
0 0.1134269404744909 0.8694454180751229 0.09107375013026314 0.09006463363538177
0 0.6398521257354812 0.2476980861056617 0.12054980516972282 0.1032592551035858
0 0.8255918528002416 0.5877055648417018 0.08348427095274119 0.08255924749909987
0 0.17298339769850551 0.7213109417953988 0.0980333281144793 0.08555078900243274
0 0.04601786217576958 0.5927888598419209 0.09203572435153916 0.11027489511529555
0 0.2170441559684323 0.018479789470142196 0.09475784190928924 0.02305078900243272
0 0.35884565459591045 0.7602009813387258 0.09094776989160198 0.08766078748153561
0 0.024125345302377036 0.8216705229598275 0.04825069060475407 0.08986873518555291
0 0.006149267648577284 0.7317487230183753 0.012298535297154568 0.09811283065213526
0 0.4219227872891699 0.7977013796421851 0.08298034999809654 0.0729438628837154
0 0.5873335690439396 0.46838871851288527 0.10650466896262938 0.10988309821563756
0 0.3194153706998284 0.38640699455909105 0.11586809310069167 0.10546720280760297
0 0.3082031294589855 0.6003493022513987 0.0934775962841093 0.09016258286029619
0 0.5167657229599836 0.5968026794372677 0.08538419615194269 0.07304181210862982
0 0.44277430678998236 0.9631913279316806 0.12017186445373931 0.07361734413663885