0 0.17832755223622973 0.6888121427321641 0.11608387377535524 0.12489387048820132
0 0.41421134764992895 0.5253179902319369 0.1330226781947966 0.14481028429337156
0 0.6677829553163105 0.7157544754620737 0.11127618146766292 0.12469797203837246
0 0.47221752026292013 0.37027400345230227 0.0990891286846546 0.09536207206764621
0 0.7595392675475525 0.1626066349241069 0.09675520836988263 0.10728335361196255
0 0.6652244709613522 0.4826303731514541 0.10881639464255763 0.11498463819807328
0 0.37161879480941695 0.23010812705548261 0.1015768858453896 0.10988309821563763
0 0.15277089863471335 0.22219458344577436 0.1305628913696913 0.13509695045307252
0 0.778070778387582 0.047133192805685356 0.10635660781745206 0.09426638561137071
0 0.6168033085626677 0.025701606844710463 0.09899123250995089 0.051403213689420926
0 0.8385243553681627 0.3072598235759258 0.11608387377535524 0.12489387048820119
0 0.9657114314208795 0.61456851465546 0.06857713715824112 0.09428463059358723
0 0.18669126433219008 0.4732761150632755 0.10645450399215577 0.12209822743469732
0 0.39874557436950026 0.14003940327665879 0.0846240962581333 0.08756283825662112
0 0.8188196931419891 0.6398721358309251 0.08951569957271434 0.10218181362952695
0 0.7706037197420675 0.8245724026339789 0.11365205728587952 0.11998822895559459
0 0.15823829789514934 0.9553186857563941 0.07496675613930427 0.079959502895425
0 0.767269058573388 0.4580348387848977 0.08947374406926983 0.09497027516798849
0 0.969673822430926 0.734613898510396 0.060652355138147894 0.08918309061115164
0 0.9256448040812371 0.8170527545500739 0.1015768858453896 0.10988309821563756
0 0.7704482801858059 0.38457060725521836 0.07499472647493377 0.08476719520311704
0 0.4051126128885424 0.4078723509806761 0.11120625562858887 0.11267874126914143
0 0.8463846014227904 0.023305940977748647 0.0869999720763499 0.04661188195549729
0 0.4571946838341058 0.6810558018728572 0.1088443649781872 0.11979233050576546
0 0.6501868480095736 0.5842285815749364 0.09189157539093092 0.09747207054674908
0 0.5462566668079887 0.9046441167019414 0.12090555125086219 0.12749361509187634
0 0.9819657639725452 0.8170568446935161 0.03606847205490956 0.0665689829773917
0 0.12957234852028904 0.5741845887689145 0.07739857262878 0.08486514442803147
0 0.6066860606162494 0.33954846224170854 0.08706989791542369 0.09487232594307403
0 0.5105663760267908 0.14269630277967538 0.08459612592250373 0.0827551459489288
0 0.8575515383104678 0.06484071670261451 0.07008913799253783 0.06774437367636518
0 0.25376740001578885 0.22409033138398288 0.07011710832816753 0.07255206598405742
0 0.29656812766322393 0.1417983991816767 0.06526746051703086 0.0651446290726901
0 0.2567438366948922 0.11577033062353433 0.06525347534921608 0.06274078291884394
0 0.5542070150982631 0.41141488365136486 0.0773566171253357 0.07765360596649315
0 0.9786808522463668 0.5202797939184306 0.042638295507266284 0.07878411219645133
0 0.2592471817337408 0.5460587921619958 0.07011710832816753 0.07255206598405742
0 0.3012593501099387 0.7415090399538348 0.06286361436318472 0.06504667984777567
0 0.10707225544145513 0.839587157941136 0.06529543085266044 0.0699523213803824
0 0.011294406108309616 0.49484948540510715 0.017190537440107786 0.06318564457440114
0 0.7904140720820014 0.7167686803760522 0.0773566171253357 0.07765360596649301