0 0.04390151034665057 0.2371144901814013 0.07631562746177764 0.07253493964982848
0 0.35368320676694015 0.3062472468889246 0.0713679270592056 0.07010312316035275
0 0.607112283516264 0.12496744114591127 0.11461344928754627 0.1112062556285889
0 0.8536606198012804 0.39211682443772405 0.08366717401819584 0.07498074130711913
0 0.3877926400167607 0.3605505554515923 0.07645563555665738 0.07493878580367462
0 0.586172583786985 0.8354228535338755 0.07645563555665738 0.07493878580367462
0 0.47495889483172044 0.10255664894757469 0.10245421042343576 0.10873248363566877
0 0.18171449417861016 0.2655698606838902 0.06614021046687395 0.06286361436318472
0 0.6687507695565562 0.3465548275020161 0.12523259910797926 0.08723771992920139
0 0.9115251336741118 0.07984757970666823 0.07545187035160913 0.09896326217432141
0 0.3931163123478832 0.6407244988850024 0.06345634812326832 0.058041936887677684
0 0.7793762312904898 0.5527969172144169 0.08140333595922956 0.07737060229315035
0 0.688329315874064 0.09297702860687648 0.11687728734651269 0.10881639464255756
0 0.10375769711530171 0.7989509960653479 0.09129873676437364 0.08223423527210208
0 0.2641283247942706 0.956186950396291 0.0862110282669218 0.07739857262877993
0 0.36416122691726305 0.2089194479937849 0.07349175702329228 0.06530941602047523
0 0.6448997331947547 0.42576986923642085 0.08352716592331604 0.07257689515327297
0 0.42572121936536145 0.7827891698147771 0.053700955413003834 0.05558215006257218
0 0.5874722226960701 0.02866675073000976 0.11832478537709051 0.05115205728587946
0 0.024684277749172014 0.9127001481707815 0.04936855549834403 0.05317830390872603
0 0.30996511835311746 0.9937744158694047 0.058532356261586246 0.012451168261190578
0 0.8081901870509998 0.8631657818329592 0.09157875295413312 0.0870419275797941
0 0.5957857252519088 0.5877987293520921 0.06331634002838846 0.05563809073383133
0 0.07678419040342757 0.12669140395044096 0.1320004047439884 0.12091953641867711
0 0.07379996805486351 0.4669335308943753 0.07349175702329219 0.06530941602047537
0 0.23185934059308588 0.5399929143372587 0.18724144920066976 0.202943994173557
0 0.7475210249796513 0.728151819934853 0.08621102826692187 0.07739857262877993
0 0.6972847091273066 0.6617313844282507 0.09286253434894139 0.0678251435168398
0 0.93543880611383 0.474351059709826 0.06740028332079198 0.0844982297478001
0 0.8901490690888267 0.28171471595848596 0.09865028332079198 0.08468003692939245
0 0.18889159140404388 0.3281327939390568 0.0739117813079315 0.07252095448201369
0 0.008694599303451494 0.2717255189754116 0.017389198606902988 0.06748949948928466
0 0.1295214297236398 0.6043233686106982 0.0712279189643258 0.06769927700650659
0 0.45774975343195395 0.41866941076225134 0.07164794324896508 0.07491081546804505
0 0.3894998104218993 0.7441038686682019 0.07913949790026314 0.07976046327918158
0 0.20057826408267238 0.97299908695025 0.0753355707976193 0.05400182609950012
0 0.12751726403923413 0.9277385724777094 0.06600020237199421 0.06045976820933856
0 0.4632586077892756 0.5305181827551715 0.07673565174641699 0.07974647811136694
0 0.27845095967763506 0.17355322013777558 0.07377177321305176 0.07011710832816755
0 0.28604808118770814 0.2289046149314037 0.08833485823100841 0.07260486548890246
0 0.5087809439222581 0.6365880946324203 0.08366717401819584 0.07498074130711913
0 0.23921313029996494 0.7853110885398996 0.08196336833874857 0.08698598690853523
0 0.25284357573554345 0.881576816036264 0.14035571650545514 0.09934086170532087
0 0.03090222291326142 0.5555541797269427 0.06180444582652284 0.09668528253080844