0 0.4380120613355389 0.5163958155721307 0.0990751435168398 0.09238401814702311
0 0.2516999992446472 0.5074862972172979 0.07500871164274862 0.08673688426500994
0 0.7309666258289368 0.4725504643173067 0.0846240962581333 0.0870726608947383
0 0.763573187106972 0.7068148152870007 0.09667129736299365 0.09230007398959117
0 0.1992201523715115 0.36866226706327715 0.09907514351683978 0.09238401814702311
0 0.18871831231018615 0.6290598539684245 0.07978843361481136 0.08209708027218188
0 0.9803364919221215 0.32988032107665194 0.03932701615575705 0.06392705067634548
0 0.027674605170308626 0.6258394415743209 0.04866430012514454 0.1026404216101802
0 0.9383407127791867 0.5903465849333891 0.05802795171986283 0.05970696747067778
0 0.5966597162606271 0.7274230040377783 0.07008913799253796 0.06733822671937653
0 0.6468390030282288 0.4708143418841067 0.06529543085266044 0.06957418455835865
0 0.23809964315719498 0.02874316389346881 0.11081467092977458 0.044726815857260564
0 0.11607149131783925 0.5351953753993081 0.07013109349598236 0.074549765180915
0 0.5772525297218741 0.2833257795511384 0.06286361436318472 0.06468254809323426
0 0.49887499534605834 0.03063956651331167 0.050634606076732015 0.028205134998381502
0 0.7379334238537163 0.43073498909729524 0.058055922055492405 0.06451465977837009
0 0.457703539749047 0.3897054947564572 0.07495277097148954 0.07712149964962546
0 0.21920451795398088 0.08576391832631983 0.0676852918386918 0.06725428256194456
0 0.6036195217014992 0.684405605740844 0.07489683030023013 0.06750611503424099
0 0.6475374600638192 0.38431785242436123 0.07976046327918186 0.07728938796448964
0 0.43488018510017395 0.18462307426264532 0.05319228907654095 0.054731386848121295
0 0.9787080212268471 0.18079988745947434 0.04258395754630584 0.05920330252608524
0 0.0954857635193336 0.7147283395208809 0.08227619077554629 0.09660410135269096
0 0.4382078536849461 0.5500496617259768 0.08470800726502202 0.10149573781781521
0 0.5164253599860411 0.9766064123228211 0.05320627424435574 0.046787175354357766
0 0.5529895041432263 0.03733600236322591 0.048286700594145006 0.03773657545633403
0 0.5795103329688143 0.46485813624523903 0.07978843361481143 0.08209708027218181
0 0.8372586976809236 0.1530106437094428 0.05558215006257246 0.0524114848517072
0 0.9581930206225648 0.49130049488694644 0.06286361436318472 0.06468254809323426
0 0.983473758031095 0.172554314235877 0.03305248393780994 0.07088675666558766
0 0.19016577717901756 0.8778579308915013 0.05804193688767762 0.06211081362452393
0 0.22769569927057323 0.30596767387553914 0.09425346604133271 0.08981228367831286
0 0.8250864314208795 0.3328374123820279 0.06043179787370899 0.059790911628109865
0 0.11414314086969618 0.6168422004726453 0.05323424457998531 0.06194292530965976
0 0.053955282077596735 0.3924297993847898 0.07735661712533562 0.07720544380705754
0 0.48364857262877997 0.0986035448746185 0.058055922055492405 0.06451465977837005
0 0.18345690340366236 0.7574557628056134 0.058055922055492405 0.06451465977837009
0 0.8558485532576605 0.663171665348136 0.07013109349598232 0.074549765180915
0 0.28702966147082065 0.1770566624267259 0.05794404071297405 0.045283890547600854
0 0.7253819553523738 0.13228031731192774 0.0725069693141989 0.06982601703065484
0 0.686843498467854 0.1177160569468605 0.04596676544718757 0.052075708221978885
0 0.9485768346520308 0.2842759211051649 0.07728669128626163 0.06518621303782678
0 0.650677130238241 0.9239813139628227 0.07976046327918165 0.0772893879644895
0 0.46565010087601166 0.7228480474577297 0.05802795171986283 0.05970696747067778
0 0.32626118551732236 0.5173001045592309 0.07252095448201369 0.07222986318450107