0 0.16237572008603204 0.37132109300197425 0.07776211426931347 0.08040595804467078
0 0.3460755445435948 0.6888991391498522 0.09400671688720613 0.10562176503822038
0 0.3198040341545558 0.05492158250568176 0.07794426683879507 0.08280980419851701
0 0.6926890303459747 0.9061049146619844 0.06741811937600253 0.07000567645922746
0 0.8476346757180979 0.25370665847718715 0.07517611554598574 0.07780588764831002
0 0.5481104679432586 0.8175300811007052 0.05947797063653773 0.05980161911629896
0 0.8743487928563514 0.17533647735708527 0.08238765400752393 0.07839456037585404
0 0.07185634984392827 0.7886823403258881 0.03004949633135353 0.08128916550206984
0 0.35728734249234495 0.34210766339087484 0.08275195914648738 0.08320225268354643
0 0.22824980084627097 0.650142867592376 0.0646499680831932 0.06500175990902061
0 0.9621870903317084 0.19702044635145366 0.07562581933658336 0.07579448997949322
0 0.6831892294997037 0.2381056410007735 0.07240796425317643 0.0728019710981031
0 0.44876043537382526 0.3044068410097258 0.08755965145417968 0.08359470116857565
0 0.5304803702706846 0.7125457473015331 0.0648321206526748 0.06740560606286677
0 0.5691448314935508 0.8557218608203067 0.05911366549757456 0.054993926808606645
0 0.37866382158147754 0.16137779648979678 0.0775799616998319 0.0780021118908247
0 0.8957639735126229 0.122795353579912 0.05707412448269157 0.05960539487378428
0 0.8779659173533335 0.8135820104589911 0.05707412448269157 0.05960539487378414
0 0.8505878183969421 0.4203569400626304 0.06224612192934705 0.06480553566650595
0 0.8015449189384559 0.37961404682425537 0.07998380785367779 0.07819833613333944
0 0.4345115155028732 0.8824335305223856 0.0646499680831932 0.06500175990902061
0 0.29731954708979413 0.3965864519713598 0.0594779706365378 0.05980161911629896
0 0.7193422563169667 0.4758166514896058 0.05707412448269157 0.05960539487378428
0 0.6729821094996554 0.7577532379723243 0.08238765400752421 0.07839456037585425
0 0.4882955384686837 0.2515959584906156 0.0646499680831932 0.06500175990902061
0 0.9343165882589022 0.12085768877660036 0.05707412448269157 0.05960539487378428
0 0.24426929110271337 0.30295894334836926 0.07517611554598574 0.07780588764831002
0 0.7493115106974891 0.137168878527153 0.07481181040702257 0.07299819534061774
0 0.6170339243678857 0.5301235950833282 0.049498280882190146 0.054209029838547945
0 0.27565190777114623 0.589433661762926 0.10012533993185507 0.09178736084268763
0 0.13039285158327593 0.12480417248965113 0.0646499680831932 0.06500175990902059
0 0.2652390261932172 0.803130589969049 0.06188181679038395 0.059997843358813766
0 0.21325097957324368 0.03198613845855436 0.10919426683879507 0.06397227691710872
0 0.365285543582518 0.5434174899645727 0.05911366549757456 0.054993926808606645
0 0.10287414044109501 0.022198908856407237 0.05670981934372847 0.04439781771281447
0 0.9233851162057576 0.8703423521823956 0.05394166805091935 0.04979378601588499
0 0.4810094356894207 0.15544211233676947 0.0646499680831932 0.06500175990902061
0 0.5358496128455612 0.5440067577903653 0.06224612192934705 0.0648055356665058
0 0.13395334313782625 0.6505840745889095 0.09513549505468125 0.08899106620381204
0 0.40881291064723146 0.7188493023177547 0.07000411809933027 0.07260574685558815
0 0.674665340892932 0.17349613121069934 0.07776211426931348 0.08040595804467085
0 0.9701218219042183 0.6258616053268073 0.0597563561915635 0.06460931142399126