0 0.6051617813079315 0.04257348265752265 0.11377340071826772 0.0851469653150453
0 0.30220155399972415 0.6731128909049601 0.1249288743773297 0.1301443814351026
0 0.808198193538664 0.7854562497089455 0.08112331976946982 0.0770448393673511
0 0.15070670440657372 0.04658305058636443 0.13314417804391665 0.09316610117272886
0 0.4346005176379225 0.5850053765510965 0.06359635621814806 0.06394729037112758
0 0.2613954407365648 0.5731830885509833 0.08847486632588815 0.07991082190419427
0 0.509678659211442 0.7141055651815871 0.06345634812326832 0.0615434442172817
0 0.5792264810372105 0.748253830735155 0.058508647720696146 0.05883150714143754
0 0.0848279264076317 0.7521889194707101 0.08593101207716226 0.07735293028934911
0 0.8139430117296562 0.38697308879234255 0.08140333595922956 0.08185253167504342
0 0.728018246046787 0.9208866013430996 0.1075656274617775 0.0787393394383396
0 0.9246910194118725 0.8178025518499565 0.11391340881314732 0.1054897380526453
0 0.36012870395047203 0.507741925689297 0.061472526254061514 0.06860093721782115
0 0.06553051785511385 0.3794387201635573 0.07192795943872464 0.08364019598489382
0 0.07769712468874776 0.857603477198512 0.05990872866949388 0.08286996867989907
0 0.2483306355566574 0.058883616477836784 0.09129873676437364 0.08727640582673163
0 0.2916935789142182 0.026768382528324065 0.07857946552074406 0.05353676505664813
0 0.20753413341348226 0.1869645256978159 0.1100857731696135 0.12200857020757049
0 0.5769744972486892 0.7303020073118082 0.06910408900023918 0.07627461206235663
0 0.9187858493108018 0.8821206567708756 0.0789994898053834 0.08169848621404441
0 0.18640876860091446 0.6527858195331796 0.06896408090535942 0.0738707659085102
0 0.7426569429883355 0.30226703127750615 0.06175254244382099 0.07340862952551333
0 0.5994666233491803 0.10152789351733385 0.0730717327386528 0.06215962606127738
0 0.49770460237353054 0.8813573589459625 0.053700955413003834 0.05852341621943953