0 0.2939269789809119 0.8161057692307693 0.10331796753360442 0.08173076923076923
0 0.14036084132451762 0.8209134615384616 0.11321336833874857 0.08653846153846154
0 0.058000035666789435 0.8100961538461539 0.02499480966172981 0.057692307692307696
0 0.32014005229093156 0.3581730769230769 0.15715893104148812 0.13942307692307693
0 0.8039313113705224 0.3894230769230769 0.051577125448917155 0.06009615384615385
0 0.8755092505720476 0.46274038461538464 0.08663105255156121 0.08413461538461539
0 0.6154953070624529 0.6622596153846154 0.09879029141567158 0.08653846153846154
0 0.07339692285973179 0.2283653846153846 0.07857946552074405 0.06971153846153846
0 0.08227894733984326 0.030048076923076924 0.07801943314122498 0.06009615384615385
0 0.4662394654121484 0.18389423076923078 0.06712026713103238 0.07932692307692307
0 0.8810418134702593 0.31009615384615385 0.08380718211307571 0.07692307692307693
0 0.5796046961162218 0.25240384615384615 0.11164957075418104 0.10096153846153846
0 0.8731906274617778 0.07211538461538461 0.0667002428463929 0.07211538461538461
0 0.34567455051698165 0.09495192307692307 0.10275793515408534 0.07211538461538461
0 0.7654545539128476 0.78125 0.1119295869439405 0.10576923076923077
0 0.8956930032003938 0.8918269230769231 0.10359798372336389 0.08653846153846154
0 0.5400982217621475 0.9567307692307693 0.10840567603105619 0.08653846153846154
0 0.6063569749334721 0.8149038461538461 0.16845441279542983 0.16826923076923078
0 0.27266096755532354 0.05889423076923077 0.11192958694394058 0.10576923076923077
0 0.06515230277610265 0.9122596153846154 0.028658728669493875 0.07932692307692307
0 0.9414705254070154 0.9555288461538461 0.08380718211307571 0.07692307692307693
0 0.9154730721154676 0.7980769230769231 0.06812403233608076 0.055288461538461536
0 0.8811084527920078 0.6826923076923077 0.11701729544139229 0.11057692307692307
0 0.17619042082515227 0.23918269230769232 0.07234798372336396 0.08653846153846154
0 0.37074673219567467 0.6286057692307693 0.0761756193668979 0.06971153846153846
0 0.3739550641074643 0.7043269230769231 0.0831071416386769 0.06490384615384616
0 0.6295424120569795 0.9447115384615384 0.12324877723877246 0.09375
0 0.3049187360042041 0.8810096153846154 0.06035246149502335 0.04567307692307692
0 0.2840834815584697 0.234375 0.06457641288230634 0.07692307692307693
0 0.9768123197260317 0.26802884615384615 0.04637536054793674 0.06490384615384616
0 0.7852854046353926 0.234375 0.0658601942771142 0.057692307692307696
0 0.33212596339928796 0.171875 0.05624480966172983 0.057692307692307696
0 0.19646900761705893 0.5048076923076923 0.0787194736156238 0.07211538461538461
0 0.3029953070624529 0.6622596153846154 0.07857946552074406 0.06971153846153846
0 0.7037624043964824 0.4855769230769231 0.0713679270592056 0.06971153846153846
0 0.6291720480045812 0.6081730769230769 0.0708078946796866 0.06009615384615385
0 0.5662661211408478 0.3329326923076923 0.06614021046687395 0.0625
0 0.3953700562297758 0.4735576923076923 0.05624480966172986 0.057692307692307696
0 0.6296547083671371 0.14182692307692307 0.06586019427711448 0.057692307692307696
0 0.4263789675770427 0.036057692307692304 0.0761756193668979 0.06971153846153846
0 0.10357427518247385 0.12740384615384615 0.0685440566207201 0.0625
0 0.4913946269839568 0.5745192307692307 0.06077248577966256 0.052884615384615384
0 0.15144743251137022 0.7223557692307693 0.16917816181071885 0.13942307692307693
0 0.9763615381900492 0.6069711538461539 0.047276923619901476 0.07211538461538461
0 0.5559603071710486 0.5480769230769231 0.050877084974518476 0.04807692307692308
0 0.22090042017357842 0.9242788461538461 0.08254710925915774 0.055288461538461536