0 0.5660038369712613 0.6410993425365249 0.0975700197716635 0.0953864123370204
0 0.7797583193917756 0.054329793021978316 0.11027489511529555 0.10865958604395663
0 0.8268619389891421 0.5176402934623539 0.08255924749910001 0.0807115796697864
0 0.2937447149461798 0.13059337600105028 0.09266437823905677 0.09289864760178859
0 0.4628158916057915 0.023909853897568834 0.074368216788417 0.04781970779513767
0 0.6149031566557762 0.8264113761283204 0.06504667984777567 0.06359094155801379
0 0.945819709565838 0.7521743175641336 0.0486115536705103 0.0729126111385483
0 0.748867502252745 0.27998911526494985 0.09997386592550966 0.09542837162771321
0 0.44883977496441724 0.4509735333448598 0.08525694132768945 0.0879650774220179
0 0.2709919708707814 0.9837489641629708 0.0994392353319223 0.023354946303021287
0 0.13914149967866007 0.18133471403696808 0.07235616753422856 0.06612066558393827
0 0.21675032828498692 0.8705942744772528 0.0873669398067922 0.08079549825117219
0 0.7954404742911172 0.16867790460090223 0.09987591670059495 0.09302452547386707
0 0.38939046288438833 0.22981360389883626 0.08986873518555277 0.08324130369571116
0 0.0650263362394136 0.34957688186867497 0.06764642445145072 0.06844059315639885
0 0.19487891301612098 0.2872568856158012 0.07755565674157865 0.07581996878070846
0 0.6986683102663925 0.09710190747234701 0.07515181058773243 0.0757780094900157
0 0.11459493992456093 0.2826529064693956 0.08005745212033927 0.0782657742252475
0 0.011364208716221492 0.24251572614895817 0.022728417432442985 0.06785316308669906
0 0.08062690248760938 0.7036196984273224 0.11228694436948375 0.10284970654271593
0 0.09709873284700538 0.5351826304953202 0.09266437823905674 0.09289864760178859
0 0.023232425504638422 0.1281651966784945 0.046464851009276845 0.060977298950703314
0 0.6525362168489841 0.9050249912634653 0.05984719064042565 0.05389163836124338
0 0.15062410833700685 0.5774867975786159 0.06754847522653629 0.06603674700255255
0 0.10465928236533206 0.9686362887122762 0.06965847370563906 0.05886716783170698
0 0.028610510383824797 0.6649632598654888 0.057221020767649594 0.07080248001955197
0 0.8690517367670172 0.8676157885926107 0.07235616753422856 0.06612066558393846
0 0.08649567569559197 0.44168438623947726 0.08726899058187776 0.07839165209732603
0 0.8005216706651909 0.5745502709846668 0.06264283369392952 0.06354898226732075
0 0.9479623220836295 0.5227328877439044 0.045326164492434026 0.05123603646324016
0 0.9569757494019041 0.6847197677390162 0.031980529043416084 0.07742658841139106
0 0.23517705299922975 0.5952280119897897 0.05984719064042551 0.05389163836124338
0 0.5811512541681668 0.12197347153248776 0.05003590757521204 0.048916108890779686
0 0.010290857385604727 0.4155506899351884 0.020581714771209455 0.07274477397577701
0 0.009992919567419213 0.3242464953797274 0.019985839134838427 0.09669931693285291
0 0.04840150038190706 0.7870559022233287 0.05744334448657941 0.05384967907055063
0 0.16246789137361956 0.8763460508255337 0.057933090611151636 0.0658689098397814