0 0.5491109417326837 0.8759373769938623 0.10441141982565255 0.09306648476456002
0 0.47974854909560566 0.6063979963750742 0.12216261566856937 0.10778327672248664
0 0.7504856475139837 0.4186009278168612 0.10650717505750097 0.08830075174756047
0 0.353775851804525 0.5067344661561993 0.07735293028934911 0.08298954795155417
0 0.2594954645767664 0.17539349712602037 0.089064070136582 0.07839165209732603
0 0.5295001459238426 0.35578350336785086 0.09689179044211621 0.08813291458478918
0 0.1841363533946659 0.5627335058676248 0.09193005267342497 0.08564514984955725
0 0.09869603640287163 0.7694074194545322 0.11254723105318483 0.10761543955971521
0 0.15207647345032196 0.12418452360030402 0.08727640582673163 0.08796507742201778
0 0.05637230698242258 0.26570283528920824 0.08216062259704142 0.0830734665329398
0 0.4253447076837888 0.14098711350851748 0.1068152659794987 0.09310844405525275
0 0.7675219700570745 0.09642260426543739 0.07929464006019825 0.07581996878070853
0 0.34774132302580935 0.8074460114857792 0.10860293028934911 0.08353501873056092
0 0.10916928534514449 0.5120909827662616 0.07177501067666202 0.07088639860093775
0 0.7333935308231815 0.25345493443543216 0.08619808759973871 0.07113815434509468
0 0.8907702735752612 0.35126008927946767 0.10200757367180667 0.09302452547386703
0 0.8052764449839541 0.9718570935255346 0.08992746168043854 0.05439514984955725
0 0.5422107388619127 0.2513210939022752 0.07914059459919952 0.07341612262686237
0 0.8825680539086235 0.12249609140250121 0.07448694775250594 0.07573605019932285
0 0.9400615764261573 0.20171203296051482 0.09177600721242604 0.08324130369571109
0 0.47396263227986424 0.22726773601064462 0.07340862952551347 0.058909127122399735
0 0.36462544251355733 0.5815264323149335 0.09239218905642178 0.09285668831109571
0 0.13424641247124958 0.04566091033872212 0.08604404213873998 0.06873430819124854
0 0.642008164480221 0.6092302484968404 0.10169948274980865 0.0882168331661747
0 0.6194294500099373 0.3982643206749094 0.08169848621404469 0.07586192807140134
0 0.41322354078995827 0.44279568368828826 0.07581247567935961 0.05895108641309262
0 0.4237558285487122 0.05312085102105438 0.11116082190419427 0.08598082417509995
0 0.9696922566800124 0.13364299012817416 0.04952421344805093 0.0608933803693176