0 0.5138177170639129 0.03633187787858077 0.10444095773563197 0.07266375575716154
0 0.35792693378537066 0.7159361267995562 0.11333342917658171 0.11495107720703092
0 0.8773593029803812 0.7200759680693962 0.07425005750594894 0.06937116452281564
0 0.06858486539218095 0.11754309424425687 0.1231169070899074 0.11797110520487294
0 0.4682352435654519 0.6014167453644537 0.05675076123726141 0.05867746168043853
0 0.296082833627205 0.6257291724025322 0.08146159596748746 0.06983330090581265
0 0.5702218151645673 0.7131974339239557 0.05881842079522533 0.05402381483374523
0 0.6451360091873156 0.7313355858250261 0.05401072848753303 0.05371572391174722
0 0.16365210191861518 0.8382509455234686 0.07888965651570021 0.06727540929096748
0 0.7957054636564973 0.32931122171110344 0.07458624410183144 0.0741788568305082
0 0.8329128591591226 0.878667090595449 0.09929707883205743 0.08533469605588231
0 0.9731278224717747 0.7267967719425253 0.05374435505645071 0.0928543254394188
0 0.37836018605950283 0.5419815130760703 0.05468310167929748 0.06333110852713184
0 0.06238076678540944 0.47771876216032017 0.06273510663054162 0.07581247567935961
0 0.1664926546672443 0.9479340364454664 0.07939393640952354 0.07448694775250594
0 0.17063901029033673 0.12669818488230075 0.08196587586131086 0.07704483936735117
0 0.20428461976921783 0.07262778792912462 0.06994664509208011 0.07627461206235643
0 0.15824952629248357 0.2602961324928298 0.09617031950377633 0.10906506667234599
0 0.6391516637940354 0.7148167536701009 0.06223082673671824 0.06860093721782115
0 0.9853066298807616 0.7914695499048731 0.029386740238476906 0.07402481136950921
0 0.2410882553769205 0.7198015624272364 0.06206273343877706 0.066197091063975
0 0.620208221075798 0.23672901936564575 0.05468310167929748 0.0633311085271319
0 0.8956996257052144 0.5679870379220241 0.049539222775722945 0.05821532529744179
0 0.7567237319176454 0.04809166232217202 0.06413039299674111 0.0615434442172816
0 0.3308287262512286 0.8118427632535415 0.05401072848753303 0.05371572391174722
0 0.6004374254191454 0.8863209391203098 0.05641457464137918 0.05386976937274623
0 0.46570616738780973 0.3408000652525758 0.054346915083415256 0.05852341621943953
0 0.4651343141949459 0.4362141247124957 0.06088608035318926 0.049370167987051926
0 0.27894555391217474 0.43245062520941524 0.04886684958395842 0.048599940682057044
0 0.24992251012667474 0.5526267913933606 0.06295373991115305 0.044716521140358484
0 0.11482867557524185 0.36449262563534635 0.05915460739110756 0.05883150714143754
0 0.2617642909901195 0.8428294120453186 0.05932270068904867 0.06123535329528369
0 0.9545927365415654 0.9095033787375392 0.05350644859370955 0.04650418545020876
0 0.9921443567426349 0.6500743225998783 0.015711286514730298 0.05340763298974922
0 0.9534688633044074 0.16828765482579194 0.043891063978324936 0.04588800360621302
0 0.5324178564441829 0.10351434300195793 0.07458624410183116 0.07417885683050818
0 0.47019526638242976 0.09422134841127744 0.06396229969879987 0.05913959806343542
0 0.39362484940516523 0.2077860164693178 0.05915460739110756 0.05883150714143754
0 0.7997979194982799 0.5777546255927516 0.07167811805416154 0.06681327290797075
0 0.5914197239543996 0.6019738883919683 0.06362611310291764 0.0543319057557431
0 0.5263972045524029 0.9152118326802385 0.049539222775722945 0.05821532529744179
0 0.7118800849771093 0.8743501328761661 0.08352925552545133 0.06517965405911934
0 0.03430862606280068 0.2489216817730073 0.03735189870855103 0.05504125183860076
0 0.12549380335309865 0.6378683232103811 0.053338355295768435 0.0441003392963626