0 0.85832886807532 0.5977495467092717 0.164918251986859 0.1686766570918043
0 0.33778226560897373 0.7149648507766536 0.09101246288258559 0.09049480144794259
0 0.30014205357195495 0.16416330357351075 0.11315062952970092 0.11250705044879329
0 0.5577341886858969 0.7111255756782596 0.0640666039277778 0.06839863386570581
0 0.6382690644740381 0.39974966346597446 0.135400696457372 0.13932699175733645
0 0.85406074161266 0.16170322553035174 0.10085164805908146 0.10027802322609834
0 0.6914294108038457 0.5934541789508849 0.06406660392777806 0.06839863386570595
0 0.23396626505421933 0.8909850074942522 0.08117327770608977 0.0807115796697864
0 0.67375821092751 0.8881141496051566 0.06395470364722218 0.06359094155801351
0 0.038906124766613134 0.13508302010518317 0.0687623959549146 0.06367486013939926
0 0.3680231532058754 0.8610120360915694 0.06166275777393164 0.06835667457501306
0 0.9602145887904909 0.5046620822993654 0.057414566869017136 0.09231121753208896
0 0.048597395080020915 0.5446031150104097 0.04673612958835474 0.04647030344624074
0 0.7767490285247864 0.03218862450296027 0.1195788660273503 0.06437724900592054
0 0.03908444543584376 0.6553059159594112 0.07816889087168752 0.0782657742252475
0 0.4579445883530442 0.817392234643627 0.1276856067333334 0.11756649850064267
0 0.03543922594748917 0.18079805631895288 0.06647045008162399 0.06844059315639872
0 0.25786384630293724 0.9482367426342851 0.11997051700929494 0.09580600524394875
0 0.39087175093600407 0.2406728708818368 0.08380092442104702 0.09036892357586392
0 0.13538059767638813 0.8939072614895813 0.09582015519027785 0.09057872002932808
0 0.38691621171687957 0.9784228640137955 0.10403678629871803 0.03065040334594553
0 0.2490677782339739 0.5002551092675203 0.06881834609519236 0.06607870629324544
0 0.8012459822917728 0.8822845379676671 0.07384983896399569 0.07577800949001556
0 0.2305053958693905 0.6267297677339466 0.0858131195929488 0.07358395978963372
0 0.1751879543217409 0.6805584671591507 0.09822400134412401 0.09062067932002084
0 0.6782052421405442 0.7486700930367333 0.06395470364722218 0.06359094155801379
0 0.8776655079523497 0.902576456050112 0.04176058685982899 0.039174846403316636
0 0.30385469838803386 0.41760123564150864 0.10554744008621803 0.09555424949979169
0 0.13413277384967917 0.37971496066531496 0.05886726063814104 0.05148779220739723
0 0.08482494768664495 0.43343876186378705 0.08877646714957275 0.09766438061878802
0 0.15048914542948705 0.14154537462642808 0.06373090308611115 0.053975556942629
0 0.6009015685650639 0.19856087413002205 0.1422765340772436 0.125029792706338
0 0.7690269042274036 0.40828018981552283 0.05920296147980782 0.06591086913047416
0 0.7989371156778843 0.31044188874178613 0.11041108253418813 0.09804201423502358
0 0.7199209331896366 0.14362025350145796 0.06384280336666684 0.0587832492503213
0 0.6414342671559294 0.05728550512428316 0.06395470364722225 0.06359094155801359