0 0.11800245648286381 0.5413661456426784 0.06811885949664294 0.07363176511817188
0 0.3838783559589482 0.4751762749435634 0.09959262975566383 0.09468263958237823
0 0.3453642431939107 0.8813099753895737 0.09962060103804145 0.09708648573622451
0 0.1742724391004837 0.9386070889133626 0.06571501334279678 0.07349175702329228
0 0.39903930360377554 0.12653672431798618 0.08743354257454496 0.08196336833874857
0 0.4607010071977614 0.16135693073742027 0.10920801437104845 0.09524267196189729
0 0.549293673860349 0.13648915332489475 0.08500172513832119 0.07941951409002265
0 0.6141992041448232 0.34686013302253793 0.06331116718895057 0.07335174892841241
0 0.8658626533809769 0.4011544404759352 0.08282164924349598 0.0985102752259121
0 0.6891914205185312 0.08217962687536116 0.08992130257552397 0.0893149148951668
0 0.08929279078734183 0.13852375700157304 0.07055067693286668 0.0761756193668979
0 0.04742212413699142 0.25619591898604493 0.0801940328306289 0.07913949790026314
0 0.7455016759290894 0.2764355782409252 0.09003318770503445 0.09893029951055145
0 0.4389866882925834 0.6693622222616876 0.06809088821426539 0.071227918964326
0 0.6738511857341916 0.7250803192047726 0.07057864821524426 0.07857946552074406
0 0.6404334113499269 0.5369621370482587 0.06809088821426539 0.07122791896432587
0 0.8382307241223068 0.19415550932585152 0.04394054154629337 0.06021245340014355
0 0.9179221159354528 0.33332115702482856 0.07295452308671294 0.07631562746177764
0 0.5161080903882457 0.9848746394520634 0.06797900308475491 0.03025072109587321