0 0.7715671815722439 0.6569053256427507 0.12970156279589362 0.12193558779499561
0 0.5604573282244197 0.12652019448082702 0.09305617513871448 0.10562280729200123
0 0.44510532687849297 0.356748068224293 0.08255924749909987 0.08348427095274119
0 0.42001595624392213 0.30026279441855047 0.06784232290127953 0.07551685105923582
0 0.25216914489574105 0.21350814807026125 0.0651446290726901 0.06817933235903627
0 0.7927140423495838 0.9615222341083397 0.09256642901414235 0.07695553178332058
0 0.6737563788817366 0.4934642304197806 0.07225821830931413 0.06615342692117346
0 0.8568262215260789 0.3651325253085276 0.08815053360610775 0.10296700066083275
0 0.7559749027197813 0.18594044984689628 0.1026715597540991 0.10612672824664589
0 0.12015759502747367 0.15261867672102034 0.06524257829760452 0.07058317851288234
0 0.6985764427022171 0.19012846258056698 0.10767515051162053 0.11118638103166052
0 0.41189833389750063 0.6308597415013693 0.06764642445145068 0.07070915875154345
0 0.48884584457238184 0.9765479977728866 0.0772618090668353 0.04690400445422682
0 0.3121530875693572 0.06673222001805845 0.10026771360025298 0.10600074800798473
0 0.6041509699319969 0.374678148591314 0.11209104591965485 0.10182295689359823
0 0.9784102690843997 0.2242248999733527 0.04317946183120059 0.1082888355424539
0 0.5869036189513209 0.7755586560192886 0.15884156431679075 0.13065888912046775
0 0.7080775175189185 0.4233015395036439 0.10689155671230456 0.09195561180089129
0 0.1105768159680743 0.7122160204221716 0.07024616905512576 0.07564283129789719
0 0.07016657192127668 0.1619923224783668 0.08255924749909986 0.08348427095274126
0 0.8905922788524627 0.5168216826685155 0.09237053056431349 0.08879588421507816
0 0.7090386576769976 0.3585866637077895 0.09438257981850193 0.0793064798383547
0 0.5848303246543487 0.9601508889107978 0.06274078291884394 0.06805335212037497
0 0.41922208353157675 0.7811631162360846 0.055529244457305484 0.06767541140439175
0 0.23418916624550334 0.920186148800984 0.09796181667132128 0.10827861392316972
0 0.13314813775896456 0.2948235405139269 0.11169924901999707 0.09220757227821362
0 0.4300313180458489 0.19284559892744052 0.0921746321144845 0.08398819190738585
0 0.6326114085392318 0.631632615765888 0.11689873822734717 0.10207491737092056
0 0.9502109570043706 0.33164720627410477 0.07804540286615072 0.09044384893695732
0 0.801554120561386 0.1271619776970425 0.08295104439875772 0.09309965556812588
0 0.15845385756057512 0.062275253974513646 0.1438307920442271 0.11547993076542401
0 0.13289099426635195 0.46511867672102036 0.09237053056431342 0.08879588421507816
0 0.37981985562917 0.5500210555605124 0.08947693828589492 0.07665067320718623
0 0.3956284836486725 0.731952371011211 0.05533334600747663 0.06286771909669944
0 0.5155800084221362 0.6734735170290839 0.08476719520311704 0.07880255888371004
0 0.7575011888839908 0.8120844936141309 0.06494873062286097 0.06337164005134409
0 0.9407935159105361 0.6047408160226075 0.11841296817892791 0.08802978116382712
0 0.9369326482588753 0.4472888929456845 0.08996668441046733 0.088669903976417
0 0.5371677478204397 0.2908108261129472 0.06985437215546798 0.06602744668251237
0 0.40546231605724226 0.060828141633535865 0.09938617057602296 0.08436613262336935
0 0.22306993770041675 0.32352327088285127 0.07265001520897191 0.07576881153655811
0 0.31399367212552093 0.40624654959398343 0.08457129675328819 0.07399486657601774
0 0.19127911833724184 0.6912589639212663 0.06553642597234795 0.07779471697442102
0 0.24241899976446252 0.739514635736897 0.08437539830345933 0.06918717426832544