0 0.43504811126328363 0.04173141285416703 0.112339213286022 0.08346282570833406
0 0.363123649470282 0.7350249986946588 0.12237419080833484 0.13551546436609657
0 0.8778255450750396 0.6370290411794889 0.0806276610884009 0.08145943725085446
0 0.035997483140467273 0.2002858246211539 0.06712768856056618 0.13308219691153836
0 0.458297535585024 0.6015074725581205 0.06118709540416749 0.06775773218304829
0 0.29196451547984087 0.6581912757193025 0.0878811588406321 0.08449421126666633
0 0.5729986357341994 0.690180628361682 0.063507022976628 0.063160349162678
0 0.6501105294653939 0.6942680388596879 0.05869933066893569 0.06273973058803396
0 0.18651270915962054 0.8925199636770659 0.08543535339609314 0.08188005582549843
0 0.749822726021688 0.26904389095847725 0.0807115796697864 0.08626712955854685
0 0.8530135664275751 0.8017072133683065 0.10740564310625117 0.10300360864216501
0 0.9708506943034558 0.6210896672940902 0.058298611393088444 0.10946435394772071
0 0.3624644674035515 0.5593339201765677 0.06127101398555313 0.0725654244907406
0 0.04345134053062213 0.5583537469005699 0.06869234890055573 0.08521558312193715
0 0.2011394992439842 0.9718921087506414 0.08455420829154367 0.0313992865947292
0 0.10686898538823598 0.19167785449131075 0.08800703671271061 0.09170574972820493
0 0.1335061931808388 0.13156698999480082 0.07594584665278702 0.08825035713774916
0 0.11042062874395758 0.3261880844630344 0.10782523601317945 0.12704207018062655
0 0.6426052759690056 0.6780720436447306 0.06856647102847738 0.07800404466039869
0 0.9883279863861176 0.6821175022828367 0.02334402722776474 0.082481562386752
0 0.2480327491205164 0.7619467675630347 0.06852451173778441 0.07560019850655254
0 0.6538637799681369 0.21965880011538588 0.06135493256693864 0.07737311679843291
0 0.45180601211199006 0.09168177865541396 0.07316436688270536 0.06640543246581182
0 0.6178981955482731 0.8487598312181635 0.05384967907055056 0.05991526585954405