0 0.48024687060596993 0.24023838162173947 0.08947693828589492 0.07362591908032648
0 0.17909471874842278 0.11457857580045998 0.07765360596649312 0.07822381493455467
0 0.4484724118165637 0.10627336601209372 0.07735975829174972 0.07101227647301621
0 0.8525858809595112 0.06318749251335226 0.06725462755179297 0.058825208541014126
0 0.7787829172860735 0.13533875312725233 0.07966565522068145 0.06865038960986289
0 0.8793241349527078 0.43865512800315076 0.07966565522068145 0.06865038960986289
0 0.6374723798205211 0.8620494755290843 0.07235616753422856 0.0661206655839382
0 0.4919560002355375 0.7192602185350404 0.08236334904927088 0.0759038873620941
0 0.28457429909520116 0.8862253577694302 0.07505386136281814 0.0733741633361694
0 0.23104074331831537 0.7262166477290587 0.0678423229012796 0.07324828546409087
0 0.3959816919577515 0.48072181194090946 0.07735975829174972 0.07101227647301628
0 0.18166184931340928 0.3463399331931497 0.07986155367051037 0.07345808191755519
0 0.1509444883896999 0.5991004333178849 0.06274078291884394 0.06595282842116691
0 0.06939535566113636 0.7434509971285552 0.06264283369392952 0.06354898226732075
0 0.030691931413256823 0.5604169318185275 0.06138386282651365 0.06603674700255269
0 0.8987915969588787 0.31460529533591686 0.05783514138623721 0.0634650636859351
0 0.5587534957014467 0.43584323177218215 0.06244693524410066 0.05874128995962845
0 0.8349938232831866 0.7012617888420812 0.06803822135110839 0.07805597777178346
0 0.5510502195980393 0.7722767950839116 0.06264283369392952 0.06354898226732075
0 0.37229423299337494 0.5904324862664521 0.05013385680012647 0.051319955044625803