0 0.05017925465273632 0.5982943410994691 0.09993133323829004 0.11433489536303518
0 0.684275758067086 0.30886519242127564 0.12422162724904787 0.12308688843456315
0 0.8025907089348038 0.8187706840446397 0.0748015976532114 0.0815444407530454
0 0.05154150886570201 0.14281207706505394 0.10308301773140402 0.13177800028395406
0 0.5978021439414039 0.43944495443961884 0.06211081362452393 0.0615434442172817
0 0.5845733819670288 0.26633759075162716 0.07745727627935367 0.08891002467558301
0 0.7287392528356189 0.5189079390635224 0.057387065474263574 0.06363919944912985
0 0.7636484318121359 0.5886033360166986 0.05721917715939968 0.05883150714143754
0 0.7616262148549442 0.09458251079024531 0.07256563981422942 0.08619808759973895
0 0.40520059613329956 0.8149877983644274 0.0796092899609037 0.08185253167504342
0 0.9390261601408204 0.7407817455916201 0.07812882953881065 0.1081407939063521
0 0.8358629768413949 0.9353410809978158 0.10233517939213609 0.11448894082403391
0 0.5197496504318042 0.3633709699576923 0.06691850593221624 0.061851535139279434
0 0.3879540541680154 0.06702267237413849 0.07918956917374327 0.06983330090581273
0 0.8667391595705605 0.08565848834369988 0.07902168085887896 0.06502560859812044
0 0.06985650049293954 0.24178532363631222 0.08226496858704609 0.08921811559758094
0 0.032978463355579 0.2836377046454838 0.065956926711158 0.07689079390635224
0 0.19889725771671135 0.20307473306925683 0.11650642384291686 0.10820167512848934
0 0.7456615577370057 0.5862460719822832 0.07197803071220495 0.0693711645228159
0 0.9010186554675375 0.932288769983249 0.07952534580347176 0.07944868552119726
0 0.6630227209297254 0.19306502277309429 0.06957418455835852 0.0692171190618169
0 0.27566383304255615 0.6609285602407936 0.06691850593221624 0.061851535139279434
0 0.6587910981582266 0.8661723864610859 0.061858981152227537 0.05433190575574324
0 0.1214895106948952 0.8329451490047425 0.06476649225066632 0.06890902813981917
0 0.7725350748329054 0.26513198286339185 0.05721917715939968 0.05883150714143754
0 0.9035637360127736 0.5144512349859467 0.05730312131683162 0.06123535329528369
0 0.34308983345817534 0.4893759502654977 0.06202686946709184 0.05913959806343541
0 0.43651932403428917 0.47006631589857284 0.05266331732400349 0.065734954680978
0 0.3922923945322104 0.28774482275605634 0.05224359653684292 0.05371572391174729
0 0.5025221033123733 0.2357826377317786 0.05025947117015734 0.06558090921997912
0 0.29023197389583355 0.14026479974160283 0.06219475778195602 0.06394729037112776
0 0.7871985465612467 0.19018105632223278 0.0670024500896482 0.06425538129312566
0 0.7626563181793933 0.9619697171678472 0.057051288844535225 0.05402381483374523
0 0.2818985250771942 0.9889640808132439 0.0471001275994224 0.022071838373512138
0 0.12714430365452928 0.6020218727745127 0.07960928996090368 0.08185253167504355
0 0.10516247397315387 0.5415871873952924 0.06236264609682016 0.06875498267882016
0 0.19887433143324829 0.44520043064429166 0.06219475778195602 0.06394729037112772
0 0.6464818923767941 0.7702191678876696 0.07231380734193302 0.07898654913820052
0 0.6248549360697996 0.5616398531249129 0.05995879994297418 0.06860093721782115
0 0.915949277823417 0.43574049375301943 0.061858981152227537 0.0543319057557431
0 0.9165292278478206 0.6261064762898625 0.07264958397166164 0.08860193375358513
0 0.159909178976517 0.0777057609251218 0.05696734468710328 0.05161996867989907
0 0.5579555778316357 0.09719066933583356 0.04751984838658284 0.055811479143595535