0 0.43627100365649557 0.43386522631500374 0.1071218946362482 0.11106040079299936
0 0.14438038844563322 0.23643323069934075 0.09185876914389272 0.09588144243795546
0 0.5251455504518242 0.19048429965435656 0.08154334405410929 0.0833582907140801
0 0.6712478452416428 0.9792489066896383 0.06614021046687395 0.04150218662072355
0 0.8731528214999817 0.4256066198706649 0.0713679270592056 0.07323898514405076
0 0.42751488985035796 0.9007255227350865 0.0713679270592056 0.07323898514405104
0 0.8120907084105753 0.13842021622466424 0.07927950599514287 0.08563615662926509
0 0.17337616150665103 0.46681940994294596 0.10684187844648872 0.10625270848530705
0 0.5843672144925948 0.1168996990558003 0.08945492299004656 0.09575546219929436
0 0.3828274774675915 0.29805814024198024 0.0937025829182198 0.086392038061232
0 0.5908482744874617 0.8865186306218372 0.08394719020795531 0.08348427095274119
0 0.23876779284211555 0.7254746103394456 0.0713679270592056 0.07323898514405076
0 0.9816603804050513 0.4172305944033235 0.0366792391898973 0.05527823991917735
0 0.8564258574056814 0.9768561123568891 0.07038787039504732 0.04628777528622189
0 0.27473289413670826 0.6434816590120699 0.11206959503882039 0.11371620742416784
0 0.5748162260484979 0.734698382213546 0.08112331976946995 0.07614675225254157
0 0.6447163112619267 0.5358567103280254 0.08917490680028696 0.09094776989160198
0 0.16820547311608386 0.6043476724764634 0.10485805657728185 0.11333826670818435
0 0.5872447484071533 0.6394893878496586 0.1013341456643976 0.09398151723875395
0 0.2958323072579251 0.47084055596081875 0.07377177321305176 0.07336496538271206
0 0.89352960718114 0.15826555421981298 0.06896408090535945 0.07311300490538972
0 0.5627885057345133 0.3841777745873216 0.07603561127201804 0.07108709946752693
0 0.9697046657604227 0.5772804448017266 0.06059066847915472 0.08551017639060386
0 0.7409638700041028 0.5013584385746712 0.09143874485925352 0.088669903976417
0 0.06038578115589759 0.2344277685000464 0.1020104775979063 0.14674015238470817
0 0.9767982223051258 0.8609342909555727 0.046403555389748434 0.08335829071408003
0 0.11622866719772611 0.864041379640105 0.0549610282669218 0.07956866193496108
0 0.9890037566757861 0.9519603833954314 0.021992486648427755 0.08551017639060413
0 0.058130432641685 0.58659634084815 0.03927787848992696 0.05717816511837885
0 0.019463368338748562 0.08729434297042848 0.03192633193350873 0.05439637824854927
0 0.07550665540291251 0.494043153115431 0.061332518159181657 0.06552352572786778
0 0.9299187360042042 0.9270553926152683 0.05582478537709052 0.05325233448131483
0 0.13249443631989968 0.9762713782485494 0.03899786230016744 0.04745724350290131
0 0.874306205919894 0.6305685549505358 0.1013341456643976 0.09398151723875395
0 0.3936459067351296 0.175204915108862 0.08168335214898903 0.08576213686792625
0 0.1767104040924145 0.8120913944261641 0.056664833946369085 0.06767541140439175
0 0.2547642784697442 0.938403965312822 0.0713679270592056 0.07323898514405076
0 0.19910208815319314 0.9673778246006453 0.07363176511817195 0.06524435079870947
0 0.7684347730175797 0.31467219931632673 0.0635963562181482 0.0632456598126827
0 0.7541291172237228 0.2336394322078359 0.06896408090535945 0.07311300490538973
0 0.704769534327222 0.12680448021962737 0.06345634812326832 0.060841813658836605
0 0.18113924280295476 0.12692202884139542 0.05596479347197025 0.05565618063516084
0 0.3194281575460876 0.3822080880555219 0.046629425046345215 0.0599599519882085
0 0.750542570232922 0.6863916023014944 0.07220797562848429 0.08766206206712795
0 0.7865398696131586 0.913549953030314 0.04126170035913372 0.05009260689550169
0 0.8038697968678363 0.7790554378439485 0.06175254244382099 0.07273506418940638
0 0.28317967533604416 0.8296537556964858 0.06331634002838846 0.05843796750499035
0 0.6739751214231965 0.07126916901348561 0.0609124938745423 0.05831198726632929