0 0.41615643502398747 0.4560425958193876 0.11125064721753529 0.11459932168239093
0 0.49684525874479313 0.17964904663858422 0.07689735326949404 0.08781372074872398
0 0.26406049119918795 0.05033270840151019 0.09542867470606825 0.0653450531503798
0 0.16997001603821732 0.11339720023938495 0.08170504557718641 0.08820616923375334
0 0.39039710020841906 0.64219360374362 0.09867185821294856 0.09438743123904832
0 0.22430540633731996 0.7857136056020015 0.08679251700255677 0.09821400233416738
0 0.8962575772980684 0.595954646420088 0.07180988184412375 0.07780588764831009
0 0.7791922646525868 0.1990996259032887 0.07661757415181605 0.07819833613333937
0 0.6962816829078129 0.23429908510758293 0.0793011994233402 0.08800994499123867
0 0.6071645132669564 0.22102917274992476 0.09139037497199053 0.09139491235765813
0 0.8594634422516734 0.23802694898319585 0.09867185821294856 0.09438743123904832
0 0.5870413688401209 0.8069300046832552 0.07187982662354332 0.08020973380215625
0 0.3288912115018815 0.959722296281745 0.06177482855222206 0.06259791375517446
0 0.6346451533785633 0.6297565534031933 0.07456345189506745 0.0900213426600554
0 0.5263779985583507 0.24680947158134905 0.06445845382374617 0.07240952261307375
0 0.5604756465064301 0.6356928326544692 0.0765476293723965 0.07579448997949328
0 0.8242286123795594 0.4282007522450618 0.07456345189506718 0.0900213426600554
0 0.9390701444462745 0.2541177336015646 0.05937098239837587 0.062401689512659786
0 0.04493908875810344 0.761479514919274 0.047491641187984164 0.06622826060777871
0 0.13251545069693277 0.39212086270852925 0.06686229997759242 0.07260574685558843
0 0.6723188017942333 0.44098089746076496 0.07180988184412375 0.07780588764831009