0 0.44773893608200493 0.3379430287881809 0.11254723105318476 0.1119295869439405
0 0.7775745776613558 0.3295092234345205 0.08518065059488358 0.09596642097718622
0 0.5775521556066656 0.6105825309530751 0.06681327290797075 0.07094790277456625
0 0.1647621529942917 0.3065270690019502 0.1325482275889488 0.12506888247220943
0 0.23554876501405334 0.9023201622233822 0.1218545247465715 0.10768192701576741
0 0.6362185628531674 0.012302050897066355 0.061389398756282625 0.02460410179413271
0 0.25003965263934913 0.4332782917631777 0.11254723105318483 0.1119295869439405
0 0.162125396243291 0.2168728665647986 0.09371771698327531 0.07969953027978215
0 0.8020807027997825 0.6010975433125861 0.06952520998381491 0.0758956031771383
0 0.7042503404889663 0.7636597618526207 0.0741788568305082 0.07377177321305176
0 0.49997184193713023 0.8869192717866079 0.07852441275520364 0.06684025094127276
0 0.12092516490615215 0.4300214211943774 0.07285332890365467 0.09045868819509496
0 0.22756471669932127 0.01929004058299448 0.052945496606752476 0.03858008116598896
0 0.051714975324417 0.07122904053955623 0.06363919944912981 0.058788663910455716
0 0.6341712321464061 0.10076898846581597 0.0692171190618169 0.07108791086944605
0 0.9029075819774538 0.023727368838288528 0.06363919944912985 0.047454737676577055
0 0.5594891840304387 0.4439933973224016 0.09719988136411409 0.09666646145158503
0 0.09376473924524895 0.7417395224020937 0.07356267498651234 0.06415638859766713