0 0.051843108897108275 0.2254671190618169 0.0769900902556774 0.07433290229150707
0 0.3575941069881278 0.3247429293381047 0.07201430465004403 0.07162096521566305
0 0.6186629946609075 0.1652058653207274 0.11333342917658164 0.11495107720703099
0 0.8518201582004941 0.4566210233410023 0.08436972201515676 0.0771988848283501
0 0.3885837303662511 0.3822650500610511 0.07492243069771352 0.07898654913820052
0 0.5640996861626403 0.876436235937191 0.07492243069771352 0.07898654913820052
0 0.4882164358277507 0.13149298035040025 0.10114610510940981 0.11177700374819001
0 0.18779500322105686 0.2667766561461799 0.0642984862946821 0.06394729037112772
0 0.6703380102600744 0.3930768305363905 0.123671726966401 0.09168284297356426
0 0.923984962865669 0.1497598241758266 0.0740314242253374 0.10046711906181693
0 0.3810200919253401 0.6630833542891229 0.06155845354495371 0.05898555260243654
0 0.771014462074841 0.6108075511258788 0.0797301230054057 0.07929464006019839
0 0.7012089603900471 0.14152023441803857 0.11556918203248674 0.11270127651418377
0 0.08445656849632714 0.7949923290456318 0.08968169421667269 0.08471851421188657
0 0.23785777907273295 0.9634003849703271 0.08453781531309815 0.0731992300593458
0 0.37281534709320524 0.22792631922083187 0.07184621135210278 0.0692171190618169
0 0.6419543929664788 0.4709403217338235 0.08420162871721598 0.07479503867450396
0 0.40707623300553514 0.8084228823579533 0.0519430689295691 0.05836937075844052
0 0.6051221275688013 0.06533878659454398 0.11667882178547415 0.06012475205156632
0 0.012802320517400812 0.9018417204475112 0.025604641034801624 0.05596552460459437
0 0.7852200256501862 0.9256182330408631 0.09001788081255505 0.08952620651957889
0 0.5851031117303166 0.6278692272056126 0.061390360247012464 0.05658170644859032
0 0.08953943087650665 0.11801768732430386 0.1284288792914231 0.12549073458840931
0 0.07056192152552895 0.45847000901553253 0.07184621135210284 0.0692171190618169
0 0.2261565816501345 0.5469160549024626 0.18445672735424967 0.20805261234631048
0 0.7310994205559076 0.7845167975551599 0.08453781531309801 0.07960273098219627
0 0.6830054641626144 0.7126181820285675 0.09090888728493104 0.06804563659596251
0 0.9299874615081992 0.5473491529375043 0.06581132597615252 0.08558190575574323
0 0.8943241724875848 0.3494796825254872 0.09689323267821127 0.08518065059488335
0 0.19175399236407845 0.33101773833659937 0.07218239794798514 0.07402481136950921
0 0.010212507799583572 0.25716495634210756 0.020425015599167144 0.06721452806883053
0 0.11970674101417413 0.6016671997330838 0.0694423651982567 0.0690630736008179
0 0.45649678253310744 0.4469825677371736 0.06994664509208011 0.07627461206235636
0 0.3725901570369485 0.766371716174008 0.07766246344744204 0.08394828690689156
0 0.1714410932374166 0.9752969320924556 0.07408196420800782 0.04940613581508876
0 0.10302376117673685 0.9265715441548121 0.06413039299674098 0.0615434442172817
0 0.45589198264038333 0.5592235502740166 0.07525861729359576 0.08379424144589283
0 0.2889663783218018 0.183919144163331 0.07458624410183123 0.07417885683050815
0 0.2935136940076173 0.23974676481528887 0.08900932102490823 0.0751031295965019
0 0.4964887539589261 0.6692756133401496 0.08436972201515704 0.0771988848283501
0 0.22094624938039936 0.7940805129766881 0.08040249619717035 0.08891002467558287
0 0.22984751746275414 0.8912356546270275 0.1387671770812426 0.10222250035494249
0 0.02603966773026486 0.5424362798364427 0.05207933546052972 0.09929563659596237