0 0.4256312692459004 0.22851795477500694 0.11640964852219245 0.12156594862290539
0 0.9402048461841085 0.4539299757250267 0.10203711158178554 0.08749238168189886
0 0.6983826411255886 0.562377811403863 0.0797301230054057 0.07712149964962546
0 0.7532843760854975 0.589377193786511 0.07151002475622056 0.06244659025425228
0 0.8253992007344421 0.7591535898507088 0.06413039299674111 0.059790911628109726
0 0.11267752933474728 0.19848136646836143 0.09001788081255498 0.08707266089473843
0 0.5809479594658191 0.3303265429390875 0.06223082673671817 0.06691850593221624
0 0.7262971650909809 0.1517512775503628 0.09929707883205743 0.0826007452167744
0 0.8974909952578114 0.25661999792190404 0.10270948477355027 0.0971077662972834
0 0.8756778100345302 0.892341923789748 0.06653423915058727 0.059874855785541956
0 0.8883040805622445 0.3147739984800882 0.10785336367712481 0.10208334691983992
0 0.42062909371605195 0.587740333665985 0.06670233244852825 0.06227870193938811
0 0.06749937569764884 0.5000686769515899 0.06977855179413896 0.07197803071220481
0 0.9640672577328838 0.7030485620719898 0.07186548453423242 0.09255190646188757
0 0.6945000219230123 0.40347213277772054 0.09617031950377626 0.10647131844037183
0 0.8791435557908928 0.02526703853885881 0.10857627685155954 0.05053407707771762
0 0.29006554153406444 0.4091612896878494 0.12340255370311937 0.15298383693776949
0 0.6558539168136025 0.2987941760551069 0.08862259444635558 0.10141179366038326
0 0.3113287837571776 0.8855425489365483 0.07167811805416167 0.06485043640809843
0 0.8607586898925947 0.9374426588166423 0.08179778256336963 0.07239775149936524
0 0.576636870343425 0.11360264038448926 0.0852101885048626 0.08690477257987425
0 0.7210099029143604 0.3001334530352098 0.0757628971874191 0.08897284210399206
0 0.10429701449614608 0.4060096051947355 0.06396229969879987 0.057387065474263574
0 0.2704139790920025 0.5761179483498512 0.06362611310291764 0.05257937316657127
0 0.11312958934658061 0.7563148576026595 0.10477714433151412 0.09238401814702311
0 0.7335399703530598 0.8756180416149097 0.08655493488839164 0.10613554181064334
0 0.8612893597106333 0.5831958605482209 0.08057058949511141 0.08914073041885609
0 0.4389864497572552 0.36781511546193574 0.09650650609965862 0.111279010748064
0 0.7680705894951114 0.05992816363249031 0.08660547487106221 0.07256563981422938
0 0.9574322507681315 0.21344614897713707 0.085135498463737 0.0775412204367859
0 0.9578725157339572 0.8574823250201682 0.0842549685320856 0.1361569138608467
0 0.5621104735892478 0.87076076910028 0.08521018850486274 0.08690477257987411
0 0.4988716470313227 0.6211537850145665 0.07302286443769071 0.08408120563886766
0 0.31673415921550874 0.6010072891296653 0.05865032749728422 0.05000763869786094
0 0.3867906809143345 0.4828944886285071 0.07509052399565465 0.07935745748860744
0 0.268431486115889 0.23762206631757782 0.05932270068904867 0.05962302331324569
0 0.49327570811591487 0.05943792754843425 0.08275580236834615 0.1188758550968685
0 0.6507023612015027 0.07005104273127791 0.08504209520692149 0.08450092642602806
0 0.7727760819045832 0.4718252975145034 0.06206273343877719 0.06451465977837009
0 0.9764564617475169 0.6110308549663792 0.04708707650496617 0.09411631104141271
0 0.7127293481082199 0.7847755527133482 0.07184621135210278 0.06725428256194459
0 0.6374960008059593 0.6910141150463166 0.07028283168796233 0.07918956917374341
0 0.339519597727937 0.8062423307324992 0.07391387091006671 0.06253053441168423
0 0.29607403698580004 0.7535408708685901 0.06547513938027003 0.07902168085887896