0 0.7266941570615165 0.26182453568269337 0.08463808142594823 0.08947650704858458
0 0.6215053107565998 0.16575846322508975 0.0725489248176434 0.07703755549219336
0 0.2218297227274155 0.4957569905108692 0.07491081546804505 0.06990996118808687
0 0.4435343802996473 0.8064597992543006 0.1063566078174522 0.10465508138855029
0 0.35635420375200394 0.5066811176946724 0.10149297483850074 0.0948718084583015
0 0.1743759409734003 0.18377592266130388 0.08945975890145519 0.09204824151729489
0 0.46688756861518377 0.9234088192184413 0.15214156608304755 0.12548078961052903
0 0.834901395548981 0.45872623036568727 0.09425346604133285 0.08981228367831279
0 0.9800551858555266 0.295035734765916 0.03658912868465446 0.09260531620763515
0 0.9087509409734003 0.15813098256580166 0.08217829460084267 0.07977717827576786
0 0.13437603405223422 0.4495421061032942 0.06775521767776581 0.07927351333117535
0 0.8403919570141499 0.9608362719685212 0.08665034288097982 0.02225275889832436
0 0.14220291989762374 0.34352104286176716 0.0725069693141989 0.06982601703065491
0 0.6385955479565557 0.7395641686561477 0.07734263195752078 0.0748015976532114
0 0.7469598287105806 0.0832683670386213 0.07978843361481143 0.0820970802721819
0 0.4620317295752891 0.7253013719197139 0.10638457815308176 0.10946277369624259
0 0.14354309194239595 0.732818203548696 0.077328646789706 0.07239775149936524
0 0.5060717472846326 0.1782012443202914 0.07498074130711913 0.08192919195731775
0 0.014715162736888806 0.7710470062825908 0.02943032547377761 0.09252137205020307
0 0.8086113219923371 0.8465849027092389 0.07983038911825592 0.08930861873372027
0 0.1568000100632362 0.5196580981461509 0.045966765447187634 0.052075708221978885
0 0.7502283512034958 0.5542123527988873 0.055610120398201755 0.05721917715939954
0 0.2423890829005904 0.26672005263602794 0.06526746051703086 0.06476649225066634
0 0.0672998983686355 0.20554028382087783 0.058083892391121994 0.0693223520860624
0 0.25655423557424306 0.10399874438553604 0.06044578304152377 0.06219475778195601
0 0.15072906413375306 0.11730767192793244 0.09179367921622734 0.08011295490549616
0 0.6792116036167222 0.1613399572928735 0.06043179787370899 0.05979091162810985
0 0.13121618748123964 0.7861225397204717 0.08947374406926997 0.09445208767114092
0 0.8421626834530206 0.2433721392028763 0.05317830390872603 0.05232754069427514
0 0.24346273540173205 0.9083790873980869 0.11355416111117587 0.10250306770700053
0 0.060365659197944684 0.7777815846724105 0.0773706022931504 0.0796092899609037
0 0.24277367501549735 0.20061428340525866 0.06044578304152377 0.06219475778195602
0 0.47943204453261884 0.6261560705099968 0.06529543085266044 0.06957418455835872
0 0.8120912247127732 0.8680936018577061 0.06041781270589407 0.057387065474263574
0 0.011815644480766798 0.5163652302110466 0.023631288961533596 0.06823107803944527
0 0.5483316419057497 0.9698335640195966 0.05541432804879475 0.02356533100555352
0 0.140497530779368 0.43010147647894476 0.08947374406926997 0.09445208767114106
0 0.38970656744268256 0.7638773889503688 0.06529543085266044 0.06957418455835879
0 0.7573272069673666 0.7798800867094134 0.07011710832816767 0.07214591902706885
0 0.23657984838384133 0.8521405352549984 0.11127618146766292 0.12405373893418369
0 0.3121503708046301 0.04918341337998268 0.09425346604133271 0.0898122836783129
0 0.30908761905318966 0.5756257210722904 0.09429542154477707 0.09702382213985125
0 0.6459982902490421 0.0867940216507689 0.13542652434864275 0.14412394973927373
0 0.4230349675734787 0.0003700896308234616 0.06258391100688872 0.0007401792616469232
0 0.43516527833007845 0.1794756738876149 0.0507464874192503 0.04743590422915075
0 0.5970954409158966 0.4369886250283868 0.10885835014600186 0.12156594862290532
0 0.8008156119031749 0.12104308503486089 0.08713982375449775 0.10638737428293975