0 0.7398983399316952 0.7856309385716705 0.07253493964982848 0.0763156274617775
0 0.31690292379621265 0.15543029524592025 0.07976046327918172 0.07913949790026312
0 0.8310882528664381 0.14452664293480594 0.0507884429226948 0.055824785377090486
0 0.63271660721317 0.5366821208584992 0.06769927700650659 0.07122791896432587
0 0.9446432153327634 0.45632548088517666 0.07742654296440978 0.09101872057461417
0 0.9718356230848174 0.3197844241775801 0.05632875383036516 0.061052501969422135
0 0.8096386500840127 0.9802639834410153 0.0749667561393042 0.03947203311796944
0 0.1256658981815017 0.534784643608099 0.09672723803425279 0.10415801610288297
0 0.4924761993280769 0.594597416538802 0.06769927700650659 0.07122791896432587
0 0.2401151100328245 0.7937688702212942 0.08701395724416468 0.08677106064644081
0 0.38156202951329987 0.11714320611536627 0.06286361436318472 0.06614021046687395
0 0.32624100912074955 0.7278957000985044 0.07980241878262612 0.08635103636180147
0 0.5578547398324767 0.47344763914799554 0.08216430943302787 0.07927950599514287
0 0.5977917134984762 0.7292935378968411 0.07738458746096527 0.08380718211307571
0 0.36494109679028897 0.9728968986293902 0.0628496291953698 0.05420620274121946
0 0.17215710742174417 0.6780697974108144 0.06530941602047524 0.07349175702329201
0 0.3376239147544071 0.6192207405729031 0.06289158469881428 0.07094790277456625
0 0.6155804077340226 0.06949591844306671 0.07000522698564911 0.05454100398228249
0 0.6925524327444511 0.08238963901768082 0.05310837806965196 0.04154171654889337
0 0.549895796247996 0.5510826108159164 0.08461011109031838 0.08663105255156107
0 0.7153781914587726 0.9079589304985097 0.07253493964982848 0.0763156274617775
0 0.22961166726120036 0.6405646070725444 0.07013109349598232 0.0761756193668979
0 0.5073468016212274 0.6723605420311576 0.06286361436318472 0.06614021046687395
0 0.48972272397886074 0.5343612545977684 0.058153818230196046 0.08268711735403755
0 0.2805733220712812 0.31311593900605306 0.05080242809050958 0.05822863153093667
0 0.8769944891239073 0.8068325538259711 0.06768529183869167 0.06882407281047985
0 0.7466973159426972 0.7151375013178483 0.0725069693141989 0.0715079351540852
0 0.7624815426622684 0.33037025433713885 0.055610120398201755 0.05850864772069618
0 0.790355727345294 0.16498304378338832 0.05080242809050945 0.05822863153093665
0 0.39786450879716806 0.027979032010293878 0.06015209451741299 0.013115586987378811
0 0.7898880255786478 0.2911149628128715 0.07976046327918158 0.07913949790026314
0 0.24626297438528907 0.4048358216302964 0.05802795171986283 0.06105250196942217
0 0.08018781225268248 0.3591175707759001 0.06286361436318472 0.06614021046687395
0 0.6916030440433439 0.3322496309228011 0.06526746051703086 0.06628021856175369
0 0.6953440764338019 0.9646395442286304 0.09425346604133285 0.07072091154273909
0 0.260122056077315 0.9283023965187939 0.055610120398201894 0.058508647720696146
0 0.9399202353871091 0.6771293068018234 0.050774457754880147 0.05342093922324436