0 0.6156586795041316 0.19927566433151642 0.07336496538271192 0.07092835789163057
0 0.1083721393015873 0.8076442651094374 0.08082846432157278 0.07586192807140162
0 0.34132392060519445 0.6700132711017974 0.07829863792906554 0.07341612262686244
0 0.2963028485176172 0.8649616689543239 0.113842187662829 0.11006124500425439
0 0.10551215948226636 0.01985407529898429 0.09083201127222504 0.03761018606332704
0 0.499941991091546 0.8324914960008686 0.10625270848530705 0.1027238286706374
0 0.5290145513668117 0.9470132161574667 0.16217107121707441 0.10597356768506654
0 0.733237727446033 0.2889881356094641 0.086392038061232 0.09036892357586392
0 0.860217635597117 0.489340468900374 0.09322563580678725 0.08328326298640384
0 0.3836108635133464 0.537459975022539 0.10562280729200123 0.09070459790140663
0 0.19612274553625608 0.7635446615873416 0.07867657864504889 0.0806276610884009
0 0.25798096232004064 0.5232588611372809 0.0781726576904043 0.07101227647301628
0 0.17258488414518813 0.22276319555334273 0.08082846432157278 0.07586192807140134
0 0.9837144339488417 0.31633529782048186 0.03257113210231648 0.09935491883085613
0 0.9072220662417947 0.19475833353531072 0.07817265769040424 0.07101227647301621
0 0.911976860450675 0.9879232898323586 0.08374645304934784 0.02415342033528298
0 0.8196586403627264 0.8152565228468232 0.07349094562137336 0.07333220404547693
0 0.6257354381933986 0.1165947277679811 0.13851055039459637 0.12250006868041338
0 0.5292699622501507 0.6588839984981077 0.07576881153655808 0.07097031718232326
0 0.3440580497846198 0.6076181693285295 0.10119305570029241 0.09783221778155944
0 0.09182107034657147 0.4230918194300921 0.06830531259769737 0.06603674700255255
0 0.16126531590186133 0.48794762300106803 0.05590814111248315 0.05861541208754991
0 0.5066649410273661 0.7545553128089864 0.10853057440049205 0.10036194180748399
0 0.06111919858560384 0.7996145204793887 0.04261888633735663 0.07999827172800823
0 0.13281077479699172 0.15122034465448875 0.06830531259769736 0.06603674700255259
0 0.07399984778689436 0.9079134752745441 0.05704196326043354 0.0802500274721653
0 0.0582251035024138 0.44652187125350756 0.0685572730750197 0.07084443931024499
0 0.6297768978510743 0.9903183229252129 0.07122330132547242 0.019363354149574043
0 0.8822743989821036 0.8643824281910669 0.09107375013026314 0.0880489960034034
0 0.7327065920395525 0.11846191620381208 0.08626605782257084 0.08796507742201778
0 0.787446795740216 0.5901402534913186 0.06805335212037497 0.061229054694860244
0 0.43505015655937507 0.21293466096113076 0.06324565981268265 0.0611451361134746
0 0.23606372160025038 0.6549668881105055 0.06855727307501969 0.07084443931024473
0 0.24866864627839919 0.2997431281202815 0.05565618063516084 0.05380771977985767
0 0.041818668022236424 0.5459038530218875 0.030221714852142388 0.07257693681300573
0 0.6656660630393432 0.9014295173534038 0.0963853633926001 0.09774829920017353
0 0.6241997816848797 0.47681499687401513 0.12851722506322824 0.11512069305610363
0 0.15837799203193892 0.3870280438302224 0.08298034999809661 0.07109619505440193
0 0.26343899905960705 0.4440997752231292 0.06552352572786778 0.058783249250321336
0 0.12599237988159745 0.9376407742252475 0.06679354973376353 0.03719059315639884
0 0.0687734578848474 0.23536104333128152 0.06349762029000508 0.06595282842116691
0 0.6963117158942478 0.7758779632822197 0.08260240928211332 0.06388465659286333
0 0.8502703075525275 0.27662106393033586 0.05540422015783865 0.049000027472165364
0 0.06254420728438774 0.36854372877093244 0.06893521379100317 0.07805597777178346
0 0.4513032677502898 0.7980194436785122 0.07336496538271206 0.0709283578916305
0 0.1770622934273013 0.28528417519868915 0.05831198726632932 0.0586573713782428
0 0.7425686967238517 0.9875727191536467 0.10044739588760976 0.024854561692706605
0 0.11024152924170183 0.08718274725202302 0.11700191524864206 0.12452628121802406
0 0.6512940942126872 0.6730221734473265 0.1512856625957939 0.13713294205695448
0 0.27713008819530194 0.040862031092021425 0.0975294071598347 0.07375179695240501
0 0.1979443481872008 0.8212159896343031 0.09398151723875395 0.09770633990948105
0 0.07375478812160517 0.30749740759201255 0.0683053125976974 0.06603674700255255
0 0.14635020004704952 0.70743799388037 0.07311300490538966 0.0661206655839382
0 0.7679503940068237 0.9284321921778874 0.10119305570029241 0.0978322177815593
0 0.40292506610201456 0.44773533716023645 0.08816598302177234 0.07839165209732603
0 0.24889339230388552 0.1436399856377064 0.0684312928363586 0.06844059315639871
0 0.06311788957163057 0.6315341065182758 0.06400154124464971 0.07556821303655152
0 0.39860251191402407 0.8235176673302314 0.0715910204221716 0.08290562937016852
0 0.9118050125240006 0.3509453945992715 0.07374290609869541 0.07813989635316897