0 0.5807623815908897 0.4257403117300861 0.06445845382374617 0.06949024040092656
0 0.6896513812256176 0.5703106871293941 0.06445845382374617 0.06949024040092656
0 0.7368318839968784 0.6441469269721366 0.05696713624452972 0.05962302331324576
0 0.8095104399382836 0.7513584756235547 0.06184477333164159 0.062194757781955885
0 0.9419888956907086 0.7054526629728344 0.062334386787578265 0.07902168085887896
0 0.2272349968537476 0.46031749266628547 0.07229949530006029 0.09137668825783808
0 0.13712776102902452 0.12510304090208474 0.09895163733062654 0.09951161245112959
0 0.2908818595328405 0.1749885929026081 0.09365433156699769 0.08251680105934237
0 0.8859330641334305 0.39909963226062956 0.07895147552624265 0.07239775149936524
0 0.5598215783550068 0.6078869823990852 0.06679235519817303 0.0671703384045125
0 0.01319702072843758 0.7844932877281671 0.02639404145687516 0.07860196007171866
0 0.765558668311245 0.15306405345519056 0.07139021316760664 0.06012668825783818
0 0.5993877809245995 0.07507257781955994 0.06438850904432687 0.06708639424708038
0 0.481037738595984 0.42105470611973145 0.08156515601834737 0.07969323411833579
0 0.0965972159291481 0.40161402554598236 0.07916130986450123 0.0796092899609037
0 0.27383383082673407 0.5954937815108209 0.06410872992664875 0.057471009631695796
0 0.20269203747776016 0.7662622402583614 0.06672241041875339 0.06476649225066648
0 0.5054110396499537 0.6998321830142953 0.051949609598578986 0.05224359653684292
0 0.6919482876555365 0.9048650233011699 0.049545763444732834 0.05215965237941097
0 0.6229140864252748 0.9205014609682016 0.054143621414166516 0.04511600223273668
0 0.15787881793476913 0.23892325170717482 0.06651257608049484 0.05755495378912789
0 0.7816069500784266 0.26311060671464725 0.04714191729088668 0.052075708221978885
0 0.9362976449041457 0.8183494880461715 0.05682724668569086 0.05481533100555325
0 0.6747973643350986 0.9852259301907522 0.07125032360876779 0.029548139618495492
0 0.5994259343860423 0.9780830686808036 0.04961570822415226 0.04383386263839274
0 0.29137104096984573 0.9438149085520592 0.056617412347432165 0.04760379254401506
0 0.24476295826073236 0.8916552561726482 0.04898620520937673 0.03292888314864174
0 0.15215779838502733 0.9317346089594596 0.04431840246052342 0.037568687141469874
0 0.7429834114951307 0.3086844722744499 0.05159988570148144 0.040224365767612284
0 0.3856954835867911 0.6379006953716674 0.06170488377280246 0.057387065474263574
0 0.1900268287762979 0.6226457850024908 0.03993037882934815 0.05182387574968262
0 0.386083792964263 0.7486035346847385 0.05201955437799855 0.05464744269068907
0 0.6061040702847389 0.2990919629931287 0.04226428020377481 0.04950397375326855
0 0.9091100777559394 0.470894507452128 0.07626785025471851 0.06269842272654855
0 0.48267378271208206 0.9023695739122708 0.051949609598578986 0.05224359653684292