0 0.5716075921841886 0.25297926335817256 0.10591851736395998 0.08642857113600434
0 0.9061176041467953 0.22720132277585392 0.09170574972820479 0.08849671644818385
0 0.6632228979190885 0.13809618935795884 0.09128513115356131 0.08368902414049151
0 0.3094652259841881 0.0040223804657050135 0.07337724033931618 0.008044760931410027
0 0.34585418291880354 0.06391868906468988 0.09086451257891727 0.0788813318327992
0 0.11375063321944505 0.3176124032620725 0.09086451257891723 0.07888133183279923
0 0.13983770521203856 0.7871996454881409 0.085846510983903 0.07636558539839747
0 0.3395062225759985 0.6985890188813031 0.09630313274857535 0.08620477057489331
0 0.4522641519602582 0.9178675303967945 0.08888128499971487 0.08363307400021387
0 0.5755048542731497 0.7842562334892624 0.08166974653817655 0.08346522357938059
0 0.5388129639667388 0.5044329620663457 0.09128513115356103 0.08368902414049154
0 0.7959487690853285 0.44447165887564033 0.09368897730740719 0.08374497428076935
0 0.7086017618350441 0.6887987492717408 0.0760208170811963 0.07373793868344009
0 0.7162508096127509 0.84815096724001 0.0734066616400284 0.07127814238931626
0 0.8392959132886766 0.6893552358573711 0.08103881867621063 0.07625368511784213
0 0.15311225143169555 0.19674869388643149 0.06859896933233606 0.07116624210876071
0 0.4088990269698014 0.4126981720553949 0.0729860430653845 0.06647045008162394
0 0.03664666830975835 0.5761947201604166 0.0732933366195167 0.0858690697332266
0 0.26126135728198147 0.729197602146207 0.0734066616400284 0.07127814238931626
0 0.5101182768064827 0.6130536401116449 0.06033588443418781 0.05897916091869659