0 0.3038843880949788 0.5941925912389395 0.11469018679109534 0.12358355251687478
0 0.8362103949357539 0.6184914448716164 0.09710776629728347 0.10106707546163125
0 0.2211806529255194 0.7338250817585765 0.11684220047264517 0.11649799429399749
0 0.010863109309834197 0.10494524840829117 0.016353792544014898 0.056044342970428485
0 0.17554193995293724 0.9041934297042847 0.07728938796448961 0.08323231047541887
0 0.6113858811889592 0.3643647618536509 0.06949024040092656 0.0660274466825123
0 0.2557616124511296 0.10938177121326761 0.11701008878750933 0.12130568660168975
0 0.513621879787461 0.6567725741908219 0.10216729107727204 0.10853057440049205
0 0.13474906182795302 0.9693118002643332 0.06957418455835862 0.06137639947133358
0 0.2409456215125655 0.8188415588138199 0.07927351333117535 0.07133905994484954
0 0.187732837626443 0.634894559544543 0.08698871673730633 0.08614007758390968
0 0.9848786904192923 0.4911148131696063 0.030242619161415317 0.0671714904497471
0 0.9428418916639691 0.13339288870112767 0.05970696747067778 0.060715833420175475
0 0.6080663083809811 0.5441493024374678 0.08972833952088084 0.09588144243795546
0 0.39302123802562494 0.19215781842444624 0.07446582102348305 0.071087099467527
0 0.38986194540428964 0.5483101007193025 0.06949024040092656 0.06602744668251244
0 0.7187423918717788 0.20922814076303295 0.07189408655477272 0.0661534269211736
0 0.5537775176540837 0.3637450822796293 0.07463370933834722 0.07589479177521924
0 0.6967681703186245 0.09530251974230507 0.08483670305575632 0.09322563580678704
0 0.49273893228092397 0.574096953170094 0.0647664922506662 0.06817933235903627
0 0.04376911712441251 0.29142718487971775 0.06725428256194456 0.07070915875154352
0 0.834645939406829 0.26449104825328407 0.054479554375825176 0.04844464217362238
0 0.7130228533981645 0.8699759932837146 0.061858981152227537 0.053630275197298044
0 0.9439675296610811 0.33740486118139784 0.0599587999429739 0.06792737188171394