0 0.6088162885493689 0.3087245724472131 0.08792395659314287 0.08410889173103255
0 0.5139044864478612 0.5186728015312797 0.07535826811546734 0.0765476293723965
0 0.2454438678787104 0.8228091967641173 0.0646499680831932 0.06184477333164159
0 0.2258912323686437 0.135566865318877 0.07018627066881186 0.0716000475058652
0 0.9703811171418261 0.14152821446805983 0.059237765716347854 0.06424861948548774
0 0.09163357678314223 0.7959657178675463 0.06705381423703936 0.061914718111061154
0 0.5854267162703057 0.9538517619836445 0.07685135142190556 0.06459834338258529
0 0.8981985257162513 0.8688629248644056 0.1115622502420554 0.11118070243811573
0 0.2050267676456467 0.4324989482715051 0.06945766039088551 0.06198466289048072
0 0.8854242368441418 0.3982465263829973 0.074629657837541 0.06693224475701189
0 0.8402107995695988 0.6440904476529988 0.08016596042315964 0.07668751893123563
0 0.9010190517266625 0.7471189701980774 0.09717503606956403 0.07958097854101819
0 0.6272424637762106 0.12268416407889582 0.04931612831270836 0.04940587388589378
0 0.8099475461430077 0.8328844260722597 0.07018627066881186 0.07160004750586506
0 0.48018175360939697 0.7412954880529357 0.08755965145417968 0.0793011994233402
0 0.1699780115114861 0.8442781989363108 0.06741811937600253 0.06672241041875318
0 0.10662619949076015 0.05592157764390161 0.06188181679038392 0.056967136244529766
0 0.245920917970234 0.0066077591003457095 0.07838029747892954 0.013215518200691419
0 0.4055370032131163 0.8530835829429085 0.07240796425317643 0.06926614613143847
0 0.2669529636362759 0.9317995004773099 0.08369858474448086 0.06000048541315168
0 0.06642195787696027 0.36787126814467247 0.05780273476061792 0.06644263130107533
0 0.7292573176115261 0.9761673276902011 0.04880553335484942 0.011014280203774809
0 0.29446599714535043 0.7226078021400665 0.06224612192934705 0.06177482855222202
0 0.16094068913030204 0.5819442166596922 0.07998380785367804 0.07428367277738947
0 0.27781554900480254 0.4074941216479618 0.04913397574322691 0.04700202773204755
0 0.1609572010973183 0.48678245924451063 0.07776211426931347 0.07661757415181605
0 0.13042497704133477 0.9104760235094178 0.07721565656086873 0.0694060356902776
0 0.14806732845609513 0.6822983626693735 0.05966012320601935 0.059301037618956304
0 0.2065255285851914 0.7384169128247423 0.0696398129603671 0.0643885090443266
0 0.057518671572485726 0.4729281892929167 0.047276587297825426 0.054143621414166586
0 0.12695414236324862 0.30829045140803796 0.07980165528419647 0.07187982662354328
0 0.16663269646044981 0.13247282010696265 0.06464996808319322 0.06184477333164159
0 0.08460561029936195 0.8780811833851229 0.04097581168369484 0.0659530178451388
0 0.06870312322030978 0.636424700144165 0.045965656560868734 0.06849675355782388