0 0.5246947985414757 0.4047765328863939 0.1119505640075207 0.11700316783623708
0 0.1995345489244726 0.428570805135168 0.08251680105934238 0.09782155384913803
0 0.4232830558304922 0.6925271056094616 0.06733822671937667 0.07500959300943431
0 0.8006448789562227 0.3446058527104032 0.1315171098680183 0.128188346391739
0 0.7859509747149962 0.9484755744886139 0.12139806030804141 0.1030488510227723
0 0.3082951840001744 0.0767012832283127 0.06219475778195592 0.0650017599090206
0 0.7286745073216387 0.4801536000268569 0.1119505640075207 0.11700316783623708
0 0.7950931268986732 0.25426539769865786 0.09394842272654867 0.0819757519847882
0 0.20081663756941703 0.7055282510555975 0.069909961188087 0.08001350955964143
0 0.31286641294021206 0.8596929221551926 0.07463370933834722 0.07800211189082464
0 0.5250230179923825 0.9633028927924303 0.07910562501631119 0.06877917576046937
0 0.855196939822448 0.46531310026474976 0.07041362613267939 0.09443658648271835
0 0.7107142871699828 0.06880157135539261 0.051236266647657874 0.02575532447742345
0 0.8891025674991907 0.09774524222455508 0.061858981152227537 0.055386375293635964
0 0.31924223746744074 0.18426110980201055 0.06974207287322283 0.07520581725194919
0 0.0475923548769832 0.12733011328834098 0.0621108136245239 0.06259791375517443
0 0.42453455911435256 0.5224427014139288 0.09453603182857315 0.09880267506171127
0 0.9104129458199088 0.7766355564435788 0.07429793270861887 0.06838672727544001