0 0.29065720980846155 0.35554553781605713 0.108858350146002 0.12598532716513236
0 0.21926206133553894 0.48480819182358137 0.11601394793628117 0.11691640025819247
0 0.09864939725363792 0.21497859016676543 0.15462932324378245 0.1462731490622054
0 0.2248093648271166 0.19820404180744425 0.11136009247455164 0.14299440281153705
0 0.6952026220453551 0.44513621383546015 0.19569050020857423 0.18302358889723835
0 0.3522707543625208 0.6118090312713254 0.1568653473838511 0.11760914778553314
0 0.20433631972627872 0.6061844912175192 0.10876045397129837 0.10915840408820926
0 0.1463215518190813 0.3484458458311055 0.12810310454458598 0.12984639387483116
0 0.7078286049042307 0.13514906764933993 0.11609785894317017 0.13133947718126945
0 0.8992786134567614 0.5932058601758055 0.1257132435585548 0.13206808745919574
0 0.6868327187206369 0.866628977321204 0.10396674683142083 0.11119794510309224
0 0.2142951423082753 0.8711719572243337 0.20273421665633506 0.15472389275952927
0 0.7827595967688487 0.027565408226676413 0.22898073199923574 0.05513081645335283
0 0.9429168484627853 0.23998534597104015 0.10396674683142083 0.11119794510309237
0 0.41497973052459325 0.43630891125698673 0.10393877649579125 0.10639025279540007
0 0.49456457785094066 0.2679471847947386 0.144999953460583 0.14314069263043303
0 0.3250926226496374 0.07396709542767964 0.16896848915997062 0.132942987556018
0 0.16507602398899804 0.058436010528973625 0.17608213144680546 0.11666252218753963
0 0.3557770247082876 0.18106518830915994 0.1329247820200931 0.13261454516764049
0 0.44445361421211416 0.12865246631526472 0.09672723803425279 0.10584379508695531
0 0.5755191702679887 0.12834053589390348 0.13053492103406172 0.13483623875200507
0 0.48267740482080107 0.08487264058817492 0.10391080616016168 0.10158256048770777
0 0.797484156155093 0.25100557642467547 0.11613981444661438 0.13855101564280792
0 0.682176459193459 0.2729700536059449 0.09904717318121023 0.09160287073335997
0 0.5374709956121362 0.4089902840595802 0.12097547708993626 0.14372301308946334
0 0.9206956573850978 0.34748502615034593 0.0821083687617686 0.07109703351621978
0 0.9699911836435633 0.3882220523221275 0.060017632712873484 0.07426535269857783
0 0.9223660835838168 0.42792279601945127 0.07737060229315035 0.08275195914648738
0 0.10621216762084512 0.6881719773354946 0.08223423527210191 0.09273164890083517
0 0.05106355776053155 0.7163999479720324 0.06057164955185691 0.08628458346780886
0 0.16338083287524738 0.800477930414216 0.0773845874609652 0.08515580530033354
0 0.10554168092088431 0.7796092074663892 0.07266080616016168 0.09921457708444728
0 0.5320433674021336 0.9228489718989196 0.08697200174072031 0.08107672327056757
0 0.5539009441166364 0.7528492917196138 0.09910311385246938 0.10121825534874446
0 0.648174586554542 0.6290677267635533 0.18826918422981384 0.1464194388811013
0 0.7061194286226654 0.8747871413807362 0.08219227976865759 0.08552011043929643
0 0.44953562000249386 0.5888068522073215 0.07260486548890253 0.08959919246906267
0 0.8383729225876481 0.8719802885207881 0.050774457754880147 0.05430597318988252
0 0.35930128699761626 0.7868344190783907 0.0628775995309995 0.0696398129603671
0 0.39239412372857174 0.2744867459207825 0.045938795111557996 0.04913397574322691
0 0.6609280386340495 0.7543588869930684 0.10641254848871148 0.11859163613411229
0 0.7470679228897894 0.6792917791071164 0.07011710832816767 0.07499396297650417
0 0.7642864306655267 0.7453244034284375 0.07973249294355228 0.0757225732544305
0 0.7994009255008696 0.7871543450171086 0.05565207590164625 0.0666895090980762
0 0.34448582402057565 0.5137977966720778 0.05083039842613916 0.06392135780526687
0 0.049051296305499696 0.7838897928492062 0.07011710832816756 0.07499396297650417
0 0.611181490713557 0.8843860140291044 0.06282165885974035 0.060024428344982755
0 0.9587865888995443 0.6714936619617176 0.08242682220091141 0.08107672327056757
0 0.9619588179280549 0.5305954331074952 0.07608236414389023 0.09735718863904588
0 0.8902777748700783 0.4928818557074525 0.0966153566917345 0.08661302585618608
0 0.5232980489994268 0.039895859713130116 0.07495277097148942 0.07979171942626023
0 0.3451127525067932 0.016287301943709868 0.1541398423702645 0.032574603887419736