0 0.4409799630267634 0.7472165440096865 0.1179023716971155 0.1162415552242512
0 0.42377931464754287 0.21442843433688116 0.09827995148440175 0.09806988576379908
0 0.30004924713333403 0.82735922355142 0.11074678337585485 0.11814112148427387
0 0.12943312528958406 0.8694270912101676 0.0786575312716881 0.07989821630334695
0 0.6750971577612184 0.44319645891430864 0.06160680763365397 0.0691061786023744
0 0.9258864893594024 0.8039238820063629 0.11555447568354701 0.11847730808015637
0 0.3808797894244128 0.5366196289262712 0.10319954407264967 0.10321376466737374
0 0.055920997045353325 0.9074854297432234 0.07122219224903852 0.06977855179413914
0 0.21555095583691308 0.8058509581234804 0.06904214665630352 0.0792258431115825
0 0.39927834112435967 0.8630972026131603 0.08368902414049154 0.0898497875146138
0 0.5521862435701923 0.06021202726210491 0.06585499853856848 0.045403903659795145
0 0.9098847492399573 0.11642388200636283 0.05897916091869659 0.05932270068904867
0 0.4951164219942846 0.44381061541487765 0.09336035889615382 0.09292600686022454
0 0.8446562565739856 0.6650473882848146 0.0665264002219019 0.07425005750594894
0 0.4869867309134086 0.6616361022762014 0.06160680763365397 0.0691061786023744
0 0.831065397181731 0.3389060011938078 0.06166275777393164 0.07151002475622059
0 0.6740640900441778 0.5019225963855983 0.07133409252959393 0.07458624410183116
0 0.9444378173944445 0.3636333092739641 0.09084461246175234 0.08795022125459112
0 0.46420413271404964 0.5592457707821634 0.0638987535069445 0.06446657959262335
0 0.7411580311812508 0.9897405105887886 0.06635854980106834 0.020518978822422602
0 0.7767530482809831 0.22231122605730433 0.04690398000918787 0.056078388045496884
0 0.16975693418183788 0.3334616822264109 0.04947567658386758 0.06345801980497653
0 0.7045797036472223 0.11166728964778075 0.06619069938023504 0.059826980582872086