0 0.26169250863000404 0.6431370979039415 0.13609786258139778 0.12975356643264474
0 0.3929860471649657 0.1000898301725296 0.09981640001468464 0.10989340784148299
0 0.5442588430323797 0.31855828172203454 0.0875454277040553 0.08804899600340343
0 0.560569139450631 0.2593913155633004 0.07303843693384565 0.080585701797708
0 0.715548130233078 0.15935015172819003 0.07052270565048903 0.07092835789163057
0 0.28937617012685907 0.9490820117403194 0.09721675488419522 0.09302452547386728
0 0.3345779455760869 0.47242814498234903 0.07533039795818133 0.07101227647301628
0 0.13278158148902325 0.36179101273820097 0.09498073642461471 0.10740564310625117
0 0.20583484612937175 0.17665898289353166 0.10945975591244689 0.11246509115810042
0 0.8377535281912594 0.08751966908666362 0.07055067693286678 0.07333220404547672
0 0.26474306253979135 0.17442905719463428 0.11672723693874051 0.11739866133787126
0 0.6192650450472765 0.5852234509283638 0.07298249436909042 0.07577800949001556
0 0.595852569101055 0.9449341252539063 0.08259787898447503 0.07594584665278713
0 0.6317220410199303 0.03701121316382159 0.10674822565244704 0.07402242632764318
0 0.3876871732850372 0.34892986638629936 0.11901919796307626 0.10782523601317952
0 0.46481666656469006 0.7429359428104354 0.1650559015570621 0.1398724625363432
0 0.2908899876365061 0.4058966995524741 0.11172374565440493 0.10048781967956252
0 0.9334696091416824 0.6398229376937568 0.07544228308769181 0.0806276610884009
0 0.8893662922930077 0.09262715972138312 0.08757339898643306 0.09045284215724962
0 0.12139002044266058 0.514603080670203 0.09721675488419522 0.093024525473867
0 0.280813918927205 0.3423835932836688 0.0995366871909086 0.08585494630302143
0 0.49514277218091496 0.9250618000783899 0.06811885949664287 0.07088639860093775
0 0.6343577486167878 0.7339681974319755 0.060907321035104406 0.07076052072885922
0 0.8396340111639214 0.8553596984323921 0.10708388104097821 0.11482697802125366
0 0.8469205302232882 0.22915777535546897 0.11650346667971963 0.09816789210710201
0 0.5353435825417493 0.15528556006861385 0.09718878360181768 0.09062067932002091
0 0.39791539991678704 0.6059106287490272 0.12382689027076857 0.10790915459456503
0 0.03797119895461629 0.3370480563189529 0.07594239790923259 0.09513465659286346
0 0.15239164716251827 0.12231460539565883 0.090061158987412 0.09770633990948087
0 0.7856241374308394 0.031049640362076435 0.14990557129216733 0.06209928072415287
0 0.8738086943030096 0.3969234946363858 0.09721675488419515 0.093024525473867
0 0.63825890044315 0.5019760639404752 0.09467305231846104 0.08096333541394347
0 0.6505701455467177 0.6832146928117029 0.058447532316503015 0.06591086913047388
0 0.5213358645277663 0.6362016483552696 0.08989333129314622 0.08328326298640384
0 0.2995937793786763 0.7938870772998173 0.06806291693188776 0.06607870629324544
0 0.08187955889196183 0.6054186600905191 0.12849472616657284 0.09597384240672004
0 0.06566884609266016 0.4494833547707154 0.09481290873034909 0.09298256618317424
0 0.4415927404764353 0.2602663773756725 0.07292655180433517 0.0709703171823234
0 0.5368260605077625 0.03302172702463948 0.10423249436909042 0.06604345404927896
0 0.7623803312441975 0.26548211976048725 0.07784612924153797 0.08066962037909366
0 0.6820324563604918 0.3546071609687353 0.08983738872839098 0.07847557067871168
0 0.8495168070925214 0.6256665128680059 0.07060661949762174 0.07813989635316897
0 0.805660179393361 0.676902549331246 0.08737760000978986 0.07362591908032648