0 0.609375 0.5721759138051029 0.07451923076923077 0.0773566171253357
0 0.6935096153846154 0.4118306637008159 0.07451923076923077 0.0773566171253357
0 0.7283653846153846 0.33109903261365514 0.06490384615384616 0.0676852918386918
0 0.78125 0.21420482046019115 0.06971153846153846 0.07011710832816753
0 0.9206730769230769 0.2374321422653945 0.07211538461538461 0.08695801657290539
0 0.2536057692307692 0.5958803340263081 0.08413461538461539 0.09904717318121023
0 0.21995192307692307 0.9398261263757154 0.11057692307692307 0.11122024079640351
0 0.3641826923076923 0.8656697086145199 0.10096153846153846 0.09433737704822157
0 0.9146634615384616 0.5487651821080084 0.0889423076923077 0.08224822043991672
0 0.5588942307692307 0.3957869100215214 0.07692307692307693 0.07737060229315035
0 0.8353365384615384 0.8100440003382043 0.07932692307692307 0.07017304899942681
0 0.6838942307692307 0.9142904505259212 0.07451923076923077 0.07495277097148954
0 0.5120192307692307 0.5931750054092946 0.0889423076923077 0.08945975890145519
0 0.1346153846153846 0.6746975998331407 0.08653846153846154 0.08704192757979438
0 0.27884615384615385 0.45510848976425283 0.07211538461538461 0.06532340118829001
0 0.1814903846153846 0.29702104290690595 0.07451923076923077 0.07254892481764333
0 0.49038461538461536 0.31325279499655073 0.057692307692307696 0.05802795171986283
0 0.640625 0.08160949123889519 0.055288461538461536 0.05801396655204801
0 0.5697115384615384 0.07841628445866246 0.057692307692307696 0.05322025941217049
0 0.22235576923076922 0.8244275258232852 0.07451923076923077 0.06774123250995082
0 0.8329326923076923 0.699481062429096 0.052884615384615384 0.05799998138423326
0 0.8966346153846154 0.12699507086661938 0.0625 0.06286361436318472
0 0.609375 0.01156391146010046 0.07932692307692307 0.02312782292020092
0 0.5360576923076923 0.024966872487846663 0.057692307692307696 0.04993374497569333
0 0.23918269230769232 0.10918539887935083 0.0625 0.05565207590164625
0 0.20192307692307693 0.16709447667278787 0.05048076923076923 0.03875522698564918
0 0.1045673076923077 0.1436224144308256 0.04807692307692308 0.0435489341255267
0 0.7884615384615384 0.6612782495721313 0.055288461538461536 0.04599473578281714
0 0.38100961538461536 0.39441796628597015 0.06971153846153846 0.06530941602047523
0 0.19110576923076922 0.4411958714664159 0.04567307692307692 0.05555417972694261
0 0.3641826923076923 0.2851408624606737 0.057692307692307696 0.06043179787370899
0 0.6538461538461539 0.69331141896976 0.04807692307692308 0.053164318740911105
0 0.9254807692307693 0.4741830180836111 0.08413461538461539 0.07260486548890253
0 0.43509615384615385 0.1188629153947526 0.057692307692307696 0.058027951719862796