0 0.5646533917852159 0.6274439095957918 0.07448694775250608 0.07939393640952347
0 0.6717910477894188 0.4816074573931768 0.07448694775250594 0.07939393640952347
0 0.718787810233693 0.40762601318406966 0.06410133583212686 0.06670233244852825
0 0.789575824516568 0.30150356250258653 0.0690630736008179 0.0694423651982567
0 0.9231594730243908 0.34585660306702964 0.07254523798165681 0.08643738157312092
0 0.20950034285998093 0.5929507168851197 0.08308489536303518 0.10153283168796233
0 0.12400098705170562 0.9286404752589106 0.1099893394383397 0.11059339642685345
0 0.2781695309225636 0.8778482294571541 0.10169948274980853 0.09326219345610663
0 0.8708356854786026 0.6536834973909783 0.08906407013658188 0.08280634235101637
0 0.5414280548598678 0.44351617216026074 0.07673674844535323 0.07715818355361857
0 0.004856116832779335 0.26646546648970565 0.00971223366555867 0.08581554836402673
0 0.7524204278047512 0.9001453014592493 0.07867845821620278 0.07011473839002108
0 0.5868649765170206 0.9697071798553166 0.07433290229150707 0.06058564028936676
0 0.46532547217252873 0.6325713151494361 0.08937216105857988 0.08761403465870889
0 0.08018706995201014 0.6515175576998733 0.08696831490473372 0.08744594136076764
0 0.25561757225203624 0.45733500915705344 0.07131287429366519 0.06720661234235173
0 0.18211209367634879 0.28558635911372926 0.07402481136950921 0.07218239794798514
0 0.4857526372632527 0.35148940844737725 0.05883150714143754 0.05915460739110756
0 0.6702898056762356 0.14707787875504372 0.05642766098759138 0.05898651409316645
0 0.6012714717891925 0.1313858654224432 0.0583693707584408 0.0519430689295691
0 0.14341439994888625 0.814096326364001 0.07371672044751133 0.06737470564029298
0 0.7667950802027411 0.7888707351992266 0.05402381483374523 0.05881842079522533
0 0.9158995100377655 0.2330691971255367 0.06379324491012885 0.06189464014083594
0 0.6526908128886617 0.06375022319383374 0.07923375883806116 0.04143667784180849
0 0.5751515541215889 0.06798662227510216 0.05642766098759138 0.058986514093166416
0 0.26833877948150014 0.10810494365759661 0.06333110852713197 0.05468310167929751
0 0.22280544891671597 0.1592498494051653 0.05279145114575361 0.03958765156445603
0 0.12993313956327882 0.12015824105956754 0.048137804299060234 0.041655311122419963
0 0.7285484684243387 0.7451477645188428 0.05565743368259664 0.046967283323935544
0 0.36582368077916816 0.4143343916846645 0.06875498267882002 0.06463467289056432
0 0.17046551986256533 0.42964903504655727 0.046658230911207785 0.055910294747555704
0 0.36569823352358166 0.30325318871391804 0.05898555260243654 0.06155845354495371
0 0.5915758197745389 0.753679339339015 0.048908031604054915 0.0536745418916508
0 0.8935629181929168 0.581626889433229 0.08348615052389483 0.07045092498590358
0 0.4612787951415506 0.14936473156005897 0.05883150714143754 0.05915460739110756