0 0.5203868936991705 0.5110020788537388 0.10252918608570137 0.0863726209957266
0 0.6908584672691963 0.5730234878442302 0.07590472582391208 0.08335332329882483
0 0.2774191184077805 0.3606827937231835 0.08552011043929664 0.08357712385993593
0 0.14868215191685502 0.5712451426239314 0.09790364634749057 0.08866456686901714
0 0.7953913316191948 0.46020855915619585 0.1025291860857011 0.0863726209957266
0 0.6948988477318234 0.7097070177717943 0.08293411171596897 0.08111732756581183
0 0.10647707085531102 0.13069987973498923 0.05984227577550091 0.061383007072542774
0 0.8602895001399347 0.7754460962736103 0.09641056304105214 0.10062784749797024
0 0.043171057443106974 0.3961300591830662 0.059477970636537765 0.056575314764850435
0 0.29014335044653833 0.6519388243814633 0.07204365911421326 0.06406660392777806
0 0.3542869817967023 0.3912883621709399 0.06741811937600253 0.06635854980106834
0 0.9190502157647591 0.09498978431431547 0.11378394382641997 0.10823103694145307
0 0.8004142004304012 0.6472609580339737 0.07259011682265801 0.07127814238931626
0 0.4941862103353292 0.2392565681276171 0.0646499680831932 0.06149490735309836
0 0.6749701742729103 0.022683598903204562 0.05117351675811003 0.04198438742094021
0 0.2901310967043519 0.31959360854668784 0.0598422757755009 0.061383007072542774
0 0.5563922112892608 0.3841847042337602 0.0775799616998319 0.07379388882371803
0 0.8977964174861229 0.1854697159252129 0.06945766039088551 0.0616068076336539
0 0.3006336351587452 0.6085017431913993 0.07685135142190556 0.0641785042083334
0 0.39052824608215286 0.3088582161866984 0.08238765400752421 0.0739057891042736
0 0.6639858065698605 0.19931034107061907 0.05448812575936411 0.054059568330448796
0 0.16865146728348673 0.009194753624252079 0.06173552697148805 0.018389507248504158
0 0.013905384923834863 0.9025872756899038 0.027810769847669725 0.069154046936859
0 0.7413529096504287 0.8250067030069437 0.08624872071722277 0.09319250847532054
0 0.5059086032419384 0.5437337526320508 0.08661302585618608 0.09800020078301284
0 0.25291533958767887 0.9215612445941771 0.05467027832884542 0.056463414484294816
0 0.619117323650711 0.017687618147408938 0.050991364188628166 0.035375236294817876
0 0.416440608033032 0.41023837576127103 0.08275195914648738 0.07871348141196595
0 0.31872763070468263 0.02301536160029368 0.05652766677424685 0.04603072320058736
0 0.06755731215351543 0.2959787928165063 0.06464996808319322 0.06149490735309836
0 0.15690546536847835 0.005812784954593966 0.07561214618612021 0.011625569909187932
0 0.588287740799803 0.944950249885149 0.05947797063653773 0.056575314764850435
0 0.7970679869033913 0.39058094590507414 0.09772149377800879 0.08626072071517098
0 0.7782624139788469 0.037076690878044216 0.05598120906580233 0.04209628770149577
0 0.2527280303173938 0.19568463628210447 0.06188181679038388 0.05663126490512824
0 0.7656480880760963 0.726057359717307 0.05503458346780859 0.0612711067919874
0 0.9155822199032261 0.5365980998685356 0.07998380785367806 0.07384983896399569
0 0.6571220612802691 0.09988642652767038 0.05984227577550117 0.061383007072542774
0 0.6459456051498016 0.8332263489325314 0.0598422757755009 0.06138300707254274
0 0.08479949567872697 0.4959446197689102 0.07259011682265801 0.07127814238931626
0 0.7995836795338244 0.24654600216527708 0.06078890137349437 0.042208187982051316
0 0.42757410437153076 0.04163964212783084 0.074629657837541 0.06652640022190176
0 0.46825733641743383 0.04309233589695473 0.04931612831270836 0.04913997574220089
0 0.1637692106580699 0.10297071881629258 0.07907304500627013 0.061830608194765005
0 0.1576557443142243 0.8169959467799678 0.08220550143804263 0.07150194295042749
0 0.40918752918780144 0.6959603672272967 0.05947797063653773 0.056575314764850435
0 0.6203824557791459 0.5530673766679481 0.07481181040702257 0.06893024637574804