0 0.8652057083264708 0.6361758577573001 0.08658268266429822 0.0870726608947383
0 0.08592138833154601 0.8434943379888933 0.09895163733062654 0.09951161245112963
0 0.8395348157625756 0.2804638662726275 0.0666524656393339 0.06236264609682019
0 0.7038738725465628 0.44489459208344545 0.07682740849007476 0.08192919195731764
0 0.22361997888685148 0.5265033255662767 0.08445861562813005 0.09660410135269096
0 0.5748870201196508 0.5862789190391446 0.0764077398135575 0.06750611503424085
0 0.7538393046678127 0.3783118627809576 0.061914718111061154 0.06459860393580218
0 0.08081382889805525 0.5651098770086159 0.07682740849007458 0.08192919195731764
0 0.966252075949018 0.34087670000385706 0.04763153074682309 0.06890263129890196
0 0.4694325408578078 0.5791551542738488 0.08417883651045208 0.08698871673730633
0 0.5419434610319933 0.9344321577655186 0.06672241041875346 0.06476649225066648
0 0.5817431990386293 0.8045672261732683 0.06184477333164159 0.062194757781955885
0 0.7215766959020964 0.8681241362693906 0.07180988184412375 0.074549765180915
0 0.19280814503562235 0.3474740263892964 0.06177482855222209 0.059790911628109865
0 0.6243005522058049 0.012490421058033876 0.06616285218339722 0.024980842116067752
0 0.9646618434946231 0.23046766524179818 0.057946363156402794 0.09327686946709185
0 0.24064185192044374 0.8080738349901627 0.08623295876720068 0.07505343012550779
0 0.5743680699194669 0.39778685635580185 0.06961587002853616 0.08167735948502151
0 0.3369355876331289 0.7999083763851872 0.0771071876077526 0.09154457657270253
0 0.7167175562872383 0.7049983744375805 0.05703708102394928 0.06202686946709198
0 0.10595131889910853 0.23764116306223043 0.05675730190627123 0.05241148485170723
0 0.47343384564737784 0.9368245662523331 0.0714601579470262 0.06253053441168423
0 0.9771413509755432 0.01694895882486106 0.04473807113704053 0.03389791764972212
0 0.06612022159342722 0.49238017841833287 0.05194960959857894 0.05224359653684292
0 0.8805674041262486 0.8097411785729735 0.05201955437799855 0.05464744269068907
0 0.5732417272674257 0.1889040734434827 0.07895147552624265 0.07239775149936523
0 0.5685662663183121 0.7209782478119613 0.06693224475701189 0.07197803071220495
0 0.054709973811920255 0.9670558496455162 0.06347922691187313 0.03583639424708041
0 0.41876245731583184 0.09223895421682278 0.05717697058278827 0.06683456177478411
0 0.10046267626947497 0.09615001661503568 0.052089499157417944 0.05705128884453536
0 0.7499429170473719 0.026617778660693266 0.07895147552624265 0.05323555732138653
0 0.5148684692531768 0.04925969845979384 0.06926614613143847 0.0696581287157907
0 0.30551072568458015 0.8070092658164196 0.11818240656139577 0.10018316571058633
0 0.41564427898620127 0.40573101690016566 0.04226428020377481 0.04950397375326855
0 0.29764800566427907 0.0868627495517585 0.05902125850127839 0.047687736701447
0 0.20540181842179853 0.03845387938391753 0.05208949915741798 0.05705128884453535