0 0.5268554241950754 0.3958704575111154 0.11333342917658157 0.10940381334769164
0 0.7521605028483395 0.13265098779558968 0.09790179246585796 0.09481290873034907
0 0.36188872276059175 0.19186352005090676 0.08504209520692149 0.08265382154923027
0 0.47183781581921524 0.9729028933677607 0.0691061786023744 0.05419421326447868
0 0.09467619303799596 0.503914295402237 0.07715818355361853 0.07295452308671294
0 0.027078175813169267 0.829048052318461 0.054156351626338535 0.077622358982517
0 0.6841826772146422 0.8295426021519534 0.0771581835536183 0.07295452308671294
0 0.06403043296428017 0.21967305231846104 0.08297443564895762 0.08743354257454496
0 0.7955061035580157 0.35569205344461025 0.10818955027300703 0.10454017847524413
0 0.28136811328171074 0.13920183285999818 0.0954979463120118 0.09478493744797148
0 0.5367729287736019 0.25404353443419236 0.09739751257203448 0.08760137026881061
0 0.5185359258798692 0.8588905549502761 0.08744594136076764 0.08268179283160802
0 0.8134937663370364 0.614525084218736 0.07475433739977241 0.07292655180433517
0 0.0018331128938621926 0.5254641548744055 0.0036662257877243852 0.055736002056503184
0 0.2876326684454374 0.9934606143808382 0.07088819154712639 0.013078771238323674
0 0.7532124858765713 0.5476640903637713 0.11607346192631021 0.11423947693776143
0 0.4854363396360768 0.7129543795597868 0.08453781531309815 0.07544228308769181
0 0.35400593104016864 0.5454247036429346 0.09516175971612958 0.08997724514027922
0 0.8454913895363665 0.4837811960167078 0.11109767632067666 0.11177968821916018
0 0.44332672863606387 0.6270584154506962 0.1049452376294553 0.09249297642363584
0 0.6774319954063421 0.39281097035202356 0.07715818355361857 0.0729545230867128
0 0.012616353953429724 0.25985314051559427 0.02523270790685945 0.07259089641580395
0 0.3870708906847809 0.3822149067227946 0.07939393640952347 0.07057864821524426
0 0.03983679310676504 0.6728819661655939 0.07967358621353007 0.08259787898447503
0 0.2486569335157907 0.5381843518337045 0.09516175971612952 0.08997724514027922
0 0.8577111003369589 0.10260375293782677 0.15688830655902455 0.14834086360964943
0 0.11336205896655632 0.941987706690978 0.08504209520692155 0.08265382154923027
0 0.9474109478028813 0.43685109551726664 0.04249577761212574 0.058139848210349336
0 0.901359380976217 0.35572086679230186 0.06206273343877692 0.0631713107770626
0 0.19712698108898918 0.9809518861699993 0.058146047603460746 0.038096227660001494
0 0.15831989942372357 0.6947132225921665 0.10494523762945523 0.09249297642363584
0 0.48689695943555683 0.1415933775032836 0.08521018850486274 0.08505766770307642
0 0.9027892939415965 0.6793178873083858 0.059995073880813266 0.06795103180237742
0 0.8653956518917801 0.8184192944841201 0.07715818355361857 0.07295452308671294
0 0.9186417238636129 0.831067879106847 0.05311972201515703 0.07267481026293673
0 0.9297282048192024 0.8961535385961477 0.02086116222751035 0.057888106668950896
0 0.1628155551939889 0.3723880533589498 0.06687042574646938 0.06322725334181784
0 0.15153571094912316 0.29286533130538356 0.07475433739977241 0.07292655180433517
0 0.16552975798594227 0.17875256720363528 0.06413039299674098 0.058391589751747894
0 0.6816249712470255 0.040409752913352366 0.054346915083415256 0.05587585846839128
0 0.6262365496761031 0.31643249136999596 0.04730346991981797 0.05819579077510461
0 0.29776824633813564 0.7131764656881796 0.07816674334126532 0.08737760000978986
0 0.3339023085862734 0.9361336174900674 0.044227250574207164 0.048552434877342475
0 0.2749992811756376 0.8151581138911868 0.06754279893823395 0.07284263795720246
0 0.8034416751268688 0.7238721129363583 0.06413039299674111 0.058391589751747776
0 0.17926342840088458 0.11997022156391492 0.06172654684289483 0.05836361846937029