0 0.13227653305325895 0.46189404975562187 0.11085868365641036 0.12042285741502089
0 0.4131079119402248 0.4825044470974182 0.12813320785555574 0.14043735318385325
0 0.5457610218896904 0.18514532830951091 0.10605099134871801 0.12019893554700287
0 0.5358739260853104 0.5874833234738907 0.09576420504999998 0.09090493796481305
0 0.8820008021080668 0.6218976986743668 0.093640109597543 0.1028122078000348
0 0.6503882994784725 0.3896335649327523 0.10582719078760679 0.11058355093161823
0 0.5134880035631416 0.762993739901836 0.09850375204551298 0.10543997582189873
0 0.3261578638620734 0.8824155767654709 0.1279094072944445 0.1308219685684685
0 0.9512172496774041 0.7184104469727207 0.09756550064519177 0.10085620538222446
0 0.8328378759909729 0.8359552812280311 0.09587610533055588 0.09571263027250537
0 0.8841218827433764 0.45455048864703657 0.11085868365641033 0.12042285741502089
0 0.8605239877537929 0.11273015779501822 0.08855266658846152 0.09056905516278593
0 0.2400340036804493 0.6457816526701574 0.1012432990410257 0.11997501367898494
0 0.5787565305678426 0.8273344674582894 0.08357712385993593 0.08313359483322949
0 0.7127444043715813 0.17375827416511538 0.08631667085544865 0.09766863269031542
0 0.5844153710250535 0.047780451105162595 0.11080273351613265 0.09556090221032519
0 0.012470851647649762 0.22562565565951143 0.016661082534188115 0.0968256117579002
0 0.7519642845440173 0.35963484062198464 0.08614882043461537 0.09045709422877699
0 0.8123051794480769 0.024181548484368123 0.08844076630790618 0.048363096968736245
0 0.721685372486485 0.007162007700276868 0.09721689881912382 0.014324015400553737
0 0.7895046555690709 0.42165734968877266 0.07155789309070516 0.08257379016318439
0 0.46012479716901755 0.5898081698182515 0.10817508680117527 0.10829166571178124
0 0.9963732902724363 0.7220129022761425 0.007253419455127441 0.0948696093400902
0 0.3781372276117524 0.32410417000876607 0.10593909106816254 0.11539124323931055
0 0.5907657119465815 0.30938793504127626 0.09101246288258562 0.09308486225064118
0 0.35205357113600433 0.08226737640938114 0.11572232610438044 0.12305062543688508
0 0.14359940188616502 0.5865021864865904 0.07630963525811972 0.08039386587735628
0 0.667274187512821 0.5464697028726259 0.08620477057489331 0.09286094038262313
0 0.6748254465722229 0.767511588092463 0.08106137742553443 0.07821394159152817
0 0.988574275337981 0.6562430158474002 0.022851449324037914 0.06429137494414433
0 0.41395319367868666 0.8289941760532914 0.0688742962354701 0.0704425984599446
0 0.48850140445710544 0.8784639829506319 0.0638987535069445 0.06300713813038811
0 0.46547004544364395 0.9228528230599528 0.0638428033666667 0.06060329197654195
0 0.5882260101982376 0.5104449716894572 0.07379388882371803 0.07547421263565496
0 0.9223825710186968 0.1856522882909468 0.07379388882371803 0.07547421263565496
0 0.26896207285892143 0.544566545143425 0.0688742962354701 0.0704425984599446
0 0.21394934226565201 0.35220618629607575 0.059035111058974396 0.06037937010852391
0 0.01934970408466911 0.36608271425849787 0.02314526917211544 0.06591149455992734
0 0.06614781344759676 0.7224644162374306 0.03991624210876074 0.06429137494414433
0 0.6513613972990385 0.12126883597687912 0.07379388882371803 0.07547421263565496