0 0.2573309079933257 0.5089936755544204 0.0841088917310325 0.08696831490473372
0 0.3831461122286436 0.8614472441008615 0.07668751893123563 0.07929464006019825
0 0.7367583261267944 0.5445334373314044 0.0891963631564028 0.09689179044211635
0 0.10407567168157318 0.3546729286282196 0.08156515601834737 0.08200657713604241
0 0.8680256100661694 0.58545786076327 0.08926630793582237 0.09929563659596237
0 0.6332381675709814 0.8329197954680996 0.10658284446868212 0.11720087789987807
0 0.38491322918638515 0.6351776147173249 0.0866526274437178 0.09193005267342497
0 0.8865991300737824 0.8575850531419509 0.10156531782273139 0.10968124851634187
0 0.8331718633901983 0.2520791735809432 0.06205460766990001 0.07115882883266618
0 0.43147145512419943 0.9708877313371389 0.07421372799796991 0.05822453732572223
0 0.24615260511299564 0.9345514675156892 0.08898652881814438 0.08968025198057789
0 0.24603121302641046 0.7731856842859989 0.06933609091085803 0.07402481136950947
0 0.4925488584370243 0.6191960992702401 0.0866526274437178 0.09193005267342504
0 0.890698557870084 0.17869914226084221 0.0643885090443266 0.06890902813981901
0 0.6395187453560792 0.12045706116364424 0.07661757415181605 0.07689079390635224
0 0.6830858206963106 0.7337602204191176 0.08884663925930553 0.08487255967288558
0 0.19020934892510702 0.08443902149530105 0.08156515601834738 0.08200657713604245
0 0.1943155708838063 0.4399306019536025 0.07668751893123556 0.07929464006019839
0 0.7257862444940583 0.8388505457165594 0.09846202387469014 0.08548874151688104
0 0.5149862482490974 0.13776410453758262 0.07442356233622846 0.08394828690689173
0 0.9525983915995557 0.410252899437774 0.04989548734183011 0.06558090921997912
0 0.006970344824234674 0.3143951276514184 0.013940689648469349 0.09994410145668293
0 0.09715475160970624 0.7166828429735641 0.05944092717779543 0.06379324491012885
0 0.5389619911894685 0.38976669553056903 0.05958081673663456 0.06860093721782115
0 0.9298354110081013 0.5304147665190132 0.05703708102394928 0.06363919944912985
0 0.099960200986747 0.08226808593860947 0.07379405932145286 0.06231367152227637
0 0.36944661621747793 0.463195151375757 0.08424878128987164 0.09177600721242604
0 0.5227902947809038 0.4489385766107291 0.0813553216800888 0.07479503867450396
0 0.849374919097808 0.06767622430928465 0.06567323872746081 0.030601535139279486
0 0.39278765251654235 0.15762903952636614 0.0744935071156479 0.08635213306073791
0 0.7167601868772084 0.23859835333787846 0.06445845382374617 0.07131287429366519
0 0.6670082021848815 0.4172388969247824 0.057037081023949006 0.06363919944912985
0 0.7974031989363108 0.15706636928188297 0.05689719146511042 0.05883150714143754
0 0.2719051457661665 0.09087849024618862 0.06679235519817289 0.06906307360081795
0 0.19808897588179533 0.1860937645313348 0.061704883772802595 0.05913959806343541
0 0.8432913138241774 0.7319850128063172 0.061704883772802734 0.05913959806343554