0 0.8673419849290275 0.32112173752746576 0.09255190646188757 0.10698950593721923
0 0.924103298761361 0.17358313688411275 0.10018316571058633 0.11930258438119332
0 0.9479777015237689 0.07419287616464763 0.06476649225066648 0.06745052600162182
0 0.4174068629114468 0.2482390125776854 0.1570665662402574 0.16722849347730256
0 0.28208933967552147 0.7206355761340275 0.06434677146350584 0.055431295232391056
0 0.32834619616181254 0.8051660785617428 0.09445208767114106 0.0926643782390565
0 0.6092261065309891 0.5980864053830341 0.09727565461214766 0.10478155823320197
0 0.3779761880500286 0.011074451184920314 0.07577839313071208 0.02214890236984063
0 0.20014876100057172 0.35190841667199446 0.0865689959501459 0.07313976133354426
0 0.17928102975047716 0.7776340589650498 0.08707266089473836 0.08756283825662117
0 0.22823558789102633 0.47558610213564934 0.11211845232238495 0.11738848435191944
0 0.15685665489727757 0.2168481704010526 0.08293652184650274 0.10659770903756141
0 0.6716917425804942 0.7683717755498954 0.11941393494135556 0.12008617818050901
0 0.7325510019717582 0.9159185564801328 0.09744354292701182 0.10958925054089427
0 0.9180363931427878 0.5879037761353737 0.10001527739572189 0.11449489207350101
0 0.7584591612571886 0.620810732672035 0.1863324408735718 0.1804231149455068
0 0.14640565824638255 0.13805996806115897 0.11692614463007725 0.1175843828017483
0 0.7794107347659159 0.948815341212613 0.08539377774609683 0.0394859151796981
0 0.6365650441327761 0.9150288331690184 0.06253053441168423 0.07216026908439971
0 0.5377440816857558 0.8578446236923484 0.12447345972134399 0.12749361509187634
0 0.35352944339143827 0.08401223240789671 0.09403236688398059 0.08064514746982597
0 0.6609317251221445 0.35473678087303573 0.07720544380705754 0.07995950289542474
0 0.7322496402419242 0.37463484258714064 0.07505343012550779 0.08707309213204877
0 0.8755188302516353 0.6712507075772314 0.10773048080185313 0.12921181667132123
0 0.9253128299665054 0.3451642892093694 0.05257937316657127 0.06215308756935724
0 0.31154225031775223 0.18654095846806634 0.08408120563886766 0.07063796595478354
0 0.10397576715267326 0.871918689558637 0.07214591902706895 0.0725520659840577
0 0.13983125814440628 0.6700221450135099 0.06725428256194456 0.0699523213803824
0 0.23477179450369734 0.2196744359759484 0.06451465977837009 0.06023898754008336
0 0.12093253790335429 0.011360118572779326 0.0610195395779068 0.022720237145558653
0 0.6005074537238833 0.1603639745552556 0.07969323411833579 0.08246129827418544
0 0.715789028206414 0.29609151330953315 0.0772893879644895 0.08236334904927095
0 0.409565692319768 0.6446287549000147 0.07944140164603954 0.07524975981264685
0 0.5515757709173974 0.5992352637040579 0.06742217087680877 0.07476001368807471
0 0.30971452464949933 0.47946736695009656 0.06965812871579075 0.07005027060529684
0 0.504067411147246 0.344325532028009 0.06451465977837009 0.06023898754008336
0 0.10376595770849274 0.4998612564495127 0.06725428256194456 0.0699523213803824
0 0.07298530965199013 0.2814765209712208 0.07720544380705752 0.0799595028954248
0 0.2698450832056677 0.012027411056115102 0.07088675666558768 0.024054822112230204
0 0.566059916663843 0.4594203898813231 0.059874855785541956 0.06485078139794681
0 0.8248473483213381 0.16322495279498547 0.15980618902383215 0.17694182731760166
0 0.42791882648691115 0.9439341334318107 0.08184524779988568 0.07534770903756155
0 0.5197000192754673 0.5153189890037789 0.05224359653684292 0.05253770295397276
0 0.975866105687675 0.2722918431726189 0.029296409044998646 0.08280821070482822