0 0.6178172332292404 0.1900067851571315 0.0894737440692699 0.094452087671141
0 0.47932336861069824 0.14795857420947645 0.07738458746096527 0.08201313611474986
0 0.25601201945006363 0.6113781711619387 0.07734263195752078 0.0748015976532114
0 0.5936762869976163 0.793135604506062 0.11120625562858887 0.11203450816495292
0 0.3843660556601665 0.5636179279700914 0.10632863748182277 0.09984738908085798
0 0.07659602818972805 0.35436888496575913 0.09429542154477707 0.09702382213985129
0 0.6687968799828833 0.893898720241052 0.1594789710549192 0.14736723746744082
0 0.8024946333960999 0.31820044172896156 0.09910311385246938 0.09719171045471556
0 0.8853915614291059 0.10252201160345392 0.08709786825105353 0.09917583582140124
0 0.7406503335730965 0.031097327941578316 0.08701395724416454 0.06219465588315663
0 0.15500153290117338 0.6064903642356246 0.0725768951532729 0.08184524779988568
0 0.11716153305224396 0.5080318832912067 0.07493878580367466 0.07471765349577918
0 0.7443214401244806 0.6508278918186098 0.08217829460084267 0.07977717827576788
0 0.5591319786220823 0.03184138769143538 0.08461011109031838 0.06368277538287076
0 0.5751789377219745 0.7132363395329565 0.11363807211806459 0.11692614463007746
0 0.2862776678294194 0.8543612258881382 0.08216430943302787 0.07737333212192173
0 0.3798924046697305 0.2079326413582926 0.079816403950441 0.08690477257987425
0 0.15941225063644285 0.9513583431551157 0.0918496198874865 0.08972833952088057
0 0.9464263242291497 0.6750265825943147 0.08466605176157753 0.09428419935627676
0 0.20580396099168294 0.6600159984680125 0.048384596768848646 0.05456349853325712
0 0.765927283818317 0.4384919607845435 0.05802795171986283 0.05970696747067778
0 0.17543342385371627 0.39900409758796673 0.07008913799253796 0.06733822671937667
0 0.010839888154328733 0.4167735031412954 0.017232492943552172 0.07029914756356306
0 0.1180549810820921 0.24833255451839 0.06528144568484565 0.0671703384045125
0 0.037833808620171466 0.30402929917698024 0.0725908803210877 0.08424909395373184
0 0.5308522240724277 0.11971146713237892 0.06284962919536993 0.06227870193938811
0 0.29860457229057563 0.9068261204855932 0.09430940671259186 0.09942766829369741
0 0.7160113111737482 0.12406507470241598 0.0555961352303871 0.05481533100555335
0 0.45393235256994846 0.9494886454081468 0.1181940314050906 0.07382480217571058
0 0.22901190775546293 0.9296931933588161 0.08220626493647237 0.08458487058346019
0 0.1474395638891156 0.3398733015522819 0.06526746051703086 0.06476649225066634
0 0.549379146393998 0.6179639070321473 0.06771326217432137 0.07206197486963689
0 0.9585434511730841 0.6914337848840773 0.06283564402755513 0.059874855785541956
0 0.06431268194231499 0.7226610114488132 0.04848249294355218 0.0713904216101802
0 0.767431490713557 0.9036781636324904 0.057958025880788765 0.047687736701447006
0 0.15247881282090148 0.5861416160853645 0.09430940671259186 0.09942766829369755
0 0.5250687754382974 0.7787010899159534 0.06771326217432151 0.07206197486963689
0 0.8704674225301444 0.6368054389380406 0.07495277097148928 0.07712149964962553
0 0.423716453633094 0.921691793529894 0.11852967543264575 0.1315171098680183
0 0.14528664940078637 0.17645373516945947 0.09910311385246938 0.0971917104547155
0 0.3704114818588853 0.64465043906853 0.10154891550976003 0.10448719307368612
0 0.4692394808735179 0.07177958251095642 0.1426800183136257 0.14355916502191285
0 0.21798860970924303 0.06812420759855008 0.06516956434232722 0.047939569173743236
0 0.31515638052966194 0.2390452874551128 0.053164318740911244 0.04992369454042899
0 0.5757577194759897 0.3994504722986013 0.11609785894316989 0.126625473402894
0 0.626516589352756 0.04337030595251057 0.09436534738385113 0.08674061190502114