0 0.47157871845689425 0.5267249514721632 0.07710718760775273 0.09458903734623657
0 0.4349779428313018 0.7129871656446546 0.07633779503413808 0.06814672965392887
0 0.5842945929515747 0.23875323777663782 0.07661757415181605 0.07776211426931348
0 0.36159834855983497 0.1848710414847036 0.07937114420275976 0.08996349760802577
0 0.5590115777462201 0.7779433865161026 0.0771071876077526 0.09458903734623657
0 0.3015773431196317 0.7638709415815258 0.07173993706470419 0.07499396297650417
0 0.7845189071604631 0.010327932164281491 0.0567573019062713 0.020655864328562982
0 0.26161560499123826 0.9419929230697778 0.09104065107489298 0.07885502968620273
0 0.5162452542786486 0.024598592397369296 0.051949609598578986 0.04919718479473859
0 0.301658559189976 0.34891631981354904 0.05710702580336878 0.0666895090980762
0 0.5650196025949689 0.32416292114762424 0.06177482855222202 0.06224612192934705
0 0.9309082837981789 0.7737481997849199 0.09174009886908809 0.10289349122466454
0 0.37714935867081956 0.8456913676887592 0.0666524656393339 0.06501427322215637
0 0.7328249435618459 0.40978778102212476 0.05689719146511015 0.05947797063653773
0 0.9673084738216396 0.5119469843357565 0.03250900602955106 0.04563721417249124
0 0.6263269282541728 0.23676749088763335 0.05675730190627123 0.05467027832884542
0 0.600114542908244 0.5193836351587452 0.06679235519817289 0.06982196552984868
0 0.8418260865470321 0.7852955371634305 0.05703708102394928 0.06428566294423031
0 0.34492778995920675 0.3456375735628807 0.057246915362207704 0.0714972014057685
0 0.6511733678466232 0.33082658249244135 0.06693224475701189 0.074629657837541
0 0.7967881482841932 0.5608464327918998 0.04940587388589371 0.04931612831270836
0 0.930384129971464 0.019104279433429575 0.05208949915741812 0.03820855886685915
0 0.02256962117065184 0.1363996281513381 0.04513924234130368 0.07816228215886227
0 0.1947718024858997 0.8487176552770511 0.08616301398778117 0.0760868783933934
0 0.4380997342515969 0.52326547206029 0.09097070629547342 0.07645118353235685
0 0.03258054134483724 0.40528402361843696 0.05180972003973991 0.049498280882189945
0 0.9677852254507848 0.4543457529281895 0.03491285218339722 0.04581936674197283
0 0.5546826596224709 0.39090622437157896 0.07173993706470419 0.07499396297650417
0 0.921099971780923 0.16286218510318884 0.04473807113704053 0.053759515481437564
0 0.6184786605965298 0.02081892658062661 0.05689719146511015 0.04163785316125322
0 0.9416211063402886 0.015270819490808376 0.062124552449319574 0.030541638981616753
0 0.057644041456875156 0.7391812728994156 0.05194960959857892 0.05430597318988252
0 0.6280108065867721 0.7559251152089547 0.07696729804891361 0.08978134503854426
0 0.9654328266041043 0.6176251388202464 0.03024504943454404 0.050262753910702104
0 0.7425030467753211 0.15960562845264312 0.05201955437799855 0.05670981934372847
0 0.29580328572685766 0.838663401204979 0.056617412347432165 0.049862586021153114
0 0.5009032144680599 0.9202629731755919 0.06686229997759245 0.07222581168369484
0 0.8927192982729893 0.5199975601435315 0.0567573019062713 0.05467027832884542
0 0.17462813803201233 0.7579000277640493 0.05675730190627123 0.05467027832884542
0 0.42530952037288494 0.09729345865523112 0.0666524656393339 0.06501427322215637
0 0.7684830552011415 0.7093025738713309 0.03759647745492163 0.05561690392683916
0 0.9165756716815732 0.27713595369562194 0.05958081673663429 0.069275507821404
0 0.9214311982057666 0.31634403381037957 0.046862138173208424 0.0443262834355346
0 0.8203446545669786 0.03977620649102198 0.05491301398778111 0.07371889499013312
0 0.12265121424398401 0.27733230034786954 0.06693224475701195 0.074629657837541
0 0.27504500263978404 0.4804544615313163 0.05194960959857892 0.05430597318988225
0 0.44435776945484506 0.637921477166979 0.06198466289048058 0.06945766039088551