0 0.14364502799784198 0.007558450892181198 0.08536697907260704 0.015116901784362397
0 0.48383399848084757 0.06584464270356322 0.09991181843995825 0.09997386592550966
0 0.5690520191668813 0.6058550166726675 0.11750896882187607 0.11267874126914143
0 0.4517381507084667 0.7684982486700563 0.09177600721242604 0.08525694132768945
0 0.80834770203311 0.3346061165269711 0.08712236036573273 0.08746488903170661
0 0.14266496108413673 0.477416514887632 0.08968025198057779 0.0899666844104672
0 0.4230677110486425 0.4527353017264877 0.13331845489394362 0.13490105200324365
0 0.9141150903966846 0.4242912236930214 0.10712335690149671 0.10026771360025294
0 0.3150270108612338 0.7788890467978723 0.08921811559758087 0.08275514594892887
0 0.5454254270806734 0.820113614274226 0.08169848621404455 0.07765360596649301
0 0.9430308973507133 0.8002972483201156 0.07944868552119726 0.079959502895425
0 0.300616390635207 0.9301089236624013 0.06527281829798118 0.04581591061700644
0 0.7135604387085799 0.5855060116422665 0.12022090589772023 0.1175843828017483
0 0.42932453613311866 0.418738633285441 0.11464298628503304 0.10536925358268853
0 0.5874604517562564 0.8931146320572829 0.07914059459919952 0.07515181058773243
0 0.9536685450563653 0.36098518765919835 0.0926629098872694 0.09295822591380005
0 0.06076584728966234 0.4217056339281208 0.0692171190618169 0.0699523213803824
0 0.41670894983956663 0.1842656840605265 0.07929464006019839 0.07755565674157865
0 0.17933330801885652 0.7675472803161583 0.11750896882187607 0.1126787412691417
0 0.9951258992532022 0.48893184469351614 0.009748201493595642 0.08820359836200709
0 0.42100239642786275 0.4769206871023209 0.10200757367180639 0.09526412284273178
0 0.7620206330323442 0.683551515590879 0.07944868552119726 0.07995950289542474
0 0.14751555069994773 0.6471325417960719 0.16912893750177516 0.16992618730589207
0 0.7920793242468152 0.9269542048567769 0.08727640582673174 0.08986873518555263