0 0.08780317108603658 0.542541977427413 0.10119208818425166 0.10929192821818116
0 0.7881127562480257 0.6546505845125921 0.12556643252474012 0.11678317950349583
0 0.737542867276776 0.13692942246489967 0.07569813450367299 0.0777622153944051
0 0.22141108544429233 0.9582806492067844 0.12629086466845124 0.080753458478181
0 0.6631061283933304 0.5526837640160879 0.06278321626237034 0.058391589751747915
0 0.705855143471735 0.7217493342677664 0.0784378634595462 0.08500172513832119
0 0.7626351940552326 0.4432939363095851 0.05808748488868677 0.06073949334083883
0 0.7747334246339487 0.36739096912797675 0.05786356302066874 0.055931801033146517
0 0.9302591706391901 0.8405981783406349 0.07351821021784488 0.0825419364197198
0 0.3588877454336974 0.24355430354258958 0.0805058268113653 0.07781815795916035
0 0.9015378771385311 0.17230097628902655 0.09616047400854145 0.10442829334573368
0 0.7338185092573025 0.035691539440841295 0.1022524031299897 0.07138307888168259
0 0.6133300858911389 0.6458611947926609 0.06759090857006236 0.058447532316503285
0 0.581177948713324 0.9625124040297937 0.07983406120731118 0.06339508103608328
0 0.9994107262817311 0.82993387063609 0.0011785474365376776 0.08217830974881088
0 0.22126616338575972 0.8777098461293718 0.08324555576723852 0.08505766770307642
0 0.16457819017218553 0.8483051087009799 0.08268575109719342 0.07303843693384565
0 0.35616145033616686 0.8821530697008411 0.11768312845914777 0.10227618873328591
0 0.7570404612821295 0.37481229220734724 0.07273448367978173 0.06571501334279671
0 0.7968486667301715 0.020834907640911456 0.07927425653726608 0.04166981528182291
0 0.8043601692397704 0.7711112522034314 0.07033063752593559 0.06568704206041896
0 0.30064226092603985 0.3356277107305612 0.07239860087775475 0.05850347488125829
0 0.15334913564676075 0.529753536392798 0.060939174778569014 0.07038284923860107
0 0.9257312025175679 0.40772405731287276 0.057639641152650696 0.05112410872545421