0 0.8004157630547772 0.9652606718257686 0.07929464006019825 0.06947865634846277
0 0.7296009929721458 0.6502424906296499 0.07673674844535337 0.0733741633361694
0 0.910649067524208 0.42169101897496175 0.1226247520515664 0.11499481518402523
0 0.6417319164324051 0.1408639654052532 0.08231466805804043 0.08547731268678596
0 0.6741746274810476 0.609655924695946 0.08169848621404441 0.07586192807140134
0 0.1978173610756178 0.3516207205282689 0.08169848621404455 0.07586192807140134
0 0.933621667532727 0.5553562362575802 0.1194506785927252 0.10293362512410144
0 0.770971411278646 0.8274496740710025 0.0690630736008179 0.06603674700255241
0 0.6875553540051688 0.33135524162879904 0.09920247235710059 0.12419060689248146
0 0.9499500053383311 0.12348213473378274 0.10009998932333794 0.07628152097832966
0 0.394142692066333 0.5675500112363087 0.06410133583212659 0.06354898226732075
0 0.479486600150496 0.1944591589628325 0.08441042328988857 0.08071157966978647
0 0.9407564033350374 0.3441954083353541 0.1184871933299252 0.1173567020471784
0 0.23734800573586837 0.8373445011226169 0.09223814359542291 0.09045284215724955
0 0.08043892658375387 0.6557194255741622 0.08231466805804036 0.08547731268678596
0 0.8270337849334145 0.6531437649796324 0.07433290229150694 0.07333220404547693
0 0.6091527036942395 0.3443936619590125 0.07975677644319526 0.08303150724224705
0 0.25171572865377645 0.5182413723761244 0.061081307834284684 0.05389163836124338
0 0.9868521840730333 0.4533125692990198 0.02629563185393325 0.118669606643011
0 0.12387281710537756 0.9025961881863604 0.0585234162194396 0.05144583291670447
0 0.16891401081863905 0.12540742632257348 0.09719988136411416 0.09294060689248142
0 0.4465688558792638 0.3739713736234766 0.061543444217281564 0.061103176822781845
0 0.9108082000596327 0.9413765159813164 0.13331845489394348 0.11724696803736706
0 0.5709111789902627 0.909198693178304 0.07433290229150721 0.07333220404547693
0 0.4965801191044117 0.7422213873595594 0.220842070420536 0.1863427659825841
0 0.30477605822472154 0.20341536151148662 0.0847185142118865 0.08551927197747886
0 0.3709731492886964 0.2621986107618079 0.0755652659794987 0.09256297327624595
0 0.5578302116449443 0.04935605768850544 0.09085173444643228 0.06881822677263422
0 0.7507683848993386 0.11875563123866188 0.09270027997841979 0.09766438061878809
0 0.7088260843200748 0.8131585583121816 0.07914059459919925 0.07341612262686244
0 0.764110861047224 0.9949940540686494 0.07109794761052896 0.010011891862701324
0 0.432953376352332 0.8359564910063904 0.0741788568305082 0.0709283578916305
0 0.6163605573444657 0.5318097433776269 0.08139039529204667 0.07105423576370903
0 0.29151709414487464 0.5585552029203249 0.08906407013658194 0.07839165209732603
0 0.06761718549280363 0.7179257105393124 0.04804464006019839 0.0752744980017017
0 0.10747943220603891 0.7966591202543584 0.06665922744697181 0.06599478771185993
0 0.5047053160405499 0.5130526929288336 0.08650617852173685 0.07594584665278699
0 0.8639834669903758 0.7426315434509471 0.0767367484453531 0.0733741633361694
0 0.80784775541642 0.7284453259188581 0.08246871351903942 0.0878811588406321
0 0.39764284036119035 0.4535561357367341 0.08231466805804043 0.08547731268678596
0 0.25035607530454224 0.7031067501234679 0.09417985336627219 0.08328326298640412
0 0.15386369761762958 0.6774108966026394 0.11230002135332405 0.14122732642286862
0 0.48047315640174026 0.9551434524837517 0.10712335690149671 0.0897130950324966