0 0.705576191530899 0.37207558185742307 0.12814506004803022 0.13333777565632368
0 0.35603334624741306 0.35110628237111885 0.10398073199923562 0.11058355093161823
0 0.8000612141963254 0.04374820051716439 0.09433737704822129 0.08749640103432878
0 0.39631754504333416 0.6556373506413458 0.07252095448201382 0.0730703664818088
0 0.07476855972444883 0.573284346567784 0.0919475160621901 0.10761990010772712
0 0.8116321182403332 0.31787045460718044 0.1039947171670504 0.11298739708546439
0 0.55405696541561 0.3923502745461446 0.07739857262877993 0.08531351911905762
0 0.5081601258074964 0.4329390707538543 0.058013966552048046 0.057975523954677755
0 0.7442413162809015 0.12875364891874494 0.0869999720763499 0.08335751670124747
0 0.48706393938375064 0.3413986422368585 0.09189157539093092 0.09800451549234236
0 0.7591328963257742 0.04755303716084472 0.08465206659376288 0.0928609403826231
0 0.08676521003165856 0.9896798886560377 0.040935310454458605 0.013922566647383842
0 0.46194701721325093 0.9409639829506319 0.07010312316035275 0.07055455939395362
0 0.5333359744574155 0.8559303661665969 0.07253493964982848 0.07547421263565496
0 0.40779754549654584 0.9543004116581423 0.06761536599961787 0.056019521536867685
0 0.8242946667290446 0.20673372686021227 0.11602793310409582 0.11595104790935563
0 0.6477843849535889 0.8049391448780919 0.06769927700650659 0.0704425984599446
0 0.9255335044814307 0.773978810846205 0.06771326217432151 0.07284644461379103
0 0.1620482351570946 0.4418499067896135 0.08948772923708476 0.09789255455833348
0 0.09896624798248169 0.9578700839859926 0.05565207590164625 0.0650751014822072
0 0.23278848480817002 0.055245558631895134 0.08695801657290539 0.07614597823970902
0 0.27656038026358404 0.1733665890450361 0.06767130667087702 0.06563490615225231
0 0.4690832399621068 0.5404996764672293 0.0942674512091475 0.09330878411865921
0 0.46244429202582565 0.6489526557253286 0.05084438359395394 0.06485117961418915
0 0.13142137648000246 0.12965945632181208 0.05319228907654088 0.05534775593281363
0 0.05079463415145273 0.15023707068803704 0.05077445775487996 0.052831948844958454
0 0.6168794256304998 0.1274760399596841 0.07007515282472318 0.06574686708626132
0 0.8741802649725355 0.5132207975482493 0.04596676544718757 0.05260802697694048
0 0.6473524474616291 0.4661087981197932 0.0726188506567172 0.08989728955873187
0 0.5136864515473518 0.7222666494902887 0.06290556986662907 0.07262252274577272
0 0.3074163914993215 0.8592431555019053 0.06043179787370899 0.06049133104253293
0 0.3334950848284445 0.9205115852278064 0.05315033357309646 0.048136217471275375
0 0.014031492224262622 0.16038592670363824 0.028062984448525244 0.05422814659272351