0 0.8641664388427726 0.5444681783549103 0.07765360596649301 0.08300602844103175
0 0.6050244397781914 0.2748949093471135 0.09295822591380005 0.10581798928073506
0 0.795926237381096 0.8874089021290994 0.07775155519140771 0.08540987459487763
0 0.2126016410648973 0.1391525247168084 0.06764642445145068 0.07260574685558836
0 0.2347975265298984 0.8078385832268207 0.07515181058773256 0.08040595804467078
0 0.3743980427028901 0.19336115782319055 0.060043089090254506 0.062401689512659786
0 0.2302163551934269 0.8906731634132558 0.08236334904927095 0.08099463077221494
0 0.8673742224042962 0.11059852520751465 0.08255924749910001 0.08580232307990719
0 0.6852084721275404 0.6154803471128779 0.08255924749910001 0.08580232307990719
0 0.7275226443994308 0.2873061918692078 0.06504667984777567 0.06760183030538144
0 0.13742340520806387 0.8891281454610561 0.07986155367051037 0.07839456037585425
0 0.3983794564508589 0.7886317965196378 0.07005027060529684 0.07280197109810296
0 0.6057387153566877 0.6717011713524085 0.08736693980679232 0.08619477156493661
0 0.4198078944726156 0.29233567787166437 0.06274078291884394 0.06980945221671292
0 0.34557433109124386 0.16086027786868023 0.0574433444865795 0.057397772962452805
0 0.7116630502501745 0.7949101788157756 0.07755565674157858 0.0806021822871856
0 0.22310685610024505 0.9467710995436108 0.057639242936408285 0.06220546527014511
0 0.057735200644026055 0.270015467834745 0.057639242936408305 0.06220546527014511
0 0.1882796107647222 0.647271649891498 0.06023898754008336 0.06720938182035195
0 0.2461943492848085 0.6761176053715688 0.0799595028954248 0.08079840652970013
0 0.46841126785624165 0.10576764384056757 0.06504667984777567 0.06760183030538142
0 0.7277124611885208 0.5490065086528315 0.060043089090254506 0.06240168951265965
0 0.3002237328470054 0.5635536638815811 0.057639242936408285 0.06220546527014511
0 0.27081840754661124 0.27896785175883176 0.08236334904927102 0.08099463077221482
0 0.5816063947367538 0.7312332300928535 0.06504667984777567 0.0676018303053813
0 0.18646146844306605 0.9582508128289677 0.057639242936408285 0.06220546527014511
0 0.8028500098286302 0.628701104226866 0.0751518105877327 0.08040595804467078
0 0.3612259705780423 0.9013673846303051 0.07255206598405742 0.07540204149446393
0 0.3852358011124087 0.48969644197323375 0.04773001064628032 0.054209029838547945
0 0.6981908345721469 0.356061186740008 0.09727617209691995 0.09419120699653363
0 0.9511620324671176 0.7770767634401126 0.04341206446316029 0.06583581212274936
0 0.6512770317638706 0.14601918300832442 0.06244693524410066 0.06259791375517446
0 0.8528390414175304 0.9674730546780329 0.07716385984192087 0.06505389064393413
0 0.9099620058514168 0.9003353228793156 0.10698950593721926 0.09737995012043836
0 0.6243878708987091 0.4211860331242868 0.0574433444865795 0.057397772962452805
0 0.012762030242973467 0.2237293389283719 0.025524060485946933 0.04842021631828226
0 0.6151929141870774 0.8244189366210615 0.06504667984777567 0.0676018303053813
0 0.4600713217908903 0.4584216659853158 0.06023898754008336 0.06720938182035209
0 0.8188422658676349 0.2658184471173541 0.0948723259430738 0.09399498275401896
0 0.5357046982163107 0.2595890216988035 0.06764642445145068 0.07260574685558836
0 0.42247098274521977 0.8484825708796068 0.07765360596649315 0.08300602844103147
0 0.023489568997251044 0.47299339883590047 0.04697913799450209 0.06460931142399126