0 0.8748414564389175 0.33400184638601815 0.08420917970233979 0.09928822135110853
0 0.8922119984077324 0.18373492939268382 0.08974548228795844 0.109099504416322
0 0.8893692827971983 0.08296928938097424 0.059660123206019586 0.05994513986534001
0 0.4118457743446035 0.2959648259716748 0.14314069263043303 0.14961797660106385
0 0.4038051343947648 0.7749219960799884 0.06115320651245754 0.04802385832102374
0 0.47213401661817517 0.8543917528508409 0.08774180402366127 0.08265719672401417
0 0.6946676801935963 0.6286097522653625 0.08865256687106893 0.09467642749324501
0 0.30386852314147117 0.04113878157291713 0.06927550782140393 0.06033693676499781
0 0.09668237248699804 0.026705532845659172 0.07317243728168839 0.04851360444559593
0 0.22558639898866548 0.4153858102949934 0.08147689116011628 0.06323052904341608
0 0.31765032877883576 0.8397095409178547 0.08016596042315964 0.07755565674157858
0 0.286194567200955 0.5352801801691156 0.10380425407207233 0.10487950745811639
0 0.08793673126763221 0.796799493009593 0.05966012320601935 0.05994513986533981
0 0.14612969805986273 0.2839395135417052 0.07441164251747373 0.09649257829760452
0 0.8017327491410439 0.7923345158802526 0.10879409894924609 0.10747925206179168
0 0.9011488295785421 0.9341797910482411 0.0890168720100321 0.09948411980093724
0 0.975902327168705 0.5953762269064207 0.04819534566259001 0.10429181210862956
0 0.8476762161017901 0.6396372203551224 0.17253330418503163 0.15800490576157572
0 0.11515150750580849 0.20718989283394962 0.10861194637976464 0.10507540590794531
0 0.9755793019472825 0.09741071839511653 0.04884139610543496 0.07417231833858805
0 0.9607362571131005 0.9746932308853167 0.07852748577379906 0.050613538229366546
0 0.8058146699873632 0.9410791297439709 0.05521673603729017 0.06455693372320326
0 0.6929787711672133 0.8909493630872866 0.11396609639590156 0.11248284281931284
0 0.3052360868208596 0.13824967774140023 0.08905273476061791 0.06833206902585189
0 0.6796938873372447 0.3835643684104266 0.07000411809933027 0.0699523213803824
0 0.7562347277460657 0.3974670766875394 0.06832888222341046 0.07946975677085259
0 0.9644847676420741 0.6808372469708233 0.07103046471585181 0.11891078748153561
0 0.9386165244252886 0.3533754493107168 0.04745873986730723 0.05705154758692151
0 0.2904142614165105 0.24308839087394374 0.07889089243678854 0.060728733664655636
0 0.26871927579693655 0.9371673495169804 0.06705381423703936 0.06264283369392952
0 0.2510146138066381 0.7351463233689892 0.0598422757755009 0.06234898601918596
0 0.2250012397130819 0.2811622225792666 0.05911366549757462 0.05273360140380155
0 0.05115558538281702 0.05840039450121636 0.055398888606771765 0.06696077987704957
0 0.5695142933333173 0.19455024556769482 0.07259011682265801 0.07245411675914298
0 0.719246921807396 0.3204725829174978 0.07018627066881186 0.07235616753422856
0 0.5099551822699749 0.6893813788817366 0.07204365911421326 0.06524257829760452
0 0.6375218302097332 0.6334705093289543 0.06020658091446407 0.06715667832687854
0 0.367561031292761 0.5338027615085145 0.0646499680831932 0.06254488446901509
0 0.5228794982535072 0.38556215571699176 0.05911366549757456 0.052733601403801615
0 0.1701186236972756 0.5688932319973888 0.059842275775500914 0.0623489860191861
0 0.08077188989058924 0.3543673190990366 0.07000411809933027 0.0699523213803824
0 0.1991011315043891 0.05005016952283524 0.0648321206526748 0.0649487306228612
0 0.6149377504105711 0.4935576862813052 0.05467027832884542 0.05734539526166493
0 0.7925434593078577 0.18087195963565728 0.14405145547784096 0.1616372073702947
0 0.6078078733081402 0.975931911698795 0.0744475052680594 0.04813617660241002
0 0.584726871701582 0.5534354994431225 0.04913397574322677 0.04753411219645146
0 0.9798695627218842 0.27635033301928336 0.04026087455623157 0.07907795987119474