0 0.5326488658460408 0.1597338195597218 0.0741788568305082 0.07133409252959406
0 0.21928687656529752 0.9049051867552348 0.08185253167504349 0.07871348141196567
0 0.4012126417639227 0.700853994623504 0.07929464006019839 0.07625368511784213
0 0.41182563706448827 0.9040349447637818 0.11510512266802991 0.11069083323557703
0 0.02422110520487294 0.11499296440267094 0.038891391827810644 0.08251407119465813
0 0.5949049008149495 0.8119024741365914 0.10998933943833974 0.10577124064732911
0 0.6562315759434388 0.9236243652111106 0.1666642101257919 0.1286927092583334
0 0.6684034499105551 0.21194502338290544 0.08758449674872974 0.09324845861559836
0 0.8421860342590237 0.36919810615170867 0.09658369952011835 0.08385687456132483
0 0.4053451134111381 0.5587193457750531 0.1068152659794987 0.09369605973782068
0 0.289415811696058 0.8346611170220084 0.08216062259704142 0.08352117371965825
0 0.28285642290655233 0.5820334703070511 0.0791405945991994 0.07384983896399569
0 0.1212955393134006 0.31495778641602556 0.08425637782888963 0.07876943155224361
0 0.9357552329982683 0.15757370952473215 0.08579683243887906 0.10280789309070518
0 0.8073053516341542 0.06908101283274505 0.07914059459919952 0.0738498389639958
0 0.9960160465968152 0.8716828626988241 0.007967906806369522 0.08799316518568372
0 0.8922904617230334 0.7002574736991446 0.07673674844535337 0.07379388882371803
0 0.5188438131726157 0.07579502966607864 0.14247170312633137 0.1257293617017095
0 0.5750920751625652 0.6342136842429482 0.07673674844535337 0.07379388882371803
0 0.3863901520856422 0.6386057702547541 0.10487355620864956 0.10085164805908119
0 0.09925598395661325 0.5345470385201924 0.06906307360081795 0.06641449994134628
0 0.181432748062017 0.5771718377371793 0.05658170644859032 0.058923210778418916
0 0.5802830387170987 0.7340012746977026 0.1098352939773406 0.10336739449348296
0 0.15507623498594666 0.9172331482350427 0.08456446875088758 0.08357712385993593
0 0.06335786432688825 0.25612051072612174 0.06906307360081795 0.06641449994134621
0 0.1884667299315697 0.9874752080901708 0.10219390214953009 0.021580675122435784
0 0.0724894438339453 0.5676703632804487 0.06937116452281587 0.07122219224903859
0 0.7656370165545072 0.9403373781293797 0.07279244768151745 0.04969947714497854
0 0.9589812710551732 0.7298849196310889 0.08203745788965368 0.08855266658846152
0 0.6216395980634354 0.045716967794764446 0.08743045128773073 0.09084461246175221
0 0.8005324384246258 0.4893354686427879 0.06875498267882016 0.06160680763365397
0 0.36598097090893666 0.22620627951944414 0.06394729037112772 0.06149490735309836
0 0.2975696068376087 0.7177109026486643 0.06937116452281583 0.07122219224903859
0 0.2137038698781848 0.36697416968728613 0.05883150714143754 0.056575314764850435
0 0.07919042138739987 0.6722376709727563 0.04804464006019839 0.07552633329423077
0 0.7705701561177862 0.8294807043510677 0.09991181843995825 0.09833590162467942
0 0.616007726708693 0.42742595993285204 0.1299903359741036 0.11823807253878207
0 0.15107842262259827 0.4791736468322648 0.08394828690689173 0.07396173924455131
0 0.2670326377317786 0.504160245938301 0.06844689175682216 0.056799115325961665
0 0.03970267403526798 0.3565795028642094 0.03781307360081795 0.06568714811773504
0 0.7657804477241122 0.6983871637560356 0.08348615052389509 0.06675020078301284
0 0.7749286088820745 0.1649281381541126 0.05611957006559338 0.05171167231688038
0 0.06027142788994078 0.489713213701282 0.06262176244427427 0.07826588028974363
0 0.5395089759349199 0.7927286599851491 0.0741788568305082 0.07133409252959393
0 0.14197359891529757 0.37466228928023493 0.059139598063435446 0.06138300707254274
0 0.8733945392140183 0.9125512621313562 0.10302501067666178 0.07200549421292762
0 0.04651664214725894 0.19993785188226496 0.07516401081863905 0.12416275777393165
0 0.6951769195133048 0.610955509851228 0.15301136050770972 0.1403762391858976
0 0.16632567859272535 0.0972408541330661 0.10231566459380438 0.09839185176495736
0 0.3062570338756873 0.890843775865865 0.09750797228611209 0.09827995148440202
0 0.054987300096545386 0.42603926569449785 0.05944768898543333 0.06619069938023504
0 0.22670088501292193 0.7951944859135682 0.0738707659085102 0.06652640022190162
0 0.8738585180026714 0.8258729252422001 0.10487355620864929 0.10085164805908146
0 0.39941436316267837 0.46617126885197624 0.09146791629042816 0.07893728197307691
0 0.17139303729732858 0.21388334273488233 0.06906307360081797 0.06641449994134621
0 0.12258141460090492 0.7482655456513889 0.07929464006019839 0.07625368511784213
0 0.4963776491183257 0.8334551741888886 0.07254523798165681 0.0832973731585473
0 0.8530679079847806 0.21968406842088603 0.0770448393673511 0.07860158113141033