0 0.9074501330745322 0.6141830486055968 0.06843129283635872 0.07033063752593559
0 0.6941462877911888 0.29610802124762714 0.08171032599220086 0.09492890373444222
0 0.7824415718588734 0.9284908150375267 0.06855727307501962 0.07273448367978173
0 0.3289336499320133 0.07646878348129796 0.05843796750499049 0.06267125532836111
0 0.23826326496717856 0.7256948918359064 0.06590146644385121 0.06781483043808069
0 0.47985159343110806 0.16502916968661688 0.05312635424265352 0.052831948844958454
0 0.21958407438145827 0.8039581860397438 0.07311300490538973 0.06815071324010748
0 0.9729124586854603 0.19421469841109765 0.05417508262907944 0.07491440796560986
0 0.717032144346757 0.6412838661925682 0.07336496538271192 0.07295840554779978
0 0.8149003957478296 0.33530393363491934 0.058186007027668026 0.05786356302066887
0 0.12729306874534574 0.7816748243935552 0.07058317851288234 0.0656349061522523
0 0.4034306474602847 0.7429796004309082 0.06324565981268265 0.06289517719637908
0 0.6302315007116891 0.6780066962496195 0.07817265769040424 0.07318232741581782
0 0.5081682722744069 0.2706601062520102 0.05590814111248317 0.060155448240505935
0 0.45626428434724475 0.12676190589592043 0.0528743937653312 0.04802425653726615
0 0.714461431477113 0.8210125230609848 0.06830531259769729 0.06792679137208943
0 0.20318786052056506 0.8571490370292102 0.05072250808880737 0.05271998791094964
0 0.15267144522106674 0.167775348348233 0.05072250808880737 0.052719987910949485
0 0.21881631092658166 0.5605276060944042 0.05337831471997585 0.057639641152650696
0 0.2725146870528524 0.6013963046371363 0.07070915875154359 0.06803875230609845
0 0.5880400027831112 0.10172573773342054 0.05818600702766816 0.0578635630206688
0 0.7717639164305274 0.5874805439934 0.05312635424265339 0.052831948844958385
0 0.3442095840714913 0.5052194391408094 0.05072250808880737 0.05271998791094937
0 0.3630607521826516 0.2243349691400125 0.0731130049053896 0.06815071324010748
0 0.5958064406969498 0.7303578402340183 0.058186007027668026 0.05786356302066874
0 0.16491529241701833 0.8589634313158351 0.05072250808880737 0.05271998791094964
0 0.8329785599957056 0.6802558567118424 0.06590146644385114 0.06781483043808041
0 0.34754972079963753 0.843489981229063 0.06564950596652881 0.06300713813038811
0 0.44094567372823895 0.4521735102098757 0.04325900914994672 0.047576412801230136
0 0.7736417379875353 0.39453073327882954 0.09056982917561876 0.08095367054740138
0 0.9647082811447933 0.8602447105001482 0.055782160873821866 0.057751602086659984
0 0.7636944099429461 0.18184632913044946 0.05553020039649954 0.05294390977896747
0 0.8229085725197062 0.9955513879857679 0.06957533660359325 0.008897224028464242
0 0.893517305080799 0.9626681017350704 0.1001852137910031 0.07466379652985904
0 0.6896858713416274 0.43977898580835134 0.05287439376533106 0.04802425653726608
0 0.9893034969373287 0.9712116617334766 0.021393006125342742 0.05757667653304675
0 0.10289889973186013 0.11030364859659574 0.0478147409803166 0.04299264236155583
0 0.6128018908932962 0.8258695679809864 0.058186007027668026 0.05786356302066874
0 0.5205926582114571 0.43909727842225443 0.05337831471997585 0.057639641152650696
0 0.9083984352705072 0.3348627177535785 0.08576213686792619 0.08072974867938335
0 0.6289955919696624 0.26549682572715755 0.06084181365883657 0.06278321626237006
0 0.41758643147711305 0.8071853477108719 0.0684312928363586 0.07033063752593559
0 0.07975418188693638 0.35501846535569126 0.050974468566129666 0.05752768021864167