0 0.25893253488289536 0.6412462732426543 0.09499366641818839 0.09275791356228343
0 0.19895449431845222 0.5018990062935829 0.08213396915925199 0.07989821630334695
0 0.6290924558417826 0.29037589817217163 0.07509052399565465 0.08179778256336977
0 0.8565322073856112 0.6351926746510139 0.11333342917658157 0.11556918203248674
0 0.5985900790411127 0.41861197414075835 0.10338185796531486 0.11008911653302984
0 0.34689323267821115 0.10319617138456365 0.09773369916791684 0.09773369916791681
0 0.9466437714382016 0.7135022412988852 0.10671245712359688 0.16583131798264444
0 0.4133664553054033 0.8314522393596425 0.09806988576379921 0.10254139147560928
0 0.20933341551665718 0.9068883065590244 0.09963326542793959 0.0906902540043195
0 0.10815380374094717 0.7598757612372614 0.08537828180280378 0.09208554037051897
0 0.6100973532079949 0.18977581629785062 0.08436972201515704 0.0776624634474419
0 0.5067825085752806 0.14906205163047695 0.07492243069771352 0.07939393640952358
0 0.7364486563671693 0.7822815899132223 0.08247015575513436 0.08470590861103926
0 0.08344352897716104 0.5775449101321711 0.08984978751461382 0.08761403465870889
0 0.7749107547951477 0.613936549169986 0.11830921478221512 0.11830921478221512
0 0.8757976032155604 0.3291560299467824 0.0800663096012882 0.08453781531309815
0 0.24469514454056954 0.4034335973098262 0.08710975476488542 0.08263824905307533
0 0.9545999346944675 0.20461800653290052 0.09080013061106512 0.0954979463120118
0 0.7877440621298691 0.9708165396250841 0.0946574798223061 0.05836692074983182
0 0.6700336504311727 0.24300485495331334 0.05384263518959205 0.05160688233368687
0 0.528213284129895 0.7976215032664503 0.06172654684289483 0.06172654684289496
0 0.4053837035525193 0.20416594652106718 0.06961045849619787 0.07184621135210278
0 0.4008287111581786 0.03640099564565982 0.07088819154712639 0.021701628717215867
0 0.2479235438006311 0.14172528314514252 0.06687042574646937 0.06687042574646943
0 0.28994910815167346 0.05854868756550359 0.08470590861103926 0.08247015575513424
0 0.17732811560880193 0.5518167189728933 0.06206273343877707 0.06653423915058714
0 0.9293545917919405 0.3424694671168718 0.10030563861970411 0.10030563861970411
0 0.20718226927616262 0.7392914489815582 0.05675076123726141 0.05898651409316631
0 0.9781714613596684 0.4989798437387486 0.04365707728066326 0.12266316717875424
0 0.9425087323054938 0.2740186283898919 0.08744594136076764 0.0874459413607677
0 0.34343852342901293 0.17352130638023125 0.06446657959262335 0.06670233244852825
0 0.6760421458829083 0.5854941552187548 0.07441815080389019 0.072182397947985
0 0.807815297850344 0.9828945470519502 0.05965888728493077 0.03421090589609959
0 0.7128326679393202 0.10247213827724898 0.07050146496857387 0.05037968926542858
0 0.9836215785638676 0.8120346636152423 0.032756842872264914 0.06071798705524801
0 0.5894965676023615 0.18594317711150482 0.10030563861970411 0.10030563861970411
0 0.8325948258124902 0.5665402359597925 0.07441815080389019 0.072182397947985
0 0.7392639391244633 0.9080632797452926 0.07715818355361857 0.07715818355361857
0 0.9471568479734299 0.46786443037038955 0.10568630405314011 0.12412546687755412
0 0.17919529513540428 0.16801653085587914 0.09806988576379908 0.10254139147560916
0 0.6779422721093709 0.40741617654486323 0.10544951752327865 0.10544951752327865
0 0.1167194451938596 0.488972295702046 0.1539801805113548 0.14950867479954483
0 0.08232677248208835 0.23659371953953495 0.047639656515700166 0.06552567936294032
0 0.2665148865394962 0.3391768543564094 0.05160688233368687 0.05384263518959177
0 0.46213334485690083 0.6052215276348224 0.12809269269554086 0.12138543412782574
0 0.10369109467054213 0.6447432857995576 0.11215677609099374 0.09874225895556346