0 0.5569470932865894 0.18448583802573074 0.06614021046687395 0.06322725334181777
0 0.057058268021516624 0.8582158759119575 0.0712279189643258 0.06809088821426511
0 0.28808268486438643 0.6913180800445434 0.07108791086944599 0.06568704206041923
0 0.2451420089419258 0.8916756072197884 0.10175416994903688 0.0972726974489504
0 0.044074838102404645 0.04862236308328642 0.08593101207716228 0.07306640821622327
0 0.4482314461305906 0.8326991467340529 0.09666646145158503 0.09240906257650285
0 0.47969257984814073 0.9498076205442293 0.15039112540547897 0.10038475891154136
0 0.6752730002389105 0.2592296811192964 0.07687565984129673 0.0825699077020974
0 0.8040554619511251 0.4435443231895053 0.08593101207716212 0.07306640821622327
0 0.32865507744433603 0.5522726154335641 0.09596642097718622 0.08038983180727208
0 0.14448307363580654 0.8027044861797891 0.07150793515408534 0.07289858052195743
0 0.20344506530201636 0.5544238779806978 0.07094790277456625 0.06328319590657308
0 0.11447680591835772 0.26473160309454463 0.07363176511817195 0.06811885949664287
0 0.9510734172338141 0.25281700833614784 0.07262799991312363 0.09212934975272685
0 0.8479987815034037 0.14337123806488974 0.07094790277456625 0.06328319590657301
0 0.8637479320840062 0.9642743385215007 0.07659564365153725 0.0714513229569987
0 0.7679074217807939 0.7750792934436314 0.06628021856175355 0.065631099495664
0 0.5654531458381507 0.10039317956468174 0.12635266386701743 0.10716779488811114
0 0.47534896418117667 0.6562122534030037 0.0685440566207201 0.06325522462419532
0 0.2893890532248541 0.6275881856852427 0.09157875295413326 0.08754542770405536
0 0.03605032433816894 0.47550085436762196 0.06105250196942212 0.05836361846937029
0 0.10614744584824197 0.5316424400186006 0.04875325501043179 0.053416069749790025
0 0.4539836322911061 0.7545881323752416 0.0965264533567053 0.09000521642265696
0 0.014485152213378226 0.8598644974416081 0.028970304426756452 0.07292655180433517
0 0.07385587468139751 0.19810836513978972 0.0610525019694221 0.05836361846937029
0 0.02459112594845724 0.9652141589751749 0.04918225189691448 0.06957168204965022
0 0.016292281601139737 0.5039693959016781 0.032584563202279475 0.0631713107770626
0 0.5810978511352085 0.9842936123488092 0.06714397567192247 0.031412775302381575
0 0.8304311303216841 0.8166999026832114 0.08140333595922956 0.07781815795916049
0 0.6731943442061431 0.08841674778433142 0.07673565174641685 0.08016606154825129
0 0.7327112434328095 0.5533660216422329 0.0607724857796627 0.05355592616167799
0 0.37682234838389783 0.22087750159132621 0.05596479347197025 0.05349998359692275
0 0.18238345814259554 0.6888854205430056 0.06133251815918164 0.0631713107770626
0 0.19115542946301028 0.3317744102849637 0.050877084974518476 0.0486363487244752
0 0.00016595978623070907 0.6071669528227971 0.00033191957246141813 0.070103136414825
0 0.6150424461740289 0.8803441990647511 0.08677106064644081 0.08748948513930034
0 0.568490393144647 0.4612498154653809 0.11645726306187335 0.10224821745090842
0 0.10121047814088452 0.43055503078636287 0.07575559508225857 0.06333913847132831
0 0.20806533243304873 0.47509695490377474 0.06049246958990309 0.048748233853985676
0 0.07608014668519664 0.9855703512889857 0.0641800971385572 0.028859297422028564
0 0.019412828059821884 0.2911870543627271 0.03882565611964377 0.05830767590461505
0 0.6441674946347119 0.7519901713753803 0.07533557079761923 0.056127600009789856
0 0.7923377127620831 0.23172614882726766 0.050597068784758864 0.043828656416782893
0 0.01810645969935419 0.42462848718356627 0.03621291939870838 0.07038284923860107
0 0.3993607699909388 0.8044675190348923 0.06614021046687395 0.06322725334181784
0 0.11925005698994531 0.3273295025828663 0.05115710116427795 0.0534440410321675
0 0.6934367296685738 0.9752516390221656 0.09470634812326832 0.0494967219556688
0 0.05110543931012087 0.13769054154629334 0.10221087862024174 0.111723745654405
0 0.5981551301696502 0.6540330195734926 0.13680809705168073 0.1217027569406984
0 0.2153898057228856 0.060237694388669966 0.08903489870540723 0.08511361026783165
0 0.14593057166638446 0.8604527364368519 0.08436721449259472 0.08746151385692258
0 0.023357324044960697 0.36221240103069907 0.046714648089921394 0.05836361846937029
0 0.09326670111930334 0.7527962861724468 0.06586019427711441 0.05841956103412553
0 0.7176377862675748 0.894768118053142 0.09157875295413312 0.0875454277040553
0 0.347196538895921 0.4610803036404872 0.08084330357971038 0.06820277334377572
0 0.18943864793788748 0.17539853951426448 0.06105250196942217 0.05836361846937029
0 0.01878447399570856 0.6892054061597199 0.03756894799141712 0.0680629169318879
0 0.34691988743185276 0.8375339682588088 0.062032558633580454 0.07519054154629337
0 0.8545932593836587 0.2986011283234211 0.06656023475151329 0.07043879180335623