0 0.6252927173556936 0.6638061270993744 0.08854392373775583 0.08511361026783167
0 0.4969219157696948 0.46325364301280014 0.07374290609869541 0.07773424411202748
0 0.1814494981382479 0.18069236100230876 0.06324565981268279 0.060795435905594
0 0.2738442507720622 0.8651311897125888 0.07108709946752693 0.07289858052195743
0 0.9904867019786916 0.8036174337144816 0.01902659604261677 0.06319928205944009
0 0.03670458633354988 0.21845630153503512 0.053756255435959306 0.06308739692992973
0 0.49796898375249526 0.02737681945601542 0.07766873673575972 0.05475363891203084
0 0.822283911734808 0.08544168706853658 0.11156432174764401 0.1118076595015378
0 0.20312320999760897 0.57130337536112 0.06817933235903627 0.06325522462419546
0 0.885311596735272 0.5537441465504949 0.07576881153655808 0.07055067693286678
0 0.8005981882537717 0.3141986696372077 0.08082846432157272 0.07541431180531419
0 0.8442709137871964 0.2066541045023129 0.09790734787581812 0.08041780308964977
0 0.6734547341941409 0.8484547404274865 0.05072250808880723 0.05104019487832135
0 0.7391520274498398 0.12850197528524931 0.07121307970618809 0.07530242667580378
0 0.42770241623989125 0.24397303071293963 0.08588811710658735 0.08027794667776174
0 0.1025056265869504 0.165976427679581 0.06843129283635853 0.0680629169318877
0 0.16780261628694074 0.9529563302404204 0.060589853181514296 0.05595977231552386
0 0.3343559110040851 0.13802282867356847 0.07336496538271206 0.0705227056504891
0 0.1841308588176268 0.07121946151398714 0.08488027519729818 0.06104717744699251
0 0.07842282816533558 0.6473190697375527 0.05881590822097394 0.06795103180237742
0 0.24664785165017863 0.2773488481736378 0.06324565981268279 0.06079543590559407
0 0.1366071747893782 0.42655597947167906 0.08070248408291161 0.07301046565146817
0 0.2799151958723826 0.5908549722739177 0.050596527850146206 0.0486363487244752
0 0.15119877883187852 0.5213960174190917 0.07614675225254164 0.07776221539440524
0 0.05229215026242974 0.10281994460902127 0.075642831297897 0.06814683077902052
0 0.10740352346580923 0.3282779999877628 0.05831198726632932 0.058335647186992676
0 0.15593670980697263 0.26758046357049037 0.07070915875154357 0.06568704206041917
0 0.050043159202706224 0.5418155661509092 0.046166776258437375 0.05579194462125842
0 0.14616122968905776 0.7006503835748958 0.08057650384425045 0.07060661949762174
0 0.21532796071881494 0.8730280245923787 0.06324565981268279 0.06079543590559393
0 0.0192001043729167 0.13687937435734274 0.027565908220973927 0.06758740513146837
0 0.039072656819901415 0.3783819989717484 0.04211496538271201 0.0701590789795801