0 0.8818603440282777 0.464454470429186 0.06852451173778434 0.07520581725194912
0 0.6045517875845897 0.4610213396495108 0.10011018606332692 0.09698750163540915
0 0.7972486563383233 0.8428152569059362 0.10015214535401995 0.09939134778925543
0 0.9740517669804658 0.8590283345352314 0.051896466039068494 0.07500959300943458
0 0.4547614123370204 0.13073826971401525 0.08783919954993936 0.08158330349975891
0 0.40876755744156984 0.17739266621574842 0.10968361138801878 0.0953685524516217
0 0.3162824194545322 0.17344380210970287 0.08543535339609318 0.08138707925724423
0 0.3356627759715405 0.389863490455279 0.06367486013939928 0.07240952261307375
0 0.11793469530133747 0.4993128184190328 0.08092137612325065 0.09782155384913803
0 0.16110846465937675 0.1535758000059682 0.0904108828665568 0.09139491235765816
0 0.752802459415428 0.0842547263686301 0.068104918830856 0.05116735571348769
0 0.8383846703289461 0.17405526716433586 0.0806276610884009 0.08099463077221483
0 0.1838008753723045 0.3534629016383933 0.08817487387548194 0.10081407273052807
0 0.6260422752205943 0.6608103291606786 0.06848255244709159 0.07280197109810324
0 0.42505719904592876 0.7668255345143429 0.06860843031917013 0.0800135095596417
0 0.3833647952010424 0.5785897927879542 0.06848255244709159 0.07280197109810296
0 0.06395032529771687 0.29447095548007096 0.0442762537458587 0.061224344057571725
0 0.042576278718250087 0.44515294382415505 0.0709703171823234 0.07780588764831009
0 0.6836202478706295 0.9825833131820769 0.06852451173778434 0.03483337363584619