0 0.2767375989267173 0.4431769147714081 0.07495277097148947 0.08016596042315964
0 0.37257138893112196 0.7942460414847036 0.06529543085266044 0.07222581168369484
0 0.7518608286745174 0.469701782298797 0.07981640395044073 0.09014565017750743
0 0.13757244625306464 0.2913910721319833 0.0701171083281676 0.07499396297650417
0 0.88075329384549 0.5092354659853788 0.07742654296440978 0.092367343761872
0 0.6236894010011563 0.7607880210508019 0.09433737704822136 0.10806548867131974
0 0.3928983911250538 0.567847052974754 0.07738458746096527 0.08515580530033354
0 0.8751220793470235 0.7814165390784389 0.08948772923708476 0.10048964507081812
0 0.8740086557954482 0.17666707881664967 0.05323424457998545 0.06410351037474851
0 0.4093283396295541 0.9117060606347877 0.0628775995309995 0.0696398129603671
0 0.22991314972436788 0.8687860424457804 0.07977444844699658 0.08293411171596897
0 0.24220428991083778 0.7079284340828624 0.06045976820933856 0.06705381423703936
0 0.5022104578698874 0.5487418033710346 0.07738458746096527 0.08515580530033354
0 0.9385069320826654 0.1020374209791087 0.05562410556601641 0.06188181679038392
0 0.6928880767720064 0.047299675373921685 0.06767130667087702 0.0676002719454841
0 0.682024225057795 0.6601714369446572 0.07974647811136694 0.07812641940827639
0 0.2466179934542675 0.028643940788964532 0.07011710832816753 0.057287881577929065
0 0.21982765927688877 0.3753421155388405 0.06529543085266044 0.07222581168369484
0 0.7163004111793997 0.7645924548180691 0.08693004623727582 0.07386518480902883
0 0.5667420943663425 0.06647806988708901 0.06532340118829001 0.07703350399138714
0 0.9800641818273076 0.33211390422099885 0.03987163634538477 0.0607889013734944
0 0.023110050589076416 0.25196639610543503 0.04381465231400783 0.0970287462506684
0 0.09879784422599211 0.6538626658131701 0.050788442922694764 0.0567098193437284
0 0.5682105369868962 0.31888191604093513 0.050816413258324374 0.06151751165142075
0 0.9853897260217221 0.7379995990820357 0.029220547956555813 0.10351167443428065
0 0.9465653745521484 0.45374550109386635 0.048384596768848646 0.05652766677424682
0 0.15642481459768495 0.022352840566618664 0.06518354951014207 0.04470568113323733
0 0.3931003747032189 0.39588097669001326 0.07498074130711913 0.08497365273085195
0 0.5481134887067589 0.3781225205738363 0.07247899897856933 0.06796457708444728
0 0.9077176412654041 0.0015673871580113362 0.05797201104860342 0.0031347743160226723
0 0.44302093586624697 0.08908008106154398 0.06533738635610493 0.0794373501452333
0 0.7597000969774228 0.16368471048240912 0.05563809073383133 0.06428566294423005
0 0.6946152449971338 0.34417467537392166 0.048384596768848646 0.05652766677424682
0 0.8469999488066413 0.08131498785017778 0.04835662643321907 0.05171997446655458
0 0.32720278027937283 0.027168079153680795 0.05802795171986283 0.05433615830736159
0 0.2460034474255659 0.12084351483595625 0.053164318740911314 0.05208427960551775
0 0.8431308654528392 0.6563806763278534 0.05316431874091138 0.05208427960551795