0 0.6869802270636356 0.599812573031666 0.07658270298435409 0.07265001520897184
0 0.61052665614618 0.2298692285450866 0.07177501067666206 0.07245411675914298
0 0.6995815142544812 0.7777461630287387 0.10123734636681164 0.08324489207350101
0 0.46872648886901314 0.4302822727688739 0.08441042328988857 0.08255924749909987
0 0.9425226189908285 0.07916353155693397 0.09340962606127744 0.07333565978337306
0 0.865412773447485 0.9523331188049513 0.066197091063975 0.06023898754008336
0 0.08607264034415243 0.18332488751080941 0.07417885683050818 0.07255206598405743
0 0.5860528140244778 0.4278702463281434 0.089064070136582 0.08035129979508272
0 0.48970018269585797 0.3460231757813943 0.07658270298435436 0.07265001520897184
0 0.15181127983644271 0.049342082713926566 0.09131387082942916 0.0780454028661509
0 0.7535896277224068 0.06786874817038052 0.08108230437004894 0.0680382213511085
0 0.2650208347105116 0.9546034144192495 0.09223814359542291 0.0907931711615012
0 0.7446817467842237 0.13463771974104335 0.0615434442172817 0.062446935244100596
0 0.5716117531873824 0.5579493440760716 0.08952620651957889 0.08756283825662117
0 0.63291904213874 0.09292141462282057 0.08410233236789083 0.07775155519140757
0 0.9436276930175774 0.30218250312759676 0.07162096521566305 0.07005027060529684
0 0.29276559934122864 0.5465872339859955 0.046658230911207764 0.05464770143307536
0 0.9587402897038374 0.5005977600448189 0.07960273098219627 0.08236334904927088
0 0.229604677783458 0.45889991412651027 0.08441042328988857 0.08255924749909987
0 0.3393864601612861 0.15168917227189052 0.10185352821080752 0.09286027668888562
0 0.19615514402135398 0.25494234571473745 0.10998933943833968 0.1075772012867059
0 0.46811539409944297 0.9445359836200716 0.07929464006019839 0.07755565674157885
0 0.9972412607334535 0.906011101489604 0.005517478533092821 0.06946257525581026
0 0.1895491731124173 0.02091016800193805 0.05698296160945004 0.028695139865340002
0 0.3943899017661938 0.542336614506398 0.08108230437004867 0.06803822135110853
0 0.8611926647783762 0.8490656834144812 0.0815444407530454 0.07524975981264685
0 0.9865620770650539 0.1770804637592402 0.026875845869892164 0.06387128914880226
0 0.374749105488827 0.2358462298910134 0.05596552460459451 0.0502318060250409
0 0.8840167465428646 0.7001476133354415 0.05658170644859039 0.05984719064042565
0 0.5301015885225896 0.43398190108111545 0.1568338988272712 0.0903054165542257
0 0.9772958382741297 0.7127728915452244 0.04540832345174058 0.06745052600162182
0 0.9748373392466717 0.7982563538441345 0.05032532150665667 0.09256642901414235
0 0.5683034605872171 0.31925639789295146 0.06650518198597274 0.06504667984777567
0 0.4048474493426471 0.032080469785627334 0.06450259099298651 0.03379667984777565
0 0.6839385303404628 0.9077762861642096 0.08727640582673174 0.08986873518555263
0 0.8516257046880786 0.7371888880357206 0.06860093721782115 0.06033693676499779
0 0.2938494447851897 0.28289877624977694 0.0589855526024364 0.05994513986534001
0 0.18534476580912804 0.6848655427314909 0.05673575190958925 0.062251036794271804
0 0.7676829449981551 0.3813257981850175 0.10037395482295498 0.10718540438704813
0 0.8430780240082927 0.5102702995595452 0.07929464006019825 0.07755565674157872
0 0.5896945510832841 0.16668358397068547 0.06348515398813084 0.05533334600747661
0 0.4647462202771405 0.6674794482003275 0.07100478337166731 0.060434885989912215
0 0.18484850400375036 0.8454824635270681 0.07146691975466411 0.06764642445145068
0 0.1356701917113905 0.43349425358268867 0.06564179044211621 0.08898719216132278
0 0.3657835879972763 0.8816258346293485 0.07565843021836062 0.05822693828589492