0 0.5769709875509612 0.35974222620114077 0.1009635483396368 0.11198806539558384
0 0.8590073043319977 0.14674958043853442 0.08866456686901714 0.09891728818974342
0 0.4745328000063566 0.12281191336139693 0.07630963525811979 0.08344266483005681
0 0.3706487900427342 0.9271528930613255 0.06395470364722232 0.0679680414703703
0 0.13762664279989284 0.3741903642425929 0.0689302463757479 0.07560019850655254
0 0.004521911972008277 0.6804388381787749 0.009043823944016554 0.07662232364245014
0 0.6093299409660249 0.8247066590293459 0.0689302463757479 0.07560019850655254
0 0.1839201959612713 0.08586449177101176 0.07642153553867527 0.08825035713774916
0 0.8416448351662389 0.3773684345674517 0.0984478019052353 0.10697006380056952
0 0.4113913832712606 0.052769110272935266 0.08626072071517098 0.0987069789024215
0 0.6233734261757475 0.22134127441396131 0.08844076630790611 0.08930190357435884
0 0.4451420556199244 0.8186801529032061 0.07871348141196595 0.0836529741173788
0 0.7899850932334397 0.6385758494881071 0.06652640022190162 0.0753898892192306
0 0.022521778116666353 0.37226597926481486 0.04450013385534192 0.05667018255641009
0 0.1835404410246787 0.9267300943955132 0.06853859539380346 0.058773275429629464
0 0.7498200903105764 0.5605254927854716 0.10582719078760706 0.1148125301240739
0 0.4535025818352558 0.6656153035593314 0.07854563099113253 0.07644143565584034
0 0.3728658551570509 0.47115820633618305 0.08614882043461537 0.09389928659472921
0 0.8540247270301277 0.5154245011229361 0.10101949847991475 0.11439191154943
0 0.4352799200685358 0.5724510094246448 0.09816805120384614 0.09495083303133889
0 0.7190207062499461 0.38929613129779345 0.07133409252959393 0.07581050779387456
0 0.10299969882548067 0.10973677597321957 0.06652640022190176 0.07538988921923065
0 0.4472202503225959 0.3171175438986476 0.07362603840288474 0.07121312477350414
0 0.04160965717959357 0.5313257333429487 0.07155789309070519 0.08542589240925917
0 0.2751753900236641 0.4425212717317669 0.08849671644818385 0.09170574972820507
0 0.9455177908003203 0.14038036917186794 0.1018028004438035 0.14804575770327616
0 0.03984320800464675 0.813357037845228 0.0763096352581197 0.08344266483005705
0 0.9200415463552344 0.7711344532725091 0.05227117371965798 0.08133957195683741
0 0.028334563071260317 0.9064908206336183 0.056669126142520634 0.08605682027122495
0 0.9637354278717944 0.4914323516267113 0.0373445455340812 0.05844310084829046
0 0.980152774287126 0.009515680199644798 0.037232645253525584 0.019031360399289595
0 0.9406491236571044 0.40109252222051467 0.056687215045406046 0.06493326745455824
0 0.10673026932120651 0.8770747616180915 0.05400361819017099 0.052703727398005856
0 0.9088865279431615 0.8896589973165973 0.037400495674359144 0.060846947002136616
0 0.1472659827292196 0.5784573546725075 0.09816805120384621 0.09495083303133889
0 0.6058221660923611 0.09933082643312083 0.07636558539839747 0.08584651098390297
0 0.8563965783576382 0.7227262655686626 0.054395269172115505 0.06953065047492867
0 0.7850055307487172 0.8525181571804146 0.06893024637574777 0.07560019850655254
0 0.843116459554059 0.8810194257948735 0.07127814238931626 0.0734066616400284
0 0.23747219327302327 0.2587016842599007 0.06149490735309836 0.06535388602920214
0 0.24775998451079045 0.17743675560042785 0.06652640022190176 0.07538988921923065
0 0.29108717529839734 0.06809226694672421 0.05897916091869659 0.06033588443418793
0 0.8159079338616986 0.04016853382072806 0.0493078261630343 0.05709080113105404
0 0.691070759587286 0.3017807666200868 0.042208187982051455 0.061267565576780515
0 0.27447299845304435 0.6273019616469379 0.06926594721741462 0.09002327542962946
0 0.2499829160361638 0.8549459744070518 0.039580541267094066 0.05144187167407402
0 0.22667381619941177 0.7226439919522085 0.05925891162008549 0.07235511520341859
0 0.7515215448938027 0.7450958734133206 0.05897916091869659 0.06033588443418781
0 0.3199902842238782 0.02022401808874672 0.05651936462457273 0.04044803617749344