0 0.7145723208072491 0.4375080911839906 0.11739866133787139 0.11672723693874058
0 0.37981712912323284 0.339260609178394 0.093024525473867 0.09721675488419529
0 0.8749911869390083 0.12801163577832717 0.08572906843094276 0.09232514872937013
0 0.3576194168376275 0.647148715847345 0.06599478771185979 0.0632552246241956
0 0.06226984765573841 0.49436715486216826 0.08096333541394347 0.09467305231846104
0 0.829237544957909 0.40853522450182334 0.09306648476455975 0.09962060103804131
0 0.5634027485044448 0.4236452819737798 0.07101227647301628 0.07533039795818133
0 0.5111955650630922 0.45429474146797527 0.05376576048916485 0.05109613744307659
0 0.8003102022991837 0.20698975989084417 0.08054374250701511 0.0706345907799995
0 0.7639615247254559 0.01857791071954774 0.0655751948049313 0.03715582143909548
0 0.5092681674600361 0.3581828522376955 0.08319934440501833 0.08508563898545404
0 0.8328819199560079 0.13090497937378143 0.07594584665278713 0.08259787898447507
0 0.0017270379651324374 0.9277727302551049 0.0034540759302648747 0.048300693335944035
0 0.36325475212937053 0.9438978450766456 0.06595282842116691 0.060851378470349445
0 0.9339212937067546 0.05642686346280305 0.07813989635316897 0.0706066194976219
0 0.4497661507303083 0.8755971722445484 0.06603674700255255 0.06565907077804148
0 0.30661750999656107 0.9529686317509809 0.061229054694860244 0.06560312821328623
0 0.8635356768253165 0.3023883814204949 0.10508571553379052 0.09976045744992941
0 0.5715589947611209 0.8513480840229407 0.06354898226732075 0.06082340718797168
0 0.8461699900161131 0.884203064498397 0.06122905469486038 0.06560312821328623
0 0.17353301573691576 0.38492138459091024 0.08079549825117217 0.08505766770307642
0 0.016632646731176915 0.8771241333300701 0.03326529346235383 0.058251733339859814
0 0.32043092969549397 0.026007910750140736 0.08029198676285819 0.05201582150028147
0 0.33874467782319834 0.1450665394408413 0.0634650636859351 0.056015714880279344
0 0.4506229626661481 0.5511338840400728 0.08551927197747872 0.08030591796013936
0 0.42235542582870234 0.6560088758385341 0.046680099899704924 0.05822376205748233
0 0.20667391358690737 0.06969586868972158 0.04891610889077965 0.04863634872447521
0 0.12492216471079173 0.0718488153674833 0.04647030344624071 0.04620453128825146
0 0.6782595192320365 0.17716629529210218 0.0658689098397814 0.05604368616265693
0 0.8496465278514407 0.6161882039857396 0.041704570429241326 0.048552434877342475
0 0.638668433445155 0.5177021240146195 0.06388465659286333 0.08005417641874092
0 0.4581464660390686 0.7397099363462967 0.05642136238716793 0.06554718564853126
0 0.22947247003566515 0.828891684069442 0.05621156593370376 0.0535279548793005
0 0.24274166646468925 0.8948296256059458 0.05119407717254741 0.04145278154531422
0 0.07804716471079173 0.07239425537384665 0.041746529719934075 0.05095628103118856