0 0.7415598845380642 0.3699071666834856 0.12480923635107234 0.13921194320552688
0 0.7991034006601604 0.5002404501345923 0.13400490017929664 0.12775274481581506
0 0.9315361862329111 0.23321649076102505 0.1369276275341778 0.16465048569278606
0 0.8276595285447127 0.21434647446266983 0.13252443975720332 0.15405504441324308
0 0.32642329246669455 0.4494870326835869 0.22306168644072066 0.20490842084687153
0 0.6504884894476698 0.624515579544073 0.1751221172669774 0.1373444208903097
0 0.7996948393009955 0.6206427699692196 0.126625473402894 0.12252502822348368
0 0.8883623882375438 0.3661743652035121 0.1466117400505519 0.14527970836713708
0 0.35053420954615677 0.13976460761552253 0.13699635543516742 0.144719675987618
0 0.10499473850648873 0.5924554859099774 0.14429183805413792 0.1475435464261035
0 0.28569914224269993 0.8697745265581293 0.12190172525263374 0.12464885818757009
0 0.7593560459136663 0.8795225512988701 0.2242063702330855 0.1689907366340588
0 0.28993056121659994 0.03716702437151582 0.24332266089473836 0.07433404874303164
0 0.10231230405807276 0.23973199199199674 0.12190172525263374 0.12464885818757016
0 0.608134985332571 0.44632723942880786 0.12173383693776962 0.11984116587987778
0 0.5480464396146385 0.27760242156360265 0.16634617422591363 0.16082285004925218
0 0.7401518796569717 0.08816713835140644 0.1877289571382329 0.15487138444163157
0 0.9022855788054389 0.07511082271625288 0.19194904034390048 0.13832447755446806
0 0.6968864784265515 0.19426268081694653 0.1515033765156764 0.1479635707107428
0 0.6143010004156192 0.14005872122618798 0.11452229847623116 0.11942114159523855
0 0.48287166424384337 0.13566993162790456 0.1515873206731085 0.1503674168645889
0 0.5814560614244096 0.09620574953654804 0.11916210246905916 0.11489346547730578
0 0.2473405427844468 0.2541680447607491 0.1372481879074636 0.15193121444915647
0 0.360168690906194 0.2777057452719168 0.11401863353163864 0.10499806467216158
0 0.48908736143262826 0.4171299437702242 0.14222376853002017 0.15701892294660824
0 0.11205743444841597 0.3463531256009512 0.09162852073013444 0.08210337643362833
0 0.05807010735015176 0.3868329271678012 0.07239775149936521 0.08098331167459022
0 0.10160643779752096 0.42645009319971305 0.08956045120601663 0.09157875295413312
0 0.8881373115875212 0.7046147902932957 0.09470392014343733 0.10147415375927747
0 0.9409952220992627 0.7352584624072266 0.07522131844037169 0.09314255053870059
0 0.8185555189009412 0.8158561910332823 0.09204824151729477 0.09412260720285914
0 0.8781060357237866 0.7967309886612881 0.08774421415419525 0.10826566793617659
0 0.43472616611412973 0.9297436481550788 0.09917583582140128 0.09213878533365207
0 0.43357382324414395 0.7587905550422422 0.11675825631521314 0.11475345738242601
0 0.3521177618197344 0.6334631217707026 0.20986723746744068 0.1705545342186263
0 0.2667202054842269 0.8781061297787058 0.09453603182857315 0.09666646145158489
0 0.5568491384779757 0.598655891196944 0.08740843752446678 0.09865028332079198
0 0.13400500207809596 0.8713834980740162 0.05721917715939954 0.058508647720696146
0 0.6240385736271409 0.7982806888249497 0.07463370933834722 0.0763156274617775
0 0.6495116430207695 0.28614515850172934 0.05224359653684292 0.05342093922324436
0 0.32514891384877076 0.7578793808502934 0.12455740387877622 0.13200040474398841
0 0.24781755380556517 0.6816907856377201 0.08209708027218195 0.08394719020795531
0 0.22239784320828462 0.7470028018057605 0.09179640904499865 0.0869110687413204
0 0.1828755651118134 0.7878444778802549 0.06493438056553053 0.07335174892841241
0 0.6699252895332086 0.5258297334119459 0.05995879994297418 0.06826404043096063
0 0.9349321969688996 0.8030561830469982 0.08209708027218181 0.08394719020795531
0 0.35985589150932845 0.8895427412027579 0.07189408655477272 0.06656023475151329
0 0.05226657376970581 0.6689929797845197 0.060714297359862786 0.08989865581557602
0 0.055727330019674275 0.5266760283755174 0.07804488538137837 0.10530178940281122
0 0.12559148959023475 0.4924977126534874 0.10904305290908213 0.09991035617470974
0 0.5460813600432056 0.048887016711018624 0.0870726608947383 0.08903489870540726
0 0.7291781213168316 0.02857486872969289 0.15885226888039483 0.05714973745938578