0 0.8088021533993074 0.3215598532662882 0.20517657186403354 0.17651758491373515
0 0.5026281243197688 0.8849808516472654 0.29943370999442165 0.23003829670546921
0 0.9024173512717696 0.8359978265425342 0.18628168543529108 0.18339344904973104
0 0.38834986256585313 0.7057292057917698 0.305361011642204 0.26473441807990994
0 0.5384650305378383 0.49938488323822755 0.11628693071138271 0.12452628121802406
0 0.41885886078540413 0.4840867445027786 0.20115260609440425 0.1932605894092726
0 0.3004251450616693 0.8807335264717489 0.2369863765340785 0.1890822864619728
0 0.92103860692228 0.16869365945923853 0.15792278615544 0.1734843493994966
0 0.7722306951065316 0.15519095716258968 0.27723928993976116 0.22821517357459656
0 0.3004413584005027 0.2622466533446781 0.17359068906200634 0.16876057567318994
0 0.9459302093241516 0.7130599150786602 0.10348397340408866 0.10748956168763667
0 0.13435867977179522 0.35782523601317945 0.20076405675272024 0.2364878608878106
0 0.9381783934587493 0.3504148201734337 0.12364321308250144 0.19946510489418318
0 0.8011562050600756 0.949195099273494 0.21680062543688522 0.10160980145301196
0 0.892426316726187 0.526237347021923 0.215147366547626 0.25166620504335846
0 0.10552909556237934 0.6155253896098629 0.164930286313046 0.24066616383511039
0 0.7250595794326757 0.7668500087365347 0.2515807087855166 0.2445805444538984
0 0.535978692498207 0.08501513673461585 0.25464969268872156 0.15576411463366924