0 0.1970917945233692 0.5123088580789745 0.2522686995557653 0.21818772447002005
0 0.3082641608851715 0.11329298350617266 0.2344332166911955 0.20278459088278478
0 0.8323207756728829 0.5577544607131346 0.28257715310071885 0.2750162750521591
0 0.8488944388700144 0.21719020565926456 0.2719026687150175 0.2935470038085295
0 0.6080137802665407 0.1585082301828143 0.27435705485153383 0.26017317384444283
0 0.10227389811164711 0.3667954290286277 0.19731642461318608 0.21977523059547777
0 0.10962769991335163 0.17533963956065907 0.1731604097594537 0.18245746543386757
0 0.10337474122322954 0.6986662063542766 0.20674948244645908 0.22766310099052486
0 0.6156142851723915 0.8585499288983129 0.3122132334539084 0.2829001422033741
0 0.35705744036088405 0.7098894409103178 0.33238554913972373 0.2683410604292496
0 0.2890844916035125 0.3185418134702592 0.27928230047449687 0.29637087424701497
0 0.6019377115157648 0.40072480507131175 0.2014012037464435 0.24395370022881904
0 0.7300644708440458 0.4323237037332807 0.18491046726540278 0.2477813358723529
0 0.17996191153364416 0.8830925161897595 0.3599238230672883 0.23381496762048107
0 0.8619491793175469 0.7380892177581461 0.16840325743443182 0.1486636111851414
0 0.38503018101747194 0.9311595866181536 0.12155352742576699 0.12917653430550294
0 0.791599334296984 0.881223630770767 0.10970238995447747 0.13088033998495027
0 0.39168577966963686 0.5598472141668077 0.20284703009531327 0.19615679334165556
0 0.0652070860498681 0.5334664209771862 0.1304141720997362 0.2592405342620647
0 0.4205753567563758 0.9759830038519677 0.1540812604766955 0.04803399229606461
0 0.8752296697877762 0.8933354525530975 0.09058917403897891 0.16567795943872454
0 0.564317199510372 0.5590404852584036 0.13804426390680768 0.1253488986619689