0 0.8259689323123988 0.7148190806805133 0.2594651735745964 0.28464481265868297
0 0.2237072795939314 0.19976369400761732 0.14674832667233909 0.15431636710723706
0 0.45764716657928517 0.5721000311983343 0.21278507367489177 0.22375873230549376
0 0.8750237094141606 0.16419820656452072 0.24402290709053667 0.32839641312904144
0 0.11817093093777646 0.9099233425298097 0.16876057567318992 0.17746382217332268
0 0.8057135139830182 0.3816930250835445 0.1612553221768018 0.16013261920257615
0 0.15849419829751746 0.6002391852535436 0.20958400099788174 0.1779175620844756
0 0.9639477672299361 0.8393488674194299 0.0721044655401278 0.16470520487972679
0 0.5696932885850063 0.1922494756164968 0.379771192554628 0.3844989512329936
0 0.6017277247692663 0.8291775429946718 0.28801761238590057 0.26983500915705333
0 0.12467586850426318 0.3174005355980679 0.15602803696218107 0.13575797106823237
0 0.9213471553429765 0.5861127914508432 0.15730568931404704 0.33130997601947654
0 0.3477592182754306 0.8950723556533547 0.22881477022865093 0.17926230846800478
0 0.15337243506417791 0.09998704530663183 0.1563637112877237 0.1549887402990016