0 0.8596605257284071 0.5628355265041225 0.2593812549932109 0.27388708977418585
0 0.4588862131638216 0.2680550012747223 0.29687772976881416 0.22039000317986862
0 0.12177521790882945 0.24772782019529613 0.2243427522465013 0.19299271362113674
0 0.10100076798341708 0.4999373916783003 0.20200153596683415 0.20204829356647627
0 0.13817919455546102 0.078125 0.27635838911092203 0.15625
0 0.38656376186378705 0.08722827559397509 0.21957701922950185 0.17445655118795017
0 0.7254051486072748 0.8236891092483014 0.3603427934547494 0.27858944900256444
0 0.2975415128680058 0.8424162324249823 0.12743363886018422 0.14524504549154543
0 0.8484202716058079 0.312361349498258 0.2347134040943567 0.2367097881264036
0 0.4159532804746825 0.7324188194332375 0.2653759740246572 0.2045114341146747
0 0.954710639985336 0.025658403005292343 0.09057872002932808 0.051316806010584685
0 0.6068458997286243 0.4605206932013854 0.24091791957926745 0.17935336323612297
0 0.3147007567471084 0.5473852739087834 0.19131829545304754 0.22748295285270276