0 0.17160407078305112 0.16089042492585437 0.1852717012386389 0.22710134880028454
0 0.056490384615384616 0.10721088443418791 0.11298076923076923 0.21400115029373198
0 0.8531364274771517 0.21931118480469922 0.21892554739248518 0.23004567882279164
0 0.9113590540375262 0.6234570018858958 0.14368135361805 0.2713927047054128
0 0.49219692099882706 0.8950624709637105 0.3016636465124393 0.20987505807257906
0 0.0414739542820674 0.45142672500548425 0.0829479085641348 0.21472252214900267
0 0.8715696253135168 0.9605272318933753 0.1830891531454045 0.07894553621324937
0 0.6909835806346323 0.7199137814115371 0.31460626301342304 0.29353620256680857
0 0.8596954075250868 0.8600560500987162 0.1744810984192052 0.1926062654971507
0 0.4678036370353843 0.6895377099982897 0.16570515537814132 0.21580348988632445
0 0.11967906890068902 0.6701157023128914 0.23935813780137805 0.24825432291766328
0 0.062148905215029804 0.9230769230769231 0.12429781043005961 0.15384615384615385
0 0.2480425285567885 0.4231640969334753 0.3257326424625852 0.33764667048532704
0 0.6339857524852442 0.45331296831787626 0.2194292123370777 0.2444687557458685
0 0.904490951283337 0.40584899231581023 0.17607603741041472 0.23827934242022764
0 0.37907889976367737 0.08862248357898787 0.191361431241876 0.1269810474880338
0 0.7092872364936375 0.09219447132670802 0.16315629624349434 0.07418687609672334
0 0.7018046669163507 0.9615572573772428 0.15373933435465842 0.07688548524551428
0 0.6417086149689962 0.2321591221640301 0.1387286483295568 0.12956578162848975
0 0.51263732333354 0.33780957768482806 0.1980158950130742 0.18028628144729303
0 0.3066047612857017 0.7140136808529196 0.1267399519720104 0.19801546436609657
0 0.2410942092851783 0.8638040255929482 0.19443683065517878 0.14642212600612498