0 0.30172144239053905 0.8197115384615384 0.34565198282281234 0.3269230769230769
0 0.6462212515789295 0.2776442307692308 0.28997193658553644 0.25961538461538464
0 0.6572537266620676 0.6538461538461539 0.5661081732962175 0.6201923076923077
0 0.33035403155616117 0.030048076923076924 0.11813809073383147 0.06009615384615385
0 0.28906748919603387 0.515625 0.264130991109265 0.3629807692307692
0 0.11316097370206274 0.8521634615384616 0.22632194740412548 0.17548076923076922
0 0.05632875383036503 0.6814903846153846 0.11265750766073006 0.4254807692307692
0 0.8457754452676972 0.27163461538461536 0.30774985107386554 0.4230769230769231
0 0.6458794163226164 0.12980769230769232 0.2587079514177215 0.25721153846153844
0 0.7084111738215556 0.9507211538461539 0.18326569957271432 0.0985576923076923
0 0.816696132087151 0.9314903846153846 0.18348946225775117 0.13701923076923078