0 0.48582349275960524 0.34970595190854226 0.25765234872590637 0.22553927102643825
0 0.10602779171370612 0.6856110122943536 0.21205558342741224 0.20689224271607826
0 0.7301579640806808 0.5364381505371644 0.243670478799363 0.31802919817252034
0 0.7140923521823956 0.8065208226076573 0.3899618009426193 0.29305585390121974
0 0.43966164052498774 0.8859036523111143 0.22046646620679602 0.18030992692889078
0 0.8975190130385116 0.3472591749738375 0.1602228466296318 0.2629281618107189
0 0.8963668403035074 0.5518779685109652 0.1224974466266476 0.18178113350035885
0 0.08874628181587593 0.38155891506891987 0.17749256363175187 0.5397667852467757
0 0.6934372710816905 0.32684794805657447 0.2054055613125051 0.20096448564934782
0 0.2878492799425739 0.26912856709768546 0.2930722130623845 0.24913399973937048
0 0.2361182258555431 0.4778894537042113 0.2776188596830641 0.2649808661521351
0 0.5538922978798528 0.556274126078772 0.26059571236362633 0.26159696333413057
0 0.34183909484543523 0.6774798100961124 0.3106348778656962 0.2884355867701875
0 0.42163001724598104 0.08182560339432964 0.21923996550803793 0.16365120678865927
0 0.1264227249412728 0.08392572481752615 0.2528454498825456 0.14945624267264002
0 0.16621006641932412 0.8662850568813496 0.33242013283864824 0.26406969196018626
0 0.817921736121403 0.19399564047286244 0.22360605408703085 0.21877146539042924
0 0.6130301228405222 0.07254950632092981 0.21143975431895556 0.14509901264185962