0 0.6338249846942232 0.5601962496282401 0.2545566530535925 0.23817620000895226
0 0.7204932240845644 0.6825228430985398 0.16976515289222233 0.15958541539058368
0 0.8344399696968966 0.7179676817890189 0.15552422853862696 0.16081191608934156
0 0.15210770891872225 0.5390506079212483 0.13352530801504836 0.1542382055990173
0 0.21286874305898768 0.04525624918229543 0.22862210150259074 0.09051249836459085
0 0.9033620067132472 0.8534908514836376 0.19327598657350556 0.171751715158659
0 0.7649587002976118 0.3596227598791796 0.25641404149899405 0.2311608857899285
0 0.09441965945124436 0.7832124407912295 0.08756249027073287 0.24126742610984855
0 0.15550771657161067 0.23280560279204845 0.290763473996734 0.4322499104992766
0 0.7150380619257503 0.15541674125060279 0.5646915084668852 0.31083348250120557
0 0.9289914644181194 0.622231258474203 0.1420170711637611 0.2691320620112633
0 0.34860916854932056 0.8180935811081654 0.40552706735518 0.33889196225214024
0 0.6591069096932999 0.8459596055721605 0.3381448107297633 0.23783251003542732
0 0.5157288509592303 0.6774691762064141 0.24166252218753967 0.1941220722696628
0 0.4572871627971502 0.5286513181662195 0.16546805554238894 0.19745828112457803
0 0.30000088032269245 0.6394484480092436 0.19285698883269026 0.18058220280398493