0 0.7211270903315726 0.2893953893850426 0.22040600781457825 0.20130773253001405
0 0.4895947030678321 0.5347009629622137 0.21892554739248518 0.22756788765284008
0 0.3419069561765052 0.678952502384829 0.2871032156861826 0.32623600702884276
0 0.07218023202816407 0.3787865023919742 0.14436046405632813 0.23761930290835925
0 0.4854891493806805 0.09228994062759419 0.2742140089309467 0.18457988125518837
0 0.1065323363143408 0.14177029013449136 0.20598293089150138 0.20021481711312458
0 0.05973745093296241 0.5909624979236212 0.11947490186592483 0.19788269646044981
0 0.7463484291517043 0.08270899935451864 0.35345698785043755 0.16541799870903728
0 0.8899877087922387 0.5343295607818676 0.18711847270214468 0.27790236706471344
0 0.1876067685420958 0.49764710915547916 0.24637518497397778 0.25841771976329136
0 0.644287906616528 0.6704243555532273 0.25873019237293704 0.2689438672260839