0 0.36592597241038016 0.11981970048944858 0.37608271405152954 0.23963940097889716
0 0.0976944838732415 0.4608739838753978 0.15986254044403686 0.26094433994151206
0 0.22496889938240994 0.7500366843865656 0.30674911630597457 0.27429252603687004
0 0.8732786939407404 0.8593591424857229 0.13926643182656306 0.14231582983377186
0 0.25392404063467316 0.5433996277441263 0.2781447013178588 0.3229531900342024
0 0.1699239667043776 0.22881023901614442 0.269043459276403 0.2864754734418708
0 0.08910393399969795 0.6880255911434143 0.11597363010078446 0.2008718946362482
0 0.06503991841302596 0.8039583846371037 0.055499535538647136 0.19016015380271567
0 0.48056313797992173 0.6121796481985171 0.341526562988487 0.34342032357799945
0 0.7316102059627222 0.15751680230530044 0.22832449813824787 0.19543304432636657
0 0.8194917736469287 0.9372385675320681 0.15813970357991744 0.04515821847487718
0 0.7055661526262007 0.925790101837571 0.13599094562137337 0.07981582983377186
0 0.39243804143528604 0.3569045145244053 0.38275966670057077 0.39854506848069104