0 0.4535056511772115 0.612043558558409 0.10926646974020625 0.12820702074949702
0 0.6774593110626359 0.16933144013633797 0.17218613841672337 0.1473660644790949
0 0.17562224932547482 0.43522025406492715 0.19727377164647747 0.18524528248160294
0 0.6566177893504201 0.5558773581065719 0.14065635929904532 0.13538269646044981
0 0.21150305712982043 0.7682978167832388 0.36481783096793036 0.25550611746813917
0 0.23195424690976657 0.6012484404662239 0.2544764658828486 0.17279002107223762
0 0.5768068884630229 0.37243992816932175 0.3047658982476132 0.33490476604623376
0 0.9095277238776587 0.6842235716335818 0.14219514444627443 0.1882673118450652
0 0.806306273930709 0.0566751155352679 0.17288558621091846 0.1133502310705358
0 0.8389438982281743 0.3897538371957046 0.30784346854207156 0.44067399681546454
0 0.829587772703416 0.8761683782105876 0.28906531782273137 0.12504154038369217
0 0.5143213408256808 0.8712752872512609 0.2310675073591627 0.19260311076203715
0 0.25775216720570937 0.9099053051318179 0.30927531396537356 0.16015260709339102
0 0.060225783391466975 0.5622074203622082 0.12045156678293395 0.17125823619866054
0 0.40443866191642175 0.27876591189532285 0.1586023988466804 0.17511930290835925