0 0.6393032837420465 0.6376226230436962 0.3600209832675496 0.37796937719091905
0 0.3582472069977627 0.4575629867615916 0.27358360169442864 0.30875938011378234
0 0.9418110891223942 0.5493446824613775 0.11637782175521166 0.27985526624925217
0 0.0452440470368191 0.11331546513338672 0.0844367353477575 0.14356137742553426
0 0.12802455943006052 0.384669324877564 0.21503435416248515 0.1921998117833335
0 0.7055876228114817 0.01078330298787367 0.16598293793065558 0.02156660597574734
0 0.481987627196084 0.09916912409455113 0.24282140823832188 0.19833824818910226
0 0.6723863966359087 0.38764959317478576 0.1690250906435258 0.1863290668103634
0 0.1867177502014898 0.17382823021447635 0.2378456226326884 0.2095302861227566
0 0.8929519162469608 0.8623772137330655 0.21409616750607852 0.19315096416805572
0 0.057817537716103665 0.2586922073008013 0.09008489414515544 0.15569250847532054
0 0.21389720455240285 0.941270604834455 0.22167459939759973 0.11555648556164536
0 0.2843597260119109 0.037924987433653606 0.19220661234235165 0.07167180324935912
0 0.1346971913985955 0.6866877180269231 0.1950466051245409 0.3525301522674148