0 0.3333136728810462 0.42680235658737325 0.21908733951915935 0.24817765161610217
0 0.41325764830090467 0.6819374821666053 0.29673766978405414 0.3151579106522547
0 0.34818765858342093 0.878165401130931 0.21612406771776108 0.19996072044429908
0 0.7723537775424426 0.7404031991064429 0.25587228516866933 0.31277777303929877
0 0.9043233497772013 0.5953335028816256 0.19135330044559742 0.3167691253186026
0 0.8947202666723774 0.22075352716626487 0.21055946665524525 0.3897245585032657
0 0.48335741645447344 0.29778953891764015 0.26981985029132716 0.2727524369931927
0 0.6864256318244043 0.177715773929783 0.2721397825980405 0.26568090662653404
0 0.7120461549478286 0.519003777998942 0.373241177471467 0.283580477380715
0 0.08682322675412187 0.6396105020997369 0.1615069169563621 0.25443284195437244
0 0.06386250165251223 0.8369940486344359 0.11004715284237662 0.16735805657728192
0 0.1796527006316029 0.8651294293109764 0.1845663836116074 0.1716983075185547
0 0.22563177753020547 0.6820408058749194 0.26093171901776024 0.3346924046136736
0 0.24150430874503373 0.19783913363067357 0.36762400210545204 0.39567826726134714
0 0.4264457784727967 0.07411218233026694 0.24712232617636262 0.14822436466053387
0 0.8053732174509084 0.07139500032578693 0.2396590461734256 0.14279000065157385
0 0.652511110879855 0.7774516807735083 0.13383387283943965 0.14712352214146415
0 0.8590888801228616 0.8556252194305188 0.18009434669244612 0.20026444517494907