0 0.4194061088958494 0.6545571752334053 0.25200187936890106 0.2740657027480052
0 0.6407548551499906 0.6927958738484343 0.3172413998482899 0.2989748227364667
0 0.28175140547404876 0.6341980361774934 0.14978156218657765 0.19311732806509951
0 0.8002141171334431 0.03625710610420297 0.1580542494997917 0.07251421220840594
0 0.2699602210348143 0.8284437340677356 0.20333752622227838 0.23620567084772048
0 0.47721485764469496 0.2990739870944453 0.2660892819664352 0.2560967892411676
0 0.6095075849188049 0.4891145892838331 0.19662949924905385 0.26442089683190856
0 0.9002917807216181 0.2620595525257852 0.18262601523290528 0.2871975026464384
0 0.5611843656353532 0.1032929214091885 0.19351234515342952 0.206585842818377
0 0.10136350524648355 0.5893040836655273 0.2027270104929671 0.20600721728433002
0 0.26865885926878763 0.4217278934964393 0.16230430444412242 0.2230150283478629
0 0.40206896728388597 0.13523596200933127 0.2078934627858137 0.22220321249928737
0 0.7192480519506856 0.32110197984416095 0.1981941595890433 0.21655428304230734
0 0.8467960258531424 0.5079574313774232 0.26364347652189635 0.2534826337999995
0 0.48160966409218536 0.8723313621397446 0.22889868881003667 0.18803830377749237
0 0.795038851779605 0.8605110001442322 0.24998783341564518 0.15868108736338973
0 0.12209661963575204 0.774175217574003 0.18199662587251278 0.25113981033874594
0 0.15250345654398326 0.33389597484216554 0.3050069130879665 0.41393881954643813
0 0.21183825986548876 0.04821258906688042 0.26863117257671476 0.09642517813376084
0 0.4136144792711408 0.04621574088290629 0.19680950299617997 0.09243148176581258