0 0.8147486349207415 0.785728081062456 0.36040954852234053 0.3070997200466912
0 0.925018551242795 0.32381746167009606 0.1499628975144101 0.2548736145567396
0 0.7004415681190337 0.11813410797357908 0.29354671787020536 0.23626821594715816
0 0.06402838479035497 0.24147126360018187 0.11336438584354269 0.13244208818425166
0 0.7484307137752233 0.31074785773717006 0.2573380115816995 0.30949693834584235
0 0.9064785124885174 0.571219340845408 0.18704297502296513 0.26924402494015953
0 0.8725614411813198 0.10627269867436678 0.15437260415285683 0.19673346312839585
0 0.8723961652528828 0.03538906248203356 0.13902309973653468 0.07077812496406712
0 0.5119457152961205 0.3289875481985962 0.32032775770627164 0.3244271533993074
0 0.4425667202087528 0.8428014678393188 0.21859080573230186 0.18292948526971606
0 0.06830553664790216 0.11001380447953044 0.13210540894973968 0.12131854488709298
0 0.17598886744640682 0.09295633167989416 0.13009335969555133 0.1308219685684686
0 0.6864796063164339 0.534002628367359 0.3584423837371674 0.3765873366402116