0 0.9018462679134432 0.5972460233410023 0.18914877624977705 0.28784167180623044
0 0.4391303170498628 0.9056462748530544 0.25111414565618967 0.18870745029389122
0 0.6716668311198446 0.21446856996621122 0.3164016084228092 0.3511404973166376
0 0.830961330270228 0.8579507806173162 0.2705326330499034 0.28409843876536744
0 0.2969279576470506 0.6675704989777671 0.24287005018960733 0.25292317894766797
0 0.34278067955503655 0.20418164950166198 0.18253311342460954 0.18432224172984682
0 0.9073988583210237 0.3007865776045683 0.18520228335795252 0.2669772837266098
0 0.5454220150912031 0.47011105561234773 0.4394426239245203 0.31107393821166024
0 0.2902796807831946 0.32788840459153323 0.14098208423482378 0.1648765458159415
0 0.2761933444865794 0.07044579793849631 0.2543097658962357 0.12178995871312215
0 0.6077811729145703 0.7354422637930559 0.2751974916636662 0.28136807763296195
0 0.13826593120632014 0.7748838691682997 0.2166767057030279 0.19849810895306283
0 0.18683469903396094 0.40757184311554123 0.17051388265537876 0.18355201442485208
0 0.12385722333971518 0.2153268744356422 0.21206491184516452 0.2029977103387574
0 0.6318522484917205 0.9521952000170378 0.12548156583768788 0.09560959996592434