0 0.2800098834337717 0.26632703672174135 0.21045484656946528 0.1826160226124965
0 0.2101227466303484 0.8581921227183298 0.23318073600069786 0.21462152002938512
0 0.6338178132209804 0.7569634336292533 0.2417353809811498 0.25333489096322
0 0.4736378069263139 0.09449783833926785 0.220993616916603 0.1889956766785357
0 0.26211461259369456 0.06299983540578205 0.1776938517356878 0.1259996708115641
0 0.8428647568081526 0.11166814617414052 0.31359893312423803 0.22333629234828103
0 0.18301276616679418 0.3969627329367228 0.28251682143910223 0.2523580954857193
0 0.04157885900415766 0.8322458718423935 0.08315771800831533 0.23935441016136685
0 0.878926176755856 0.7508049757250267 0.18669875191498436 0.2586157138038206
0 0.9300060437050812 0.42249682020432033 0.11597988356426087 0.2273351793921362
0 0.4709286676050241 0.40251443404487247 0.3809982286669833 0.4598748965450617
0 0.7193604334866883 0.47306919267014264 0.2254960670062512 0.26957420493811857
0 0.06066083666471535 0.5432806684362625 0.1213216733294307 0.19709250928132113
0 0.09281134706240489 0.061088216529496704 0.17014653664442098 0.12217643305899341
0 0.855658530789525 0.3170519283977863 0.17364165684488433 0.1597222448663999
0 0.3915558919611748 0.8878700590611838 0.14141486136738352 0.19941241127773532
0 0.3305020393821729 0.7111339570077436 0.2069902607806864 0.22090967275917078