0 0.6489823029225048 0.3970021852656371 0.23223797862073836 0.2521529516426732
0 0.5694708688078302 0.6633346889428385 0.31229596169606755 0.32439009870233204
0 0.6339432627134259 0.8485401485362166 0.22770687472072101 0.2063258292585973
0 0.2106490456231801 0.7774025482863383 0.27372246230052 0.3195215251725024
0 0.09035158300051084 0.6533088371383136 0.18070316600102168 0.31838232572337277
0 0.10112616593520439 0.2806356605616603 0.20225233187040878 0.39545944810744865
0 0.7315397015979035 0.17265075452196313 0.4215359814195777 0.34530150904392626
0 0.4889652201454172 0.3077946839594501 0.2503491385114174 0.22934685379220318
0 0.2921363657197503 0.21135950268336234 0.3068165037843211 0.3096589308572572
0 0.42393929312656703 0.9063362347587801 0.21987623719478522 0.14111389218275314
0 0.24258406693662454 0.5548622929835016 0.25169266971952553 0.258193007638357
0 0.11840057645025898 0.9055443387284546 0.18091418845755386 0.1793605039611555
0 0.46309579468359263 0.5287479025328664 0.1683351530182781 0.16657104588693
0 0.8799621998503633 0.5835207160888184 0.19148455493936248 0.25193802495953715
0 0.8067732445798501 0.7655645589204055 0.23039393713693704 0.264018136950905
0 0.5576033661007795 0.06461558155152282 0.21171634472151787 0.12923116310304564
0 0.39978922695200103 0.0509770310361469 0.1667676999421518 0.1019540620722938
0 0.15741564802505184 0.11933260095976334 0.24330222752354486 0.18096183979328226
0 0.4008064608422203 0.7340599795979202 0.15022399312759893 0.18937714373740006
0 0.34199122988247493 0.8133241790470501 0.11628693071138271 0.12968224505210585
0 0.8189013005046947 0.3765265956498261 0.1943889113689017 0.21138073126615028
0 0.92584612108102 0.3445082107504873 0.11695869631543669 0.14410532197518272
0 0.24686473754984314 0.9260720376806648 0.16861174142595298 0.12105201442485207
0 0.11784094992916617 0.48017103283925344 0.16844711395228706 0.16897489204077615