0 0.4904727395583184 0.532493258613067 0.10920801437104845 0.09083047577348516
0 0.8987193179870612 0.29808175886000254 0.17794224207999867 0.21460148975903814
0 0.3096973067741909 0.7973122190289115 0.1994649723351036 0.20536373875988928
0 0.8080346996033513 0.8696997152792506 0.23781462566713157 0.19641970279558982
0 0.8915349087425863 0.4890826298640397 0.21693018251482735 0.22501410089758658
0 0.3644073046320272 0.1289320067407713 0.25961706874601265 0.21122041333490213
0 0.7039132482984573 0.6996472146555744 0.22171495593202634 0.2586259877607398
0 0.9401720995323756 0.7963912206479346 0.11965580093524891 0.23058922702210466
0 0.9696048082431451 0.6394637887046718 0.060790383513709786 0.1261748601393993
0 0.13676108217446986 0.9078924956291978 0.15359609643538347 0.18421500874160437
0 0.29191767596580104 0.5085989248232161 0.3112166892718863 0.3082554045932977
0 0.07744222977769073 0.2525026610884008 0.15136007797580295 0.20212070679218627
0 0.1780812564265727 0.12327631555823075 0.24483036515202689 0.17971865759074512