0 0.33382166313955075 0.5457515705152706 0.12637364093059775 0.11531348976194508
0 0.7712453780597397 0.36648609642182595 0.14297926594690907 0.17865353833122363
0 0.5161400007128248 0.8430099104133444 0.17987639982892198 0.20479212129288163
0 0.3853441262099998 0.3464186433474694 0.1322726072849072 0.14684350595170464
0 0.18256628955736018 0.7729980119468476 0.248252490849168 0.3767015625289864
0 0.3488933670386213 0.7694374166473975 0.165064136530369 0.261504372321031
0 0.5696962203062965 0.447483505517322 0.327800711986703 0.31896183775489856
0 0.24885148666882467 0.08193853822262803 0.18498933435465834 0.1451159917313672
0 0.9101419147041606 0.2517303958889391 0.16701772748537033 0.1800536192800214
0 0.5452762314699799 0.18110031526592835 0.43348599859850173 0.32271834777576225
0 0.06123700809970825 0.14327329953227055 0.11791059918519889 0.2851465181157434
0 0.08306621667206168 0.45710337643362836 0.16613243334412336 0.24112982979033368
0 0.057654114203002434 0.7106509958874027 0.11530822840600487 0.3155327610055746
0 0.3929524082258359 0.941500963399288 0.16824635543516728 0.11699807320142405
0 0.666933681429139 0.6289846228279212 0.17132175484847012 0.16591055854670408