0 0.6276912834717846 0.5789369707392644 0.22835815843405555 0.2591863358029802
0 0.4048696018838636 0.13882716139487472 0.21062195322467892 0.22705447413235216
0 0.37031051870715975 0.7658632884520216 0.3168108526704267 0.24702068155652002
0 0.13404700966283298 0.6886763690287125 0.2394166597636671 0.39177581498050207
0 0.1055706677218971 0.4111632293077851 0.18410970075295172 0.22326484535323327
0 0.5090747558712138 0.9407499321569797 0.26119839088845065 0.11850013568604058
0 0.3041882745589346 0.926810332949979 0.18180152303210784 0.14393792227631017
0 0.7235191068273181 0.1603272353251703 0.5431920598084823 0.2732859009137456
0 0.5903323865635023 0.7797943264433636 0.2028508565277844 0.20744576418559946
0 0.7644472100407932 0.4120909586664264 0.2534457916638097 0.2965038304972841
0 0.5708234287509216 0.31553706815440297 0.26737925513095023 0.28043278885232803
0 0.4013671592863571 0.5958779920319389 0.264555740300587 0.26588373169058993
0 0.34314463010294066 0.36840980151610864 0.2923969435812848 0.3153464373927857
0 0.914948876301602 0.5860820686754558 0.17010224739679594 0.2211129596767094
0 0.9625526608400444 0.27274786469523193 0.0748946783199112 0.3093198291756186
0 0.19073957041621578 0.1624076992654704 0.3141714485247392 0.3212879518484284
0 0.6870421778620401 0.9075480686595445 0.220167393060644 0.18490386268091102
0 0.8955110905553055 0.7731462486497838 0.20897781888938902 0.21528720384044375