0 0.4984602196090662 0.433920385890107 0.3716552058812667 0.3526608360357591
0 0.46862589978122676 0.16754130654921992 0.34470230323109996 0.31307968823413057
0 0.07182564379414602 0.08832320862791053 0.13855101564280792 0.12143050582110201
0 0.9333326805020464 0.40183050073608706 0.13333463899590717 0.22854326779844092
0 0.788561131195939 0.44211968919364103 0.215184351744646 0.2160235267535171
0 0.5537350079970647 0.6858467411107411 0.210376659436954 0.21579960488549907
0 0.780704961699832 0.05632889292011401 0.20564069263043303 0.11265778584022802
0 0.2679727341437174 0.925915357257415 0.336759315675082 0.145034379332918
0 0.23599128504923794 0.7585418139602562 0.3506387737062674 0.29658864795923445
0 0.9071704382391925 0.15300609054318173 0.18565912352161498 0.22211545587496553
0 0.6268767392289708 0.043726838138357316 0.15759963230409557 0.08745367627671463
0 0.9080535943195229 0.019958337152875535 0.12379949633135358 0.03991667430575107
0 0.16540058826604745 0.47958701310744095 0.2797984570772538 0.3100567430158873
0 0.12351117491839153 0.24512969937060802 0.22698556719380975 0.24531752433570703
0 0.9390525550654232 0.6014057119723224 0.12189488986915364 0.2623090748862961
0 0.9365052579092343 0.8243212858731367 0.1269894841815314 0.2081402226879245
0 0.7436431123757407 0.915822303559866 0.10751903096287527 0.09124082076683984
0 0.58586274691044 0.8869860914957548 0.1553420759691454 0.15335227142515606
0 0.7392586760336933 0.14166856716004778 0.14834855282767406 0.12428219571098421
0 0.6944619186157154 0.26678384202140437 0.1728976093239948 0.16375138257860375
0 0.831116844245983 0.25559437647519845 0.15100911586872648 0.2226159661506585
0 0.7637789668208114 0.6085185452092422 0.25455665305359243 0.22983413246689205