0 0.6978338299762314 0.10505220004736644 0.2914543993315537 0.19634780309586966
0 0.22291258828422578 0.7936056761519352 0.29093003513834065 0.27805060199100934
0 0.7138929895982778 0.3492104066765286 0.23881152280497658 0.24650691346689854
0 0.6890288852952511 0.6171763195752082 0.23324794906531723 0.2320558662081919
0 0.6644899532081616 0.9223512970608525 0.2799493111362516 0.15529740587829502
0 0.17708107626224415 0.08519049555463253 0.15824524058001016 0.1306887578800245
0 0.14212488084102418 0.2016092120023934 0.15824524058001016 0.13068875788002451
0 0.21059706015451946 0.31742736758926754 0.21870911352286326 0.183909017292195
0 0.08838561823761666 0.057021820992346886 0.13572876352476668 0.11373596829276825
0 0.9051145174484241 0.30223131927306707 0.1686062850080775 0.19082686722962272
0 0.8556552621522449 0.6265617502767982 0.17569184323095483 0.18846497657922093
0 0.6644592883503091 0.787758492907489 0.2233908255918944 0.18153314147397845
0 0.45828686897785637 0.4547271030699437 0.17911375291337434 0.1620506392225428
0 0.2935366532742449 0.914153804268371 0.21567536617571142 0.17169239146325802
0 0.29000396618332486 0.1098932525642969 0.19883822147950408 0.21743699693570795
0 0.46510168388846856 0.09528217723086964 0.16595047837690904 0.1860051897541156
0 0.42145119159600325 0.6528905739162886 0.2767589186925861 0.2827743832918129
0 0.8269759750218889 0.8067383304727412 0.14773777267471316 0.15946498588710428
0 0.08242200013978006 0.6351747913279765 0.16484400027956012 0.22227265957902986
0 0.059193913736340156 0.7685393047790862 0.11838782747268031 0.13780240016685935
0 0.06764819695255564 0.35739770146450517 0.13529639390511128 0.28210309523670263