0 0.18885062935295766 0.6958986750154974 0.2020814639541698 0.1718198606838902
0 0.5266557551212308 0.11546073245244734 0.2928423359113847 0.23092146490489468
0 0.12442194429239009 0.18434095478415485 0.18072662768723247 0.18130937878894168
0 0.6319518473519808 0.29434987585427985 0.298349476013272 0.2589037437671288
0 0.46951173437335425 0.5079992963776262 0.11407416204789857 0.1208356254117884
0 0.5881873674813511 0.5181243382631014 0.19535953894856795 0.18860482825736893
0 0.7297108103418112 0.11472490843187169 0.23127734169742126 0.18400691346689857
0 0.0717415276005708 0.8528828963257742 0.1434830552011416 0.16923420734845168
0 0.21651133503964434 0.8603733367884592 0.2707880518502523 0.22028836845962757
0 0.6936362110977317 0.7350221048827904 0.168217783462065 0.16441252987294447
0 0.07390981576257559 0.3096136655565434 0.10163526260215071 0.10634262264963741
0 0.8660800180692145 0.6318726890133857 0.19181085267042655 0.23184608869096998
0 0.058949291167060935 0.6714834153011857 0.11789858233412187 0.19549470785916703
0 0.2303274515297954 0.05611977766829251 0.21242202001733232 0.11223955533658501
0 0.1099638949796034 0.49331909656027434 0.2199277899592068 0.2441310376486821
0 0.910893669631137 0.3720405342968717 0.16310458838311184 0.23648595898488486
0 0.2980491768685423 0.24702196061059775 0.24243151146003505 0.23694746952277315
0 0.447865847697814 0.9215167755104239 0.252002674949583 0.1528827799772319