0 0.6430752411367124 0.7093743317472752 0.28367372971793176 0.31636256955726527
0 0.47702534548357634 0.4509359099558222 0.33711814977259213 0.329612703412607
0 0.4593785989656712 0.743730569471741 0.21417948526971606 0.21629422346207258
0 0.4369998460222116 0.9090934077636749 0.21915180505107437 0.16838515080598307
0 0.3485974594358634 0.6127509390353629 0.2171431360936073 0.22836940437158132
0 0.20393541610579605 0.8651857750764956 0.27326799070978885 0.19605836158440199
0 0.8530230521076146 0.8089620769548603 0.29395389578477066 0.35063186725416695
0 0.9567340831581169 0.24942240969433682 0.08653183368376624 0.33866456686901714
0 0.18792168861515984 0.46969713262852547 0.33119084812480976 0.30546234159359015
0 0.3081731125528674 0.08581010477580121 0.2846154558749655 0.17162020955160243
0 0.8097471934836887 0.20615619374225364 0.2964173926308734 0.28064057809123955
0 0.5571424448043054 0.13844093465106821 0.32582335114707234 0.27688186930213643
0 0.6279113405821388 0.9263079620663456 0.2267518928542967 0.12533972059786327
0 0.7434373859489869 0.5133189849800208 0.245093602467689 0.2098100368241455
0 0.1847471934836887 0.22070323021447635 0.23257386142276534 0.25033972059786347
0 0.27495421072357146 0.762461807196207 0.15530827384296614 0.13808429331260677
0 0.14153743525776233 0.7138283975336537 0.17381461093002443 0.1745336366022436
0 0.07995614207231526 0.6575068682781517 0.11311261372886376 0.3147939557513889
0 0.06160466882583245 0.857669525660577 0.0486433556016633 0.11639171790961537