0 0.5002178758018226 0.7309717435537577 0.2626922256769214 0.2780289426984818
0 0.7289468870881161 0.7116898662265676 0.32787578465454376 0.3054688706807947
0 0.3593551199016129 0.7440345918997723 0.1584317600254534 0.19568871551297534
0 0.6222604984576225 0.06147503565939343 0.15932515693090876 0.06600700344394403
0 0.4222590193654602 0.9052642617329046 0.20913629951524343 0.18947147653419066
0 0.4212990625153169 0.3816735022430247 0.274515657469509 0.2618319208148645
0 0.620439838907136 0.5280101598635389 0.2072918790089494 0.2655160125938906
0 0.8149720902291621 0.24355443499094714 0.19552438978111708 0.28652072678520024
0 0.42378850664692397 0.16773119455071703 0.20200867490083782 0.2243986675011837
0 0.14759288810413052 0.7521791001283596 0.2523216164373414 0.21262117558999122
0 0.2666269137737096 0.5479526032418874 0.1731904923370616 0.22529075079109603
0 0.28577629535328813 0.24588685940856958 0.21643175182391475 0.22515454893315062
0 0.6634729979067852 0.34385374699770177 0.20676042464377503 0.21984293567081373
0 0.8566181445551776 0.4886735309446401 0.2720558687509076 0.25689824826851104
0 0.6458306973143413 0.9113138685934612 0.24033035695048818 0.17737226281307764
0 0.90757105732511 0.8641672302800004 0.16841077131174678 0.22744263646762
0 0.25888139475105454 0.8939583655148785 0.19488105028643224 0.21208326897024293
0 0.1413505692111897 0.49667851650803113 0.2827011384223794 0.41643395609298534
0 0.09457431076482538 0.1648319886578849 0.18914862152965076 0.1998562850080775
0 0.251131152805665 0.12260292505942146 0.20382512412475423 0.1740438785090756