0 0.8593075098617551 0.18835972084901978 0.2813849802764899 0.37671944169803956
0 0.17636337914240324 0.2377605624646682 0.24330885537824004 0.2880682965121775
0 0.20349088629710763 0.8979106680592094 0.17593524082150047 0.12691269044931083
0 0.40429731150953746 0.0469000735370423 0.16173608576644144 0.0938001470740846
0 0.3491176751266896 0.42393654474290143 0.257731932301317 0.28924564196726554
0 0.42395953298855704 0.21754946548565723 0.34315078449968833 0.27227125315933215
0 0.6821391308769579 0.06868225383570949 0.2537013386769926 0.13736450767141897
0 0.1950803823880891 0.07810062074424784 0.21160438378750884 0.15620124148849568
0 0.8913365327322252 0.5642689936738755 0.13038075268712773 0.2285612121257334
0 0.6414847687181054 0.7173784139632263 0.38609076032158723 0.3715646871934129
0 0.09475800470398564 0.8947215282031388 0.1016992263146398 0.17832582238114916
0 0.08614032671263935 0.761504290907192 0.09901216389842354 0.12063351468884147