0 0.41198097614064594 0.7460470674218703 0.33185290687750657 0.29009467094205327
0 0.1665712508759364 0.19234205625818712 0.2602106527950301 0.2323718288380613
0 0.18018154014816667 0.629647463070449 0.3329747153358081 0.39097226524615974
0 0.7855959484924161 0.4197383554230916 0.17928879072689724 0.18392859471972564
0 0.8449595312051443 0.2015912317309584 0.1865842733458679 0.186584273345868
0 0.21357599665089502 0.08688189724581082 0.2651556990059023 0.16771981515651144
0 0.4064406617501283 0.9043059574173249 0.27801437134945395 0.19138808516535022
0 0.19386816544960778 0.8918555427192023 0.38453909953557347 0.2162889145615955
0 0.7709705683545806 0.9604892105199602 0.21755190646188757 0.07902157896007968
0 0.7131219119132398 0.28964829623141874 0.20332725226535905 0.18476803629404645
0 0.6894383237491593 0.14080442788069525 0.25489929554274526 0.21778086360012022
0 0.29968324878576474 0.4123970202371949 0.3410485707057308 0.27841121680255093
0 0.6089513987246294 0.5158578376264431 0.32220698785043755 0.22013130000821862
0 0.909107828992702 0.6045598014628859 0.14770301409716916 0.17322193605772376
0 0.9450167297301828 0.4722376139710414 0.08579062319919363 0.18786631104141271
0 0.40841345134858165 0.09007560476704055 0.21201925114899062 0.1586615052314671
0 0.06422082975265792 0.34639424095911064 0.12844165950531583 0.13176894234031464
0 0.6350388330425562 0.6647856501345987 0.2492521616607321 0.1935745137467945
0 0.6480730018291931 0.8084440774691853 0.15631106882336873 0.14471155884129827
0 0.6042123324191274 0.9143239063193225 0.21576620382175024 0.17135218736135507
0 0.8447533984515752 0.8622444704573324 0.168360834004284 0.21475887393256507
0 0.889690074702416 0.7470849826721395 0.13054031439051775 0.16301894234031467
0 0.9383584873695737 0.24937817979567964 0.11421705625818718 0.176854410161367