0 0.10436127683753794 0.09730682114341745 0.17506870752122974 0.1946136422868349
0 0.8488515478081043 0.382159384953589 0.2607143177396226 0.23944921185132287
0 0.21166059918519886 0.27767139974971095 0.2517704863836947 0.258624040410833
0 0.40030155533755263 0.8944878921250441 0.2300213924299629 0.1863967744529299
0 0.10318999007109857 0.9238662837033096 0.14577229847623113 0.11380589413184229
0 0.5671207581975751 0.23232537155998287 0.34289534216923667 0.3216414916199804
0 0.5454442216836435 0.6099320026471435 0.38305863911348037 0.23295091694833905
0 0.8995001544043381 0.13419262416034303 0.20099969119132383 0.22713629255798135
0 0.5787051028726027 0.9427388284445027 0.22973902554598238 0.10948768269766763
0 0.0937920739775154 0.7580218768396473 0.1429258562011611 0.2387639386283978
0 0.26837988998941664 0.044058591395617346 0.25310593382498714 0.08811718279123469
0 0.12247411809821585 0.47775003723153364 0.21976498896680596 0.23680761784462506
0 0.42352717827576786 0.07928336486317986 0.1176816420469661 0.13527268750268004
0 0.8673096376467373 0.6837511736704851 0.26538072470652535 0.26359955473230284
0 0.8960662049260427 0.8735711088174424 0.1518391531454045 0.14989155677516391
0 0.2385646506927827 0.6694214044036527 0.24668042719202182 0.18168697831994118
0 0.23012831382025778 0.8065175535958649 0.20341119642279099 0.18143524529927482
0 0.4683876203961972 0.7786837217059848 0.19097224486639994 0.16934608869097026