0 0.32136116358704325 0.2482798069032583 0.1988382214795041 0.22398619338948078
0 0.8988290479419014 0.25683211910105597 0.20234190411619715 0.2441964548693945
0 0.7914049516387582 0.667561251069171 0.2727173294361451 0.2605785162907604
0 0.13021961868877935 0.4162653618019267 0.2281882962803026 0.23477696870383885
0 0.10932900271322121 0.20151292793235376 0.1658244981382479 0.18905900731174688
0 0.502429270603291 0.7154707995915115 0.2507047733355462 0.2524854348049918
0 0.6077117028491945 0.07007276639422878 0.18847717705143674 0.14014553278845757
0 0.12017697526338143 0.06762807236038534 0.15381548898830133 0.1352561447207707
0 0.16012293253825227 0.7800072825975041 0.25750770622324853 0.3822931271126842
0 0.44595587882045823 0.9249441471198854 0.24655764707901212 0.12758338402990652
0 0.7668744511685619 0.8889824125198107 0.2729897331520355 0.1742359532021277
0 0.3336935549505358 0.8283413491670396 0.15267144522106676 0.16693464580255907
0 0.8889455402184555 0.06771485402247042 0.22210891956308906 0.13542970804494084
0 0.5205194464728423 0.44011002351670486 0.30648693420936807 0.3099287792915713
0 0.9134785312940903 0.45120083527539384 0.17304293741181945 0.15697234875653182
0 0.9396960929609115 0.7874454491391121 0.120607814078177 0.20269849043550808
0 0.9493540244570584 0.9187978868109281 0.10129195108588308 0.09305617513871475
0 0.9418658664711828 0.5981558307127023 0.11626826705763449 0.16433490119888405