0 0.5146319666216886 0.7210049918602556 0.22087811520865408 0.21237172028785858
0 0.7371245963860047 0.5904116091181729 0.2778450809554489 0.2890002624810808
0 0.9269664627652779 0.6125116123889912 0.1460670744694442 0.21227380653268432
0 0.6985720981407053 0.22257419070212417 0.2840495168919874 0.246319704439394
0 0.5246269429504274 0.1196018496700176 0.29444619359316254 0.17758928719042888
0 0.16927834317232918 0.1601740881181276 0.3377733843807694 0.2866943300824091
0 0.35343238908520347 0.5986791918542873 0.23887999123141043 0.2642260592162306
0 0.18493634293771402 0.42057436970357087 0.23172440291014978 0.2660412326425329
0 0.5030522974622865 0.3265779983869716 0.2341862090823721 0.3718104634117635
0 0.7885905227059303 0.9221191892896875 0.23267354541677376 0.15576162142062508
0 0.954949409193323 0.924620750832625 0.09010118161335393 0.15075849833475002
0 0.9483513123967418 0.7835525601752624 0.10329737520651659 0.1778842186524495
0 0.7846180627462078 0.7754340300988216 0.30574008241688044 0.2504895687758723
0 0.3091341103551289 0.8408063388131557 0.3778015267700857 0.3183873223736887
0 0.11727100435251127 0.7089625720317699 0.19281526332638907 0.24367087553152883
0 0.05680414002120753 0.3273399046638584 0.10387295563408139 0.23641057855848607
0 0.7647358273898507 0.3335433638979937 0.13260519932158132 0.1307884167880998
0 0.7875403710250535 0.1278672503792201 0.18084997281933768 0.14192444009993171