0 0.6545562321723591 0.3676741761304949 0.2885880115816994 0.2996852173756247
0 0.8448784076038128 0.3473315860584493 0.2316344132196921 0.25849817390049973
0 0.1675488735299956 0.12972378130080353 0.27740543936768347 0.25944756260160706
0 0.11968819251126347 0.5475105237804239 0.2186111493406639 0.58767126013146
0 0.8769365422637814 0.16196971402381435 0.24612691547243715 0.2634597030541548
0 0.6621983703418317 0.17166981100123718 0.19244234571473756 0.1813653194602009
0 0.46729502357390645 0.11078589923899561 0.25189773945550525 0.22157179847799122
0 0.11183788546163563 0.915431844413126 0.12882001977166352 0.09447722872636942
0 0.9006647955537309 0.6318517112616634 0.1986704088925382 0.2897062183970554
0 0.7046512861642095 0.6234530362461661 0.24605749014276904 0.2585820849073886
0 0.45821217092596367 0.5647763769332141 0.28506183948477914 0.21314675583716317
0 0.888121105995094 0.8760448808103626 0.2237577880098121 0.2392394343341008
0 0.670834155599223 0.8556759231129862 0.36482544393037514 0.28330581966877505
0 0.38016875957710944 0.8032676047892233 0.285543405322467 0.34292647780922564
0 0.46840507908665396 0.3723637958669108 0.12660389178076195 0.2170314270690789
0 0.23305058683750948 0.34968888819039196 0.1941074825382831 0.2222307040755855
0 0.35243685849599404 0.2997037910618986 0.18674493009593077 0.27746322494278786