0 0.4740946557842088 0.5302594571505977 0.35266083603575926 0.34811176964791773
0 0.20913810746091524 0.49146846589026205 0.31307968823413057 0.32384954542441946
0 0.07927129890782311 0.8764256857619598 0.08464838136969871 0.16631290998545806
0 0.5228135191190576 0.07994387317107297 0.2283193459304229 0.15513278928511512
0 0.5319646685106204 0.25062394267805727 0.2160235267535171 0.20072195520130326
0 0.7304961344378558 0.5401623390613352 0.21579960488549907 0.19591426289361089
0 0.11888836546341838 0.1532945410726188 0.182033797797644 0.19331462439035765
0 0.9216182951564106 0.8581257315460241 0.15676340968717886 0.2837485369079519
0 0.7450510558590272 0.8502009495259308 0.29535707768513547 0.2995981009481383
0 0.27138767417411647 0.07367473082673442 0.22065996373284838 0.14547544916628613
0 0.08977225106428478 0.3021232250938584 0.13915311637009717 0.14980764576827532
0 0.09909116370790891 0.03782601468111464 0.1260669428004332 0.07523247432778539
0 0.46109097410033 0.8685856161039051 0.3055849335102219 0.26282876779218994
0 0.22403222561146133 0.8628487114916781 0.24677301647782424 0.24175516183046525
0 0.7221944556844508 0.10393418797733214 0.2634286842263861 0.18657858163452226
0 0.9177390732963618 0.14716226459826795 0.16452185340727637 0.2269265150407594
0 0.9710254937320515 0.41305298278674907 0.05794901253589712 0.1037989248176434
0 0.9283193815602133 0.5605678623885472 0.14336123687957342 0.14508386446747187
0 0.22905040592882905 0.22242649642499265 0.12428219571098417 0.14010835014600198
0 0.34430004103695455 0.29759603749761143 0.16375138257860378 0.16196672821565408
0 0.3572050174962147 0.1618906111478221 0.22261596615065848 0.13587404971871633
0 0.6912376137288637 0.31643682473986523 0.22743028631304604 0.23923943433410094