0 0.4744060097882465 0.7391645390584424 0.1829908808817661 0.1800357616251101
0 0.7651063071129618 0.7439628747582898 0.18205919973917326 0.1966945914040919
0 0.47174881244159445 0.5585986675817339 0.2778512699198001 0.3085151808992033
0 0.18396124374750575 0.7236329423152579 0.2741245453494295 0.37515050001513117
0 0.6667033516279196 0.34287378697823445 0.2853635616619653 0.28514909255250637
0 0.3504324951064809 0.3052285649479463 0.27598790763461484 0.3418328404571672
0 0.9340187262744652 0.742373665136374 0.13196254745106947 0.23806425591329974
0 0.7379099361279184 0.9659418339847913 0.24242668556524194 0.0681163320304175
0 0.8994694305811245 0.9424493956814184 0.20106113883775095 0.11510120863716312
0 0.5465045036621066 0.8890569420319371 0.328512927137179 0.22188611593612578
0 0.6907091217289163 0.5762990038482231 0.22388568679786294 0.23784562263268846
0 0.6536946871602561 0.15322208077129998 0.29933659870968626 0.2263976850898815