0 0.3389423076923077 0.48009179945160224 0.2932692307692308 0.3217297632677353
0 0.6610576923076923 0.026129557225533957 0.23557692307692307 0.052259114451067915
0 0.8990384615384616 0.25070926292072576 0.15144230769230768 0.19342870499134626
0 0.15504807692307693 0.11898736979823704 0.19230769230769232 0.14630293429914548
0 0.054086538461538464 0.20787573722836533 0.10817307692307693 0.2477100640048078
0 0.3473557692307692 0.7791748201144763 0.22115384615384615 0.1902435667517097
0 0.6911057692307693 0.5512220269778306 0.44471153846153844 0.5295815451821586
0 0.11899038461538461 0.6703073911331731 0.1971153846153846 0.1824725268873932
0 0.234375 0.906804476707532 0.31490384615384615 0.18281023760715862
0 0.640625 0.14254121069289477 0.3076923076923077 0.26437315641709425
0 0.8569711538461539 0.08952174465283086 0.16105769230769232 0.17904348930566172
0 0.4675480769230769 0.09078363762622849 0.21875 0.18156727525245697
0 0.13942307692307693 0.34891835340235033 0.25 0.2005303530504275
0 0.19591346153846154 0.5134689097212071 0.16105769230769232 0.1407678901678421
0 0.8016826923076923 0.8551387051404374 0.24519230769230768 0.1859953758467949
0 0.5973557692307693 0.8839329286025102 0.20432692307692307 0.2090826850005344
0 0.3125 0.1646014817638886 0.23798076923076922 0.1882313715798079
0 0.07091346153846154 0.5043590862464209 0.14182692307692307 0.17397413519946595
0 0.9314903846153846 0.5059635514115911 0.13701923076923078 0.2075160810727565
0 0.4519230769230769 0.9450102197816235 0.1346153846153846 0.09207551554786328