0 0.6207167275605551 0.7284301647371063 0.2347707279438915 0.2614642017181651
0 0.19874856332169327 0.7867233691684927 0.24571164048612945 0.24526717983454807
0 0.41526165946843885 0.13357010663497523 0.2920617804753393 0.26714021326995047
0 0.12861638352216323 0.23806931339831025 0.2430605846324225 0.27866906551107185
0 0.14921373558224846 0.4842115836902187 0.2528300147088061 0.28157683261956257
0 0.5250840566061868 0.8733333820419434 0.23122768234091537 0.2061757401797035
0 0.34477945355936296 0.9201674955648068 0.18860691643240515 0.13925621020727902
0 0.83638397593492 0.7629539905386709 0.24182822094443096 0.2594382962803027
0 0.7929717541386267 0.19842808510080812 0.33927531200840594 0.3220438332803954
0 0.7389101290711886 0.5027512516107426 0.29018095192662724 0.3410328636531265
0 0.4078688796036024 0.7190837334315957 0.3082725217082666 0.28687822426261533
0 0.3607074574069352 0.3971522083645608 0.25317038864752867 0.21211725463534642
0 0.33909082593633827 0.26683548429258175 0.2568997627282283 0.19554229203574566
0 0.9235962558707449 0.6254563928630058 0.1528074882585102 0.4230360365997864
0 0.5692941417923164 0.0556596310411774 0.15781905281540204 0.1113192620823548
0 0.9315637225345719 0.390131430263405 0.13687255493085632 0.12699524058001024
0 0.7269771330607379 0.04587316390154835 0.1367397380526453 0.0917463278030967
0 0.5887001850668726 0.5299187758771647 0.20749731172445168 0.20972363010078446
0 0.7034308083737991 0.8712223828425564 0.2693811298804559 0.20338373169058982
0 0.9646712600235686 0.33099546063613616 0.07065747995286277 0.1585074226766166
0 0.7066071643808389 0.0005124821703032822 0.16802202106937011 0.0010249643406065644
0 0.5205327860266359 0.36948076314349404 0.1337805912769405 0.143570203179611