0 0.7152351905529918 0.4024228055509954 0.36997453676549175 0.31950378526860396
0 0.2660327300067315 0.8566629744627685 0.24379958381965836 0.26247204362745463
0 0.9113394528871795 0.44185129944468654 0.17732109422564088 0.33649757506132477
0 0.3530326985908655 0.15895512472519832 0.40798847410480793 0.3022886998564132
0 0.5190800027737722 0.8975351302914206 0.14764372778771373 0.15419342970428465
0 0.8283668894639965 0.9581709807597139 0.221547507013889 0.08365803848057222
0 0.1441878832981309 0.6762110966145257 0.16564560381047025 0.2055560606056822
0 0.15740401244903882 0.4188054769853534 0.20455474339423094 0.22680251365502985
0 0.316922070960043 0.30952068155651996 0.36147614507756426 0.26383738301415893
0 0.6872033285580132 0.590625918482916 0.27387463087382496 0.21362901749928037
0 0.6929241487897971 0.11434431861508255 0.3377713745026711 0.17376125317390076