0 0.44135803037799093 0.31413289211958606 0.3567869957227913 0.3699482169219367
0 0.8000378096866796 0.7057157244261382 0.15663901718276316 0.15444548031623903
0 0.6889225828322642 0.4717624330463663 0.46099361748746376 0.38860690089216443
0 0.9426977995360398 0.28404885362229165 0.1146044009279204 0.23187961980726476
0 0.1956998821143869 0.30098965170754954 0.22890368839287706 0.2442584464585466
0 0.09616201653069684 0.6083528748641025 0.1048353695354697 0.21670574972820494
0 0.19177428877029787 0.678739473138675 0.20080832770270604 0.27758211803105365
0 0.22260149010448552 0.8675013288626066 0.26390983426395975 0.2353938549991449
0 0.4581353712759246 0.71039211092621 0.2669740295804839 0.2976835457118229
0 0.2829313842529912 0.13925471949565477 0.2289036883928771 0.2442584464585466
0 0.5925164755311964 0.18780892365747753 0.248765385485612 0.2531524592186605
0 0.898734438121082 0.8449927848912387 0.20253112375783588 0.3100144302175226
0 0.8059477206555552 0.22795075632642298 0.23518354571182287 0.2615059881101136
0 0.6264623546009955 0.909552835858974 0.25083905705811915 0.18089432828205212
0 0.9280622332344725 0.6454975251947987 0.14387553353105503 0.20609766127763507
0 0.3423176067574778 0.4772201240487174 0.25639754252179436 0.25859107938831866
0 0.21715251946680827 0.45076419575163784 0.12851423519188007 0.13290130892492855
0 0.8881674864787392 0.37813011824921483 0.22366502704252156 0.24113322844942978
0 0.9276121933591165 0.4968197495839727 0.144775613281767 0.1474442511420226
0 0.7039199251070511 0.1796646140077622 0.14945690002193693 0.2086823954180909
0 0.44114990118183744 0.12089351866930118 0.25729980236367483 0.18710662263489983