0 0.2652578702615211 0.13622200424606698 0.3829457979384963 0.27244400849213396
0 0.18176847506885666 0.8168224306959105 0.286731070562513 0.240318322925213
0 0.83788057111622 0.8449890465845366 0.12647588857654013 0.17509096903017907
0 0.04302754828633834 0.5734912281472564 0.08605509657267668 0.1607098513977949
0 0.39948305414998264 0.6605487212817499 0.28765534332850673 0.2547413998482899
0 0.21077928866740347 0.5701974238278692 0.27381616523270097 0.33854034090736257
0 0.09237258280801863 0.29753753559009366 0.18474516561603727 0.25335674325542645
0 0.05264477530737907 0.7847569542962145 0.10528955061475814 0.20933224525372487
0 0.6433244803787939 0.13404074488458878 0.2290101646647929 0.1264564085898943
0 0.7454468870147929 0.3951849138414475 0.3703389835306821 0.38344598401361385
0 0.8123339379844936 0.9438824132177714 0.17591062259704143 0.0847098788699602
0 0.6802764449839541 0.943786328052031 0.11852640582673174 0.08851054820102451