0 0.3633960100428875 0.4942367559319839 0.23557612961259153 0.2532371049032434
0 0.5557520641299184 0.6866431554591822 0.3176010368410498 0.32201628066371274
0 0.5880807023655004 0.8751734319154256 0.22748178042581996 0.18332934219919012
0 0.8853381432495655 0.5827884004340084 0.22932371350086894 0.3186804685409634
0 0.9276142615444297 0.3952885988000912 0.14477147691114048 0.31922038275700315
0 0.8188525118938088 0.12455958646779794 0.32039733147992533 0.24911917293559588
0 0.1982671606182231 0.3092872743525088 0.37455720607480314 0.4054639128334439
0 0.45471818136545505 0.3234413859979804 0.2548560540870308 0.2261569692397215
0 0.5729242641090296 0.1405275821600328 0.31181222332078423 0.2810551643200656
0 0.8028570622715369 0.8382824808583362 0.22247786387561283 0.1805330475603146
0 0.7770539711130235 0.4036033531190467 0.25500312308587536 0.2572107449972069
0 0.9804247473313741 0.6612816680293684 0.039150505337251874 0.20697575198478818
0 0.5808949317222944 0.5055208400730747 0.17101597343227035 0.16439310769827592
0 0.23417599863232474 0.8084777997606151 0.2524030526895146 0.25461067460084597
0 0.22090529281033502 0.9571727696916346 0.11567875338230452 0.07152631515567484
0 0.404603497703134 0.880471089731156 0.2290515743659372 0.20256011142995936
0 0.2593941860188691 0.109498483207424 0.21600206714046302 0.2182096890517945
0 0.03473268275551104 0.1290473729594687 0.05533722004996585 0.09286679254260108
0 0.399136375293636 0.04724346596144298 0.1684650582795797 0.09448693192288596
0 0.6422437508177047 0.027988515841004483 0.24121827086617845 0.05597703168200897
0 0.7296630394205702 0.6530880165248422 0.15153982471531655 0.18906939720795152
0 0.8161277680935266 0.6895875109273167 0.11577666713747885 0.13123002051679933
0 0.21254217671204098 0.5730971009262066 0.19618262518214977 0.20942835665013865
0 0.10633134221411072 0.6059656533778284 0.12156548065774457 0.14364169977105945
0 0.9382100730910975 0.7587353510153121 0.12357985381780495 0.16920080000596835
0 0.8456866729728971 0.2661183377314472 0.17121219767478488 0.16679695385212207