0 0.7672772801745672 0.783021468861464 0.30393013876310565 0.32751107501521387
0 0.3023313702330856 0.13375415766902543 0.17165753147819848 0.17843391190961333
0 0.4447612205672751 0.5543885330249635 0.24877903112782407 0.2585998723327728
0 0.8938835549340092 0.23891178133772017 0.2122328901319817 0.39379757740718796
0 0.08241769159486746 0.8071996441097415 0.11497255367507589 0.20290840408820926
0 0.8219666439945729 0.4510891962776438 0.1863324408735718 0.1867383657880413
0 0.14926746962609408 0.5129092234247926 0.23756870752122972 0.21219818513176955
0 0.8868591034307869 0.8944704532186561 0.13266179366038328 0.0915670079827743
0 0.643917918884504 0.21612388030125682 0.4512973762305465 0.43224776060251363
0 0.5242522533696516 0.8291541854330747 0.32902933993649996 0.2910532148179726
0 0.18022744366449256 0.22615878358975966 0.17587761468386626 0.1619712939716534
0 0.8899019772389007 0.6825856179165242 0.22019604552219854 0.35865064794690343
0 0.2659647080673382 0.8523413558831133 0.2572191975391594 0.225674636456853
0 0.2581082193204175 0.05372081391429871 0.17967797710237352 0.10744162782859742