0 0.4974484897490606 0.14543269230769232 0.36989697949812117 0.29086538461538464
0 0.5841320366255377 0.765625 0.3122538270494836 0.2620192307692308
0 0.7204422853171268 0.44350961538461536 0.5591154293657462 0.6274038461538461
0 0.1781270193795567 0.8569711538461539 0.13059219254558518 0.12740384615384615
0 0.35711703264850103 0.38461538461538464 0.2966530079391529 0.36538461538461536
0 0.32314546270554523 0.042067307692307696 0.2712909254110904 0.08413461538461539
0 0.16780265268653047 0.15625 0.2538745361422917 0.3125
0 0.7931945060733111 0.8377403846153846 0.41361098785337774 0.3245192307692308
0 0.5215335277721146 0.8822115384615384 0.2788453603818222 0.23557692307692307
0 0.9192011967381339 0.17307692307692307 0.16159760652373206 0.18269230769230768
0 0.967253542193222 0.23197115384615385 0.06549291561355594 0.24278846153846154