0 0.28722771666401214 0.8386599917577267 0.181451155093506 0.21053879072689724
0 0.06283294455672843 0.4674526950986131 0.12566588911345686 0.18490539019722618
0 0.3979149975052957 0.4227984366811526 0.12718188311602716 0.12936509618646852
0 0.8345040596944083 0.6280640636450705 0.2055315759226603 0.21378207845506453
0 0.4360624650411869 0.9132288027338948 0.38299659840034744 0.17354239453221035
0 0.6913250024997739 0.3560745748860742 0.12461019979940985 0.11966576741365172
0 0.519066285591361 0.303155595550964 0.26393719155674616 0.2566621228488191
0 0.6737035826685014 0.1943033572402091 0.20295989260604286 0.20408274968224768
0 0.46147341658815705 0.7088446913218133 0.27961904720060804 0.3292811724087962
0 0.18406542145536525 0.27221461635841876 0.34422917831960437 0.3147207415825395
0 0.606351825055851 0.8834784108500403 0.26326584290566085 0.21820058438728077
0 0.9110583160622413 0.5140797940639268 0.16445639485381164 0.20033579700948814
0 0.8771974032237453 0.3180671211621909 0.2411575087390694 0.327938065889883
0 0.2741920261026128 0.5519727182692938 0.351650513234607 0.32699180482406665
0 0.8298046191368111 0.8806738897042867 0.21855782966851905 0.23865222059142666
0 0.3074046759496353 0.09612336269156149 0.1880752634853448 0.17713677704534755
0 0.13453481955736216 0.7128014534387533 0.2690696391147243 0.3054105991851989
0 0.16337278409707334 0.906494224344075 0.21367838536379594 0.1299832397001775