0 0.6825778926262118 0.5519678333165144 0.1829908808817661 0.17806979741081447
0 0.5919498404985759 0.27608667957895616 0.19960749467136715 0.17664600792112672
0 0.5026806283616819 0.5922280116210605 0.3129478597841876 0.2693448256342981
0 0.7618481531928791 0.8475161211408478 0.3614748227364667 0.3049677577183043
0 0.223742940476639 0.45276088234189465 0.2897506353950137 0.277560129300885
0 0.2912042795613974 0.7587019672729748 0.34618108736338987 0.2664972466549227
0 0.5225368752264958 0.10291716548893354 0.23858009570085442 0.15739153014946738
0 0.8751073347348295 0.24304877243116307 0.1766500008702274 0.2422736030902618
0 0.78946895294708 0.11725614094366468 0.21913901718276316 0.15386761923658307
0 0.8280694275353284 0.4493013676002982 0.26490035800797673 0.3215531090854047
0 0.4498537655329067 0.3813670035913382 0.24143398173005656 0.2173476759007415
0 0.0769851896612539 0.5017845424221018 0.1539703793225078 0.2920306233057421