0 0.9234545353890209 0.1771700599337393 0.15309092922195824 0.19499308691203346
0 0.5747777088331415 0.8583331540319892 0.2700715918327256 0.28333369193602154
0 0.7635584933653132 0.248857038581204 0.2892464184987396 0.27903161713090846
0 0.12986616106838964 0.31710670891521975 0.21436356105859986 0.24648087911943067
0 0.13996851692944026 0.04930863886018418 0.1357062646281113 0.09609972027879851
0 0.760528661619227 0.6081061607091255 0.36248065440922844 0.37644424200553944
0 0.3905313108382486 0.5151269480493144 0.2834893867208367 0.40390573925883
0 0.8111378278166376 0.9217606649577272 0.2519579897664326 0.1564786700845454
0 0.06571838160405293 0.4842220591903977 0.12293349336531322 0.23767488761156458
0 0.30356991180286674 0.06418110139652744 0.25617828514419505 0.12223614635190158
0 0.9615253179625868 0.35089735201640126 0.07694936407482636 0.2610000412082481
0 0.5758618523233558 0.12541288586020194 0.2623006277236349 0.2353008341640565
0 0.9285012466948939 0.4957216346090475 0.1429975066102123 0.12996336288610877
0 0.2739892554962186 0.826730906591596 0.29679361234880935 0.3080036488491406
0 0.08752335087887607 0.8090559846398248 0.15815204720167728 0.16618889235657264
0 0.37365990464181703 0.2011942488735808 0.21215551388139697 0.26326584290566096
0 0.23866690771433466 0.1663926055178592 0.20684433849090775 0.21991269355504445
0 0.23425249749055693 0.40665134303039613 0.19230937643832036 0.2100455531955028