0 0.3526360277239436 0.6533332055422993 0.35275569200362444 0.3255438798678419
0 0.5719849876404891 0.23451515047069857 0.14768355452098325 0.1442605619371073
0 0.393585513807674 0.3874923257966577 0.36358373239114694 0.42899318306461226
0 0.09847471241457696 0.1446023195548273 0.19106908484420365 0.18824310064811614
0 0.4490795011875335 0.8867519549173557 0.23305453421862643 0.2081871778206635
0 0.8012192541851049 0.9337224163285474 0.2161350201286038 0.12384276598258409
0 0.8192492219141816 0.810364911957745 0.2672921212928816 0.17756656718105618
0 0.9382440928304878 0.7396281006430464 0.12351181433902443 0.24315392857034204
0 0.7286172059633323 0.5530335789163056 0.2853554086828325 0.240318322925213
0 0.25297973604764235 0.8389030781704291 0.23319454231350617 0.21059102397450966
0 0.16095949341844065 0.537121570928182 0.24138613743920304 0.22754382492351127
0 0.6996118217823303 0.09626085039484347 0.3992236435646606 0.17506663586146937
0 0.12120456244210995 0.32870634677752225 0.21636761923658313 0.21029730893965984
0 0.8680188174959801 0.3489462449991846 0.20801230747511623 0.2317640871615039
0 0.44154838048106815 0.09775984202997955 0.19559676096213635 0.1835193269218095
0 0.555375444675409 0.7121042882082658 0.24647384593665495 0.2324354358125891
0 0.5852823919283757 0.8338971322390785 0.12450885009269036 0.11744062062856414
0 0.2066822305737586 0.20892754869996544 0.22936690666997228 0.22733402847004702
0 0.3090212630184351 0.1518795267212192 0.13820817800047835 0.14649657092818208
0 0.11294184169374283 0.434223821802596 0.18276119016451717 0.1280630282205766
0 0.14750349731384663 0.6977806499742925 0.20871234794951524 0.2437833179307347