0 0.6677562824653762 0.2801962904026975 0.2678935314662269 0.35027030755252764
0 0.137273092527653 0.6965740275896197 0.23205780219635372 0.22350658421127131
0 0.6674598376617122 0.07792925842874067 0.3108812137849629 0.15585851685748134
0 0.8626837006725563 0.658150054797967 0.2746325986548875 0.3874618220081703
0 0.1400579258210978 0.4425903176428672 0.13447734015895133 0.13673660543405602
0 0.08034884240672002 0.12330948839735857 0.1596906618368121 0.20530410012835978
0 0.29477578795626047 0.8290733021959753 0.1851259465524919 0.1489975750613248
0 0.5534829645295718 0.832357349616824 0.20258225898980753 0.18593712903964524
0 0.6904094636564253 0.6820216496206307 0.21024318306461226 0.34965062797850605
0 0.47553250873906955 0.2950824018032823 0.175120761736517 0.2637522892526345
0 0.9452928852390607 0.3195431409408806 0.10941422952187861 0.3352479942939975