0 0.1213758786781654 0.36374009618646846 0.2427517573563308 0.37171096160370615
0 0.4621567794093401 0.0895605021554163 0.2583787488736275 0.15544875191498436
0 0.7532752173738951 0.211664479673409 0.2691613439011014 0.3022512556144639
0 0.87380636431881 0.8574100732767662 0.1375987458318331 0.1368284671203034
0 0.5473321320858837 0.24419268783014322 0.3183687732079825 0.2727640829205378
0 0.23156509499887284 0.16576239466269957 0.28201723322554695 0.264293382097518
0 0.6889508862826514 0.07701856064634006 0.1990213043577741 0.11256870752122974
0 0.8043579439017743 0.05095783120128723 0.1893610352733744 0.05222072120277962
0 0.6200025980120665 0.46940255841360334 0.33774237613268127 0.3358516920225624
0 0.17013446329489623 0.7281212112207093 0.19160568715952248 0.2251297559648386
0 0.9506763764859876 0.8023200344648533 0.04242439192713148 0.15750916236148144
0 0.9372511439031205 0.6887096840533433 0.07750259198567924 0.13472986318450106
0 0.3634236393690297 0.38581735864170735 0.3921941791159279 0.37616000194760674