0 0.2602789611657441 0.1269685169288462 0.39075023002379594 0.2539370338576924
0 0.5199943058135895 0.3632417507426648 0.37476377343657863 0.3027603899082614
0 0.2839542862176685 0.6366313036320518 0.3433621534885675 0.4003569797726489
0 0.1364045143022218 0.34238407967799167 0.2459141009338627 0.33927030218247817
0 0.1237793637073871 0.5768789449720088 0.17998522164243963 0.21643441774829023
0 0.8578703969934949 0.19723961009173857 0.2842592060130102 0.39447922018347714
0 0.1162645853498267 0.780694805480983 0.13940548364026692 0.251110389038034
0 0.6373690908828435 0.9177047758277789 0.1439615959674874 0.07710178481851834
0 0.8878209523222739 0.6725157382722239 0.2243580953554523 0.3365657027480051
0 0.8813594754982282 0.8963583831646028 0.1752115959674874 0.07983580555370323
0 0.7029464301613342 0.575788716812252 0.3164661058851068 0.35738850228404506
0 0.4983338604711991 0.5549931584857558 0.2375094360368061 0.21907799449017062
0 0.43938029307789306 0.7149382816642458 0.21671528714189656 0.22920444167350376
0 0.57582767065426 0.7985335032257844 0.2513776930833894 0.24657184861908787
0 0.5405621447193627 0.15586534299957366 0.29990835607146554 0.2914331096935892
0 0.6986106310140449 0.20250170245712382 0.19445883854818674 0.18425273660569766