0 0.5406809141616529 0.8720381861466644 0.286535263331519 0.2361991999103698
0 0.9217971476277355 0.5342165854609353 0.15640570474452914 0.2090132232980302
0 0.8323904928240774 0.20705795054601708 0.24530557357717123 0.23020244635254566
0 0.16520192372954964 0.5745927886393147 0.26373600702884276 0.28350673041367824
0 0.8495930763061765 0.8473903096015476 0.24734511459205394 0.22546469882427297
0 0.7915652291841083 0.4154324220931448 0.21722389275952927 0.2077984383943157
0 0.43248280882190004 0.4933367484828928 0.19063529524832568 0.17344514444627443
0 0.7339031066092799 0.0812134095664519 0.40530621321855975 0.1624268191329038
0 0.29410453082294047 0.8768036798833179 0.27007264539355896 0.24051727876212545
0 0.9213858849381253 0.3476387294201804 0.1572282301237493 0.17521948758534506
0 0.9433331404482401 0.7028134295643453 0.11333371910351968 0.20420553099033784
0 0.556349772429595 0.26809113273300533 0.3425164723973211 0.2786033696729835
0 0.21838995308586667 0.22733268784154786 0.30675135972742057 0.34472200073054415
0 0.7757802662147493 0.6363285996922313 0.25579585828937795 0.273681511460035
0 0.4567973380311372 0.6552466399704107 0.2101945068674724 0.20999245020990343
0 0.6027542984471516 0.4353811365903629 0.22072065433026494 0.22229146009681217
0 0.32061572519986636 0.6543908276999205 0.18943479157967916 0.2525622331849391
0 0.7059446275344375 0.8274785900488373 0.15883883753988107 0.16532432385228246
0 0.9863484931468179 0.8206846977090178 0.027303013706364034 0.19956345189506747
0 0.43697289307512466 0.051594250056018955 0.20086886307332627 0.10318850011203791
0 0.08304879700910894 0.3806377809245995 0.1201951465088609 0.1618013612277241