0 0.4794791835186047 0.5551556446602506 0.10923598565342593 0.09827819959110684
0 0.8874222881677638 0.33231422791549764 0.1803740595162226 0.22534167180623044
0 0.2960439527126623 0.8140349273930212 0.2043006359251735 0.21726674180083533
0 0.7941847044998654 0.8981534012692743 0.24027441438573297 0.20369319746145137
0 0.8827807394237092 0.524467874762191 0.2261590215688097 0.23788392018059504
0 0.3543147240855952 0.14779872822784543 0.26204888618223643 0.2257715251725026
0 0.6903594778558784 0.7286444371894274 0.22655061952209637 0.2715377663344415
0 0.928521218356788 0.8317123451742081 0.1276852431082504 0.23877959474117624
0 0.9603874286344094 0.6773879134366949 0.06635835283748183 0.12915922744697175
0 0.1252161916711945 0.9129062378396798 0.15831987489594296 0.17418752432064039
0 0.2801557517260172 0.5255429483204141 0.31608032414433374 0.3277182176221719
0 0.07239425537384665 0.26431377117585275 0.1447885107476933 0.21131985004401324
0 0.16920458459825255 0.13713915080784894 0.24485833643440452 0.1934432069455099