0 0.6874032764413229 0.41765708880597746 0.36523635618927347 0.324087293277271
0 0.30325506500688737 0.7485129836931724 0.15340415338528857 0.14265204797799613
0 0.5345636148939091 0.6548616812230255 0.38108176132145744 0.4298984795499462
0 0.7276571960020746 0.9383189336723151 0.22914988485327742 0.12336213265536983
0 0.6954970305298459 0.17119293219767268 0.24043297716395393 0.2080313898375453
0 0.382383383448301 0.04431192712658253 0.21600246387262878 0.08535132498450268
0 0.3157382950997408 0.1389212135920431 0.27393975431895556 0.17699116735476725
0 0.12676661328088074 0.15585921665633512 0.2313571100324432 0.24401915630616366
0 0.2904497470711005 0.40452523584032096 0.2936608857899285 0.24197892451550213
0 0.8581249135098213 0.27074357142021555 0.24043297716395393 0.2080313898375453
0 0.8172850983466862 0.57954689859865 0.24921430956560953 0.2273041145717589
0 0.15919475220030035 0.8652875205650612 0.3183895044006007 0.22576734882243016
0 0.7819885188515491 0.7909804713785007 0.25745612448339183 0.2105331321660951
0 0.09137142574927905 0.557182650422217 0.1827428514985581 0.23192999969785896
0 0.365731082483301 0.9096607782365116 0.20241304243111485 0.18067844352697685
0 0.5210469344874858 0.3048573254016511 0.2544144503583313 0.23213977721508083
0 0.5443736368231452 0.18113616690155554 0.1296110713330119 0.11608387377535521
0 0.6343975582422784 0.8754988775228736 0.23719507879637902 0.22723418873268494
0 0.5145487421574129 0.9000539889153332 0.1441812172549333 0.14740379961442932
0 0.8284952512561892 0.6926465417558452 0.20751526946866233 0.12855062991465943
0 0.8821393925246964 0.43321995690596027 0.1854878088668517 0.24134959196383632