0 0.5090733128702775 0.3430747423196461 0.12877443899034885 0.1237223910409391
0 0.48756372619104726 0.25147833333564573 0.09702095590755196 0.07899766812959125
0 0.8187935385349616 0.5030225889203388 0.18252616412867 0.20070476235836815
0 0.3336098975419532 0.7661352739087834 0.17483911386671241 0.1595034949409566
0 0.7550611179797188 0.19332161227056405 0.3784404677324457 0.3131389826284827
0 0.45550171693678254 0.09273240981187612 0.2042726646427959 0.18546481962375225
0 0.14037410052391558 0.07523703505824657 0.28041254565929985 0.14760285296042994
0 0.5627847652156603 0.6183677934746877 0.19222546259118764 0.20836414455594263
0 0.4080295446922342 0.5474082932512643 0.3283233251725854 0.3420378030142936
0 0.3148932287739135 0.39781665489745294 0.15049296822209707 0.1319415779085587
0 0.15772101852076653 0.42918855761350466 0.3097358954365011 0.39643057708068297
0 0.7927246328281814 0.04053595151910049 0.21525695796405514 0.08107190303820098
0 0.6376765559051045 0.043223013935316766 0.13593003488713212 0.08644602787063353
0 0.9289500503109066 0.35839332856584283 0.13903316310041858 0.1794586963154367