0 0.46136684558358626 0.6745899388540191 0.2975275074642037 0.2764163560009567
0 0.07754504997559632 0.1940340849527993 0.11855161803297123 0.23480575697985395
0 0.4058608136245239 0.08121366763210869 0.18191393494135555 0.12574521440571823
0 0.07172247059989742 0.714268619388617 0.10012975596483854 0.18815262339261862
0 0.12318769438578828 0.8827941578067173 0.19130802149612822 0.18866523869035762
0 0.7515645064783245 0.7754555215767668 0.16827688984685152 0.21611131158771357
0 0.6344322800440779 0.3752044042661676 0.4943681842732286 0.4174246958990305
0 0.5775298846685536 0.9258404005879529 0.16478176964638835 0.14831919882409422
0 0.8808417780191509 0.8952193154396814 0.2383164439616983 0.2095613691206372
0 0.22665601800445823 0.2734880402789267 0.23354704704211052 0.29907844513151066
0 0.20596383414684874 0.05877568806478027 0.2388507452167744 0.10747079329821724
0 0.10892862528936538 0.40577070436313545 0.1968712112207093 0.21057987026473246
0 0.27666753719052944 0.812567760896979 0.17641181404014306 0.2429736435646606
0 0.4508204671082275 0.819112578544993 0.1253968454530971 0.15603886628244995
0 0.9399916198500887 0.3826581529556696 0.1200167602998225 0.24059350595170456
0 0.915132813481959 0.5841030558171123 0.16973437303608208 0.19347293099804994
0 0.1499542900913929 0.5844835140465844 0.164056806641184 0.23265821847487717
0 0.4023848920675127 0.9321833763793305 0.16145453776078939 0.135633247241339
0 0.6687194859680756 0.12051301151246491 0.19510838391463553 0.1600991010339632
0 0.9521024538543725 0.7456389221864388 0.09579509229125503 0.12889651811574346