0 0.4589189953661436 0.6006104436765682 0.2173476759007415 0.2306929456894197
0 0.3644678333165144 0.715914944442562 0.14569973265177644 0.15382327851209035
0 0.36051092227331527 0.834081154689468 0.1472635302363439 0.13948414574644538
0 0.3484047083671371 0.1299488248002829 0.14359961122857984 0.11776558620439811
0 0.8900056962682558 0.07852940263191857 0.17424216176728072 0.15705880526383714
0 0.2083793068018234 0.9309256508474234 0.2381896597978584 0.1354624852673265
0 0.6861750479177047 0.6769802244987158 0.2080123074751165 0.23516486136738352
0 0.10196418209135652 0.09640184908733195 0.20028815371583908 0.14373476336379765
0 0.6426195545644215 0.08851492782752635 0.41023910912884304 0.1770298556550527
0 0.8679736435646606 0.5673877050275146 0.2640527128706788 0.5315400259616015
0 0.4833396752274485 0.9165063525137573 0.25076892294660824 0.14549759066987142
0 0.14782131946540217 0.3874618268904546 0.2712812304217247 0.3741148077575523
0 0.16757431511389448 0.705929470196354 0.25830565152922563 0.31608672343551636
0 0.31311369585559223 0.5165788691940376 0.17393843703663087 0.226778104701796
0 0.4400749307591394 0.42181770976604216 0.18600508488764197 0.14563494457305134
0 0.29195949768307183 0.29812267374504986 0.1637867285826174 0.17604550299873042