0 0.2521712123250019 0.8856477958674139 0.20972988356426095 0.22590728002741128
0 0.14028171714084975 0.9182124461391616 0.14023964316333437 0.16262408412083845
0 0.9026709865915042 0.7973289475714042 0.19465802681699146 0.23812230977328525
0 0.9241720266623508 0.3955509844905652 0.15165594667529858 0.27591253745776123
0 0.48169644603979417 0.12796158767077023 0.3287775074642037 0.25592317534154047
0 0.08009013052083246 0.6062858574279025 0.1229395895535031 0.21768877540027903
0 0.8493704290091393 0.05332878764140095 0.19874085801827862 0.1066575752828019
0 0.7045902441656507 0.30923797734175257 0.3471154253749045 0.30680059491748035
0 0.8558035947197257 0.16318907475643887 0.19438342090943087 0.199297144640838
0 0.48477950453071794 0.350272873782031 0.19033122601862745 0.22087581746069815
0 0.140918855500412 0.3855367528032176 0.2637057729954934 0.2577726482397187
0 0.061065341195433304 0.13035229024874162 0.11894080440844733 0.17198772719482447
0 0.29839370486079814 0.6253890717573445 0.3630494971317588 0.3502376533809768
0 0.6802541994867661 0.5764564983719621 0.24671096160370626 0.2527691569553831
0 0.9269994231421677 0.6107092009009847 0.14600115371566466 0.24469050874013887
0 0.46928813079388665 0.9396347507100027 0.20338066201110677 0.11289853951426455
0 0.7984891376346616 0.9321969157935013 0.1710393879644895 0.08128491284335564
0 0.6823450933955476 0.05541180611321865 0.16757480217571066 0.1108236122264373
0 0.7143773975841097 0.7961007373427317 0.15365539019722618 0.13394575796895006
0 0.5726305891258081 0.6967475476179056 0.2180021616607321 0.18755762669538328
0 0.3206464128097228 0.33294415175293895 0.14887823230121824 0.2035733825833558
0 0.23740081920636552 0.18721860304559582 0.20961540499514447 0.15381986669440428