0 0.8920009897575386 0.6090861207482297 0.21599802048492286 0.2585840284700471
0 0.6298740239964473 0.1371323183024055 0.1990481147855479 0.15243716408458083
0 0.2938251759139223 0.14808494068233224 0.21302579937852512 0.2199546528457373
0 0.5378288543750298 0.8903340147339643 0.2709978861885108 0.21933197053207137
0 0.9088029844488121 0.30067442182196646 0.18239403110237562 0.2220228246740408
0 0.4911946159934022 0.2428297970746054 0.19542948372798735 0.19321863011857976
0 0.5032030074906395 0.6142450074891825 0.1611461345593657 0.17099658466426468
0 0.11638233976874236 0.201449358141101 0.2154481430046251 0.3857780781704291
0 0.8716870877231659 0.8550817382558785 0.25662582455366806 0.2402344043438272
0 0.4471945781309311 0.09309900723971214 0.16532432385228246 0.14944588786103502
0 0.8051099864992483 0.1317818849845206 0.19479998071321183 0.1715840147339644
0 0.30571940150590343 0.4330036488491408 0.2589529317656971 0.31205607392436197
0 0.20688395263533102 0.7520289423064249 0.3297393655721112 0.26764177572207015
0 0.7035595530581064 0.3162127734717665 0.2563649749271754 0.22311376623205442
0 0.6671191870184047 0.632723239256295 0.20002734169742126 0.18609101023842703
0 0.4762875612598511 0.4323769892575625 0.20992250543048385 0.1958742320165829
0 0.6421549684300337 0.7656331893064426 0.24252717989303735 0.16040396977859026
0 0.8776249517830296 0.43577842157249597 0.15783300627306573 0.13970462537357192
0 0.9161101913433528 0.09651533590781465 0.16777961731329435 0.1303409965023443
0 0.06467955945292965 0.48886191433531867 0.1064172312562602 0.18926229020909893
0 0.3311901404865984 0.936498748438275 0.15267559006827602 0.12700250312345018