0 0.4843138719377761 0.7160764525352568 0.26483551941826494 0.26800589577895334
0 0.7134486491267753 0.6949494081693383 0.32796502243304054 0.29109521481079087
0 0.34312931370241995 0.732034138559776 0.15923190186145605 0.1886769628239319
0 0.6313722011085043 0.04356104073920993 0.16033252085991434 0.06138501695064115
0 0.39818944343036916 0.9003832747832268 0.21034217410700082 0.19923345043354657
0 0.4174628432511085 0.36813220189252177 0.27629519195213964 0.24905487724957295
0 0.6117233537370846 0.5121711653885155 0.209337223541545 0.25950750409102585
0 0.8161001335853068 0.2258657172057699 0.1979474957870895 0.2808623687742523
0 0.42729369785021404 0.15427381941063073 0.20327052520430136 0.21612637304123944
0 0.1311711834874414 0.7415336031384083 0.2533316257585536 0.20287824906399593
0 0.25621179152261353 0.536370442774466 0.17209046998372093 0.21780286737147436
0 0.28665944911408714 0.23398937865235064 0.21769360212737843 0.21646207388290614
0 0.6604133049113273 0.3268801909904386 0.2079383279531548 0.21143058101410275
0 0.8499010954793209 0.46960533112895375 0.27382140101887403 0.24659508095544888
0 0.6241160095021978 0.9058359011126871 0.24131239498932297 0.1883281977746258
0 0.891874325274493 0.8458362342150648 0.17456426091698665 0.22026266366559846
0 0.2362096071634318 0.8889774856789531 0.19407480926543386 0.22204502864209383
0 0.13770018109117202 0.48527221212254285 0.27540036218234404 0.4032367319373934
0 0.09648145948802536 0.15491021145048084 0.19296291897605072 0.18962811520865402
0 0.2553358912440031 0.11178387084909208 0.2042055309903379 0.165701553950748