0 0.716409138559776 0.3312101972420385 0.29405655248931645 0.25381992746569676
0 0.4803047089064107 0.5263005214121704 0.30009514788311986 0.3069284647183302
0 0.7734900144652249 0.5090355182323018 0.1990196992629276 0.19416498950088368
0 0.9331439285707267 0.5084657717802139 0.13371214285854657 0.20623688680977145
0 0.6572971368637291 0.6347698921580556 0.21103893003215837 0.19472479417092878
0 0.9205816962814105 0.7461962858731367 0.1588366074371789 0.25761334351261284
0 0.8125839252104167 0.11525277088652082 0.3748321495791667 0.23050554177304164
0 0.21514523570827995 0.050507102500597686 0.3293289329550214 0.10101420500119537
0 0.5338377755994664 0.8101749755066869 0.27600073620438054 0.3034050092243938
0 0.11232444163317369 0.7419717738758749 0.1958905111635686 0.2660564522482503
0 0.19661685804813056 0.22787795190012974 0.25363876899615406 0.2711473608183128
0 0.1448832402954064 0.48657462970096144 0.2734290396297011 0.29608150982884635
0 0.9416672805116454 0.3156542552694811 0.11666543897670924 0.21484462301907492
0 0.5101239605731306 0.25659226124818907 0.1877837704575856 0.22725903098468486
0 0.2867731480859516 0.8445434901711535 0.23054944996431637 0.20763971241223173
0 0.8137999174340285 0.6900484119144743 0.12578531184198738 0.14272923840369026
0 0.7821053311289538 0.8274891531499127 0.15971890869722216 0.1563159222490473
0 0.738418484185738 0.9149529493576224 0.3052904714165599 0.1174724623005201
0 0.9417393096767103 0.9139057119723224 0.1053795896653846 0.09135278170084914