0 0.6597575703415176 0.5092420469156409 0.13538430756199288 0.14221053968969655
0 0.7547094934184406 0.5053730525315202 0.08761110921571949 0.10429181210862969
0 0.4357657563282801 0.7798053024869364 0.21566757876218426 0.20303722257926674
0 0.28109589448421435 0.25480161064695345 0.17410215367240084 0.18935285498649015
0 0.7547654000449746 0.7752404917242335 0.347340550234633 0.40505006844037356
0 0.9069015018173883 0.508034042177979 0.1861969963652235 0.22736953179247157
0 0.9578389797193623 0.19303633694266062 0.08432204056127546 0.3089125828602961
0 0.37773752581967884 0.5074809523844775 0.22584299575708797 0.21304440409430908
0 0.48054399963077477 0.36956182649995145 0.37112270412422504 0.3604544329913556
0 0.648066894419057 0.3085208930694871 0.1462597650312953 0.16423695197396976
0 0.6505655747364636 0.1617596974558621 0.4261311494729271 0.3235193949117242
0 0.9228516919384672 0.8523717375274658 0.1542966161230656 0.23002234115204592
0 0.9382263114248202 0.6998030137486418 0.12354737715035978 0.14991182427580713
0 0.5541831327184702 0.9099150227562561 0.19081277719533427 0.14686721801657507