0 0.8625317638100048 0.5718103138630551 0.2749364723799903 0.3376503518278447
0 0.24999840946413343 0.4612164838497448 0.2532359573255513 0.28357667519309765
0 0.5841494997662047 0.30641523620943406 0.6140154885594039 0.5486662500754578
0 0.13558218171939768 0.8625924598532975 0.12347971232502462 0.11647800820174471
0 0.6196589051294659 0.7013454532343985 0.3603598625573356 0.2506664979592832
0 0.9605612571813863 0.7500539018808949 0.07887748563722742 0.26000932963831885
0 0.8394560542659606 0.89897053931384 0.3210878914680789 0.20205892137232012
0 0.17385195129600015 0.23803423909273283 0.3451858905328979 0.3895300166470041
0 0.12681697372904066 0.5200793553199303 0.23069205980848226 0.2516971721783221
0 0.8648214440585947 0.12964251111420183 0.17818289197454745 0.18051679334897391
0 0.8114251046551245 0.0692444675874516 0.23823482469486434 0.09820074222926577