0 0.5566986284177766 0.5090683604732184 0.36145325537446493 0.3912820790259253
0 0.8204572299363682 0.5093658436170924 0.3222922691187314 0.36387866889031284
0 0.8850221914651103 0.13257712462927182 0.12581361369945135 0.12130269673034165
0 0.6023701148049869 0.9360550761982902 0.2332615191747503 0.12788984760341948
0 0.557915435876289 0.798100894149714 0.22236140487623174 0.2256586050897433
0 0.30693057331895346 0.5363698861019225 0.2222215153173926 0.220850912782051
0 0.9421698253036512 0.8328019265578329 0.11566034939269744 0.2112965508592589
0 0.06773299662967179 0.2265167329805554 0.13224853340604614 0.34245654288418775
0 0.22194173619971463 0.21123552816666624 0.3056052356006473 0.36721419618675155
0 0.8512859707239847 0.9243123526429836 0.22653959416914823 0.15137529471403283
0 0.9510986239516321 0.6811040875815509 0.09780275209673579 0.16373069035028465
0 0.9806406125013166 0.9496641571816229 0.03871877499736671 0.10067168563675412
0 0.49780237509374786 0.17422817392927256 0.312912442495188 0.2887285102591163
0 0.7288992191971578 0.16447494323276216 0.25106766916354645 0.22337462422991405
0 0.40535964735873165 0.9303020821432333 0.2667055309903379 0.13939583571353337
0 0.18282901617941358 0.9156697859784187 0.2165744856566662 0.16866042804316259
0 0.08271404125223823 0.7001795799319088 0.09442372414061226 0.11376098368746422
0 0.10581186135920088 0.5463481367361109 0.15577888401631726 0.16228794663974327
0 0.8571721714672168 0.782322247372648 0.12679284061132443 0.15495654288418784
0 0.7295713528019037 0.7232040867113234 0.16835767302090415 0.18257026230712206
0 0.7455774359980463 0.8612748639171639 0.22535053291901674 0.16357922366438707
0 0.39121071390787027 0.7547433994783468 0.2331658507417479 0.26736522685441544