0 0.8915103691003559 0.08560381431341343 0.19167458435455786 0.17120762862682687
0 0.19596903400313315 0.39622718906204185 0.2810669319222217 0.2497239110871334
0 0.8131129470748569 0.25424521916125126 0.275537867759259 0.26882880244582413
0 0.7234574379041293 0.8805608535258981 0.2449798183138173 0.19388997876966513
0 0.971013819981552 0.8923526617196814 0.057972360036896035 0.12250006868041324
0 0.45351292713717906 0.23042809690605973 0.3701585262092586 0.33528514235530504
0 0.5333013306030614 0.6058118138144726 0.40345277648105365 0.24945998875862166
0 0.1095084858987889 0.15096585914151753 0.2127076931779198 0.23652982017850338
0 0.5501996268405965 0.9365504564217828 0.23803961183219352 0.11456305569274204
0 0.961129283477421 0.72768920018122 0.07774143304515792 0.24509622252656715
0 0.7189297979410255 0.038129217659359005 0.2599749804974356 0.07625843531871801
0 0.9068640371204413 0.44957733392219057 0.1862719257591174 0.24656479770081632
0 0.5718440526354699 0.07010301542381034 0.12998640020313373 0.14020603084762068
0 0.2163532341774203 0.6980147795964663 0.30480464018005643 0.27414000624183044
0 0.22586128405797548 0.889246426699314 0.16490210208091138 0.15648958915980224
0 0.8485952839852552 0.6460511625928279 0.26159643210341865 0.1917798476506688
0 0.8787169141601124 0.7839576217587856 0.2183272013341876 0.19102458041819786
0 0.6366498244769215 0.7689227815972994 0.20504611484102525 0.1763917070416569