0 0.517750973900426 0.6750072765711169 0.303332475168803 0.26386390546883665
0 0.06414978286111063 0.254117957589849 0.10390368839287706 0.2293897613335442
0 0.34963866004501415 0.08131443147045843 0.18401300601766357 0.13205234419384032
0 0.13502728282535464 0.7767810398360661 0.13094750264643842 0.182586178180509
0 0.2082677671291293 0.9246216684410468 0.23440333125512788 0.15075666311790642
0 0.8172096179952978 0.7303242620048247 0.17151213398119636 0.20819182731760139
0 0.6268442914524923 0.34770666469600536 0.5015582488222216 0.39410009885831737
0 0.6837487543690154 0.9194037735882069 0.16919873182065495 0.16119245282358627
0 0.9260326936130335 0.8658722628830422 0.14793461277393297 0.26825547423391566
0 0.21389381555890255 0.30932273185101933 0.24074203117549808 0.2876615840884542
0 0.14954843406082607 0.08034720965164045 0.24170531370997128 0.13440312559178705
0 0.12900622692713587 0.4615568136295269 0.19491966765769198 0.20195978110520763
0 0.36462401181837445 0.8412277539040285 0.18103707460327592 0.23492798268465265
0 0.5353875327347563 0.8218377904055612 0.12800317262393135 0.14893233202666287
0 0.9303552044878559 0.30434147621915686 0.13928959102428815 0.23434028733516593
0 0.9254785891396009 0.5105824993253538 0.1490428217207983 0.18532875647811353
0 0.19922664786545463 0.6344827227256361 0.17058045283860357 0.22492080116961033
0 0.5105813872987874 0.9386896526465965 0.16342993706965786 0.12262069470680687
0 0.6104559677373218 0.0919419223736761 0.19687347393618213 0.14215747493379713
0 0.9779414959039882 0.666240713832425 0.0441170081920237 0.1240123274639712