0 0.7022361185315754 0.5781717748506753 0.1948367551049378 0.22424388205824491
0 0.5707917369713621 0.3267740242634034 0.26689947318066554 0.28041515432193964
0 0.5938389415915282 0.1274999746142745 0.1995851530182781 0.1719479394011736
0 0.20467937551568807 0.28132293940117353 0.2240780861474708 0.2864985025720602
0 0.09674016224267194 0.43175994499123865 0.1670575440592172 0.296212197674785
0 0.15140970286568858 0.808599497673293 0.24437579817867322 0.36239130303889355
0 0.5816059088852744 0.7132045823050901 0.24587732900575213 0.24038382192028387
0 0.4055192962994984 0.8401184629508983 0.24794529235757123 0.23336850770125997
0 0.30948386078540413 0.5006122585189646 0.35349060125878395 0.23719468206421312
0 0.9162342285419351 0.3545151769573941 0.1675315429161296 0.23307436970357082
0 0.9112585948332295 0.15580542078005705 0.15312834955713803 0.15139275571647176
0 0.7642321161795825 0.13542228044820065 0.16973135076604307 0.14795863310638216
0 0.7560821654883578 0.3203467876736749 0.2250857345535519 0.3081331179566756
0 0.8402464280701493 0.8127441892896875 0.31950714385970147 0.3745116214206251
0 0.692897500472818 0.9379406118982849 0.22658726538063087 0.12411877620343012
0 0.3116376299503561 0.9468820955740345 0.22870789527210683 0.10623580885193107
0 0.31410704205534495 0.2399665974473365 0.12120658395308403 0.13441876364070418
0 0.09283792104014223 0.16802365291696308 0.1593915340069475 0.18303520420150113