0 0.6138925852997128 0.123908291818936 0.2912915531703445 0.247816583637872
0 0.2548026052332667 0.5118050725343033 0.2405635742397145 0.31318502131344444
0 0.1792267249623739 0.8496607320110445 0.20965394817843713 0.24224191257780675
0 0.42594518816196497 0.8705246984180348 0.21563312295198392 0.2233470261490646
0 0.049778792770536054 0.8355834796720374 0.09955758554107211 0.29037150219438684
0 0.0784994993611034 0.5857777543428793 0.1569989987222068 0.23709833746808753
0 0.8463134188318134 0.23859619806991425 0.29535761637845465 0.38284389323532597
0 0.8009415033506527 0.6661185973826741 0.15510711573955788 0.13904115543608817
0 0.36253661676179083 0.12392974327221921 0.2535393607916637 0.24785948654443843
0 0.7113650299003307 0.5492587844408084 0.22413790632365121 0.2812632557093903
0 0.06875682508447616 0.0331500219508056 0.10287096521566307 0.0663000439016112
0 0.4705450339324748 0.36155143220952823 0.19615514402135403 0.2559932238968297
0 0.5093667726524104 0.6533355236394658 0.24115115787829786 0.21015551950008687