0 0.6255080545597919 0.5544033202454135 0.12818701555147471 0.13906442495928523
0 0.7204669702206222 0.5565171913870579 0.07991430012514436 0.1037316956567972
0 0.3907966091770873 0.8106838138975783 0.20304189034826065 0.1993590015319876
0 0.2604458993900662 0.2795826054677897 0.16212056506161687 0.18831656624025744
0 0.7092712616421657 0.8137820886449443 0.3195732894936893 0.3724358227101114
0 0.8923000147171779 0.5697307371049904 0.21039328048794695 0.22364929554274526
0 0.9530193098862397 0.2580854458851535 0.09312227015863292 0.30847833952088083
0 0.3443000100632362 0.537370315364321 0.2127132156349044 0.20931016277710057
0 0.45326324896784914 0.4053304947564572 0.34815372515136206 0.3558379586702204
0 0.623070046841558 0.35355625016311154 0.1355244205233464 0.16095087281619685
0 0.634838345945272 0.19047246041001747 0.40340023118637913 0.3505571358296199
0 0.8818866741812005 0.8993609366811526 0.1551467744529299 0.20127812663769482
0 0.9080151169528248 0.7614241154377842 0.13784435567030384 0.1466117400505519
0 0.5017992785172123 0.9375496311563369 0.18350344742556585 0.12490073768732603