0 0.9151085352102679 0.31850961538461536 0.16978292957946414 0.27163461538461536
0 0.24205007710764875 0.7199519230769231 0.281368077632962 0.2644230769230769
0 0.6847825357071875 0.2764423076923077 0.24944101456682907 0.21634615384615385
0 0.416522621361843 0.27283653846153844 0.23230600056790812 0.21153846153846154
0 0.09852172447965538 0.2620192307692308 0.18040653917142357 0.2644230769230769
0 0.9434404433370258 0.8401442307692307 0.1131191133259484 0.1466346153846154
0 0.835350397421702 0.8629807692307693 0.13199292696709009 0.1466346153846154
0 0.7196129514013138 0.7824519230769231 0.18345885018599042 0.19951923076923078
0 0.9605745361331187 0.9314903846153846 0.07885092773376265 0.12259615384615384
0 0.7301512065195789 0.08413461538461539 0.19301335357923768 0.16105769230769232
0 0.4058164618224156 0.10576923076923077 0.19030141650339366 0.15625
0 0.2463116808217629 0.2800480769230769 0.18136309495414202 0.20432692307692307
0 0.5802258423062738 0.5204326923076923 0.1619173990402367 0.16346153846153846
0 0.12135089331856938 0.6370192307692307 0.17143961941675945 0.19951923076923078
0 0.908555154698016 0.7235576923076923 0.1828896906039681 0.1778846153846154
0 0.9227024237158197 0.5492788461538461 0.15459515256836062 0.1466346153846154
0 0.3829098301104594 0.5360576923076923 0.2852514971746606 0.25
0 0.2249422590510268 0.11538461538461539 0.15991480804725025 0.13221153846153846
0 0.4003151247976853 0.9014423076923077 0.22176634318652974 0.1971153846153846
0 0.2690744412215714 0.8978365384615384 0.14037594789448307 0.12740384615384615
0 0.6787600234829795 0.9326923076923077 0.2850688535082492 0.1346153846153846