0 0.715557173333269 0.7416578909340488 0.26224292372240454 0.3080839627130055
0 0.4830905170879957 0.511257324492344 0.315491844245983 0.31720858835602045
0 0.5495110555566795 0.8045509345173267 0.19985051197416143 0.20982080513516785
0 0.5764115834892443 0.945667486954028 0.21026623236864375 0.10866502609194402
0 0.4072452630230687 0.692600838474967 0.20076127482156933 0.22184003590439869
0 0.33972381362013887 0.9361751888139016 0.2605648490299314 0.1276496223721969
0 0.9122100794835668 0.8167422086394031 0.17557984103286645 0.3665155827211938
0 0.9254807692307693 0.23250769583878425 0.14903846153846154 0.32608862797718235
0 0.21311462561228398 0.5740280750646953 0.3112664723973211 0.29297390257504424
0 0.20788031759009037 0.14239042308438332 0.2726945068674724 0.22532291702599275
0 0.7306809933010432 0.2161229715888093 0.27837709927198684 0.2687883720377382
0 0.4645274669678913 0.1717017664506572 0.30405493393578265 0.2923852298475002
0 0.7707588168118196 0.9516154599179729 0.2196994644145468 0.09676908016405424
0 0.7545429799031296 0.5310268177426555 0.23259359528059995 0.20054871376114256
0 0.13831790776400105 0.32783026690406225 0.21423772614665268 0.24205192634774136
0 0.37987709992461344 0.8516227538580903 0.14630901181279107 0.13378093566948998
0 0.23806810822298322 0.824518635670982 0.1608783785547639 0.16841590303590964
0 0.1323347402043381 0.7848309932428512 0.15275891606237083 0.31348072448040765
0 0.16207656433916018 0.9663215762243188 0.1254747322072734 0.06735684755136234