0 0.4661171457585213 0.5087426654085073 0.10887516459421785 0.09201987798676606
0 0.8889231905678951 0.26350411403556506 0.1803800647735148 0.21417063950282006
0 0.2669374702084297 0.7798933029826487 0.20408274968224768 0.20525470268163068
0 0.7619733272529049 0.8387320413351177 0.23980466536021167 0.19668848975753844
0 0.8738361685135829 0.45485468999430256 0.22630497416888756 0.22271112877332927
0 0.3647931767437803 0.109455784051413 0.2618590015319875 0.20933722354154494
0 0.6681737470459677 0.6709616727579506 0.22516029037652283 0.25869887630160204
0 0.9075624702084296 0.7612530192673492 0.13769844310630822 0.2297385565501922
0 0.9431088894433083 0.6029267864476824 0.07399269049057502 0.1246245524493197
0 0.08858733241912736 0.9015508379521014 0.1556700499755963 0.19424042247785586
0 0.26859730756181843 0.4916765712490784 0.3157814812174723 0.3093637562170468
0 0.07320282912319127 0.24058520098674702 0.14640565824638255 0.20152190571881368
0 0.1799068832912067 0.10883191668209984 0.24642859471972559 0.18007140101887403