0 0.14280142357839878 0.7188520191519662 0.28560284715679757 0.3114002742239954
0 0.8128180482035595 0.2191448208984746 0.163868964784112 0.16855907488629607
0 0.5278248582709059 0.5842957507819815 0.2372431281202814 0.24403328752195108
0 0.1700768337923857 0.17114725392894142 0.2896540247229209 0.34229450785788285
0 0.8177914716597579 0.8974476328219498 0.18972384240672005 0.1361367990065492
0 0.20581710165106754 0.3867260727248179 0.1784179195792674 0.17644237895188858
0 0.8214358466578567 0.6198593825197237 0.22927632242627227 0.20042817395069326
0 0.016269909468110452 0.836676755742299 0.032539818936220904 0.17280033466924805
0 0.47222716158987654 0.20778445632181206 0.43054567682024686 0.4155689126436241
0 0.34806424138946784 0.837661206656947 0.3198550424556001 0.29832072850902674
0 0.8947917601174941 0.3390242651312362 0.17078678821080034 0.1520680346114001
0 0.08044219780364628 0.5874275211558384 0.16088439560729256 0.3443757269190924
0 0.5896988224338766 0.8924589215528059 0.24796162087803447 0.17007386142276515
0 0.8973871528482722 0.12153216867516368 0.17352630869018965 0.17141076477617825