0 0.7302324904105174 0.8697047167911691 0.3689158582855478 0.26059056641766176
0 0.4733634517260067 0.6065241709801874 0.35557221306238446 0.24296534604180828
0 0.7128640661888915 0.32916535497409705 0.3071024447682664 0.3542674405665092
0 0.8568750253857255 0.6164784402206761 0.21482432495320908 0.31081409911260277
0 0.8845184626906247 0.3811463238717213 0.1877937412655234 0.1853244856566662
0 0.1276256398486104 0.7989126473392927 0.2552512796972208 0.37186375621704687
0 0.9098072090853478 0.17466036136892032 0.17410640606883512 0.22329641066226813
0 0.3600374055930492 0.046619354000038235 0.13569441958313236 0.07589240270403813
0 0.1023967505798117 0.3073039983148359 0.2047935011596234 0.30189816229141325
0 0.11106768204929264 0.056241964796751844 0.16248002051679933 0.11024569665207937
0 0.29273090348185427 0.3988656221447107 0.2845358634147477 0.3128424977157685
0 0.49737674054438435 0.41566320847738647 0.2188475170230086 0.1838299216352737
0 0.5574968769141246 0.2547675162914515 0.19618262518214977 0.19995739691800168
0 0.4218510174764136 0.1749196204595466 0.23042514406353995 0.20814816229141322
0 0.4503804393638723 0.8142820013393309 0.27683396271300553 0.24786870678250275
0 0.2924623349364147 0.7711341626566853 0.18043513380514029 0.15393459609782723