0 0.39610950049640603 0.47907014454056956 0.2033794855129712 0.2351055898829601
0 0.7411906549687708 0.2354988732371579 0.15189169330557398 0.17388332293388858
0 0.2925817382558785 0.865619722015157 0.2715263636345201 0.26876055596968595
0 0.8337025440160578 0.8768690579983253 0.3325949119678843 0.24626188400334953
0 0.5068725106126326 0.2911411146543117 0.2657955669315857 0.23466832332173707
0 0.5852425593100633 0.8608356197994801 0.24424487012835583 0.23796317594795915
0 0.163868341029563 0.6537027705731079 0.2890246353625284 0.3275273168493611
0 0.0701819037201512 0.1693700738808132 0.13818192432427523 0.2137401477616264
0 0.2712177522465013 0.20143471041274377 0.32474665334467817 0.3108179470877089
0 0.5014266158835562 0.11669417520252444 0.21439169330557398 0.17825374868035795
0 0.927314811436899 0.6522882110247787 0.14537037712620204 0.21508489414515544
0 0.7431174288172778 0.6209799943335834 0.33330088910838723 0.3882453039046091
0 0.8552535526965621 0.16784619769217837 0.18588121378496297 0.19546739833583363
0 0.39996975524014644 0.7002239906944158 0.12258398726179902 0.14542389566628727
0 0.44037023413454673 0.9322967844723501 0.2551312000488802 0.13540643105529973
0 0.8016163998482899 0.32735754365210024 0.1729388786204897 0.1417423164615126
0 0.8620841040185018 0.4216200602208887 0.1730227972018755 0.1465500087692049
0 0.0817781880590905 0.4210762768515597 0.1522273676311167 0.19311409216465783
0 0.172689852645147 0.3337978688222932 0.08564514984955726 0.09242172696640116