0 0.1981589517754324 0.7138044454307368 0.1922616536227306 0.16354663222306287
0 0.4840324893432778 0.10125438541599749 0.27712732900575215 0.20250877083199498
0 0.08923528758776832 0.22073335855710047 0.1687829967543141 0.17430606060568216
0 0.6057230139353168 0.2524158577755214 0.2824948259834895 0.2474088438917877
0 0.46172924413300365 0.4865712225596771 0.10622370235996201 0.11827193925453781
0 0.5819775322923159 0.47907028754969616 0.18354195647941815 0.18227348049918746
0 0.6877732744803274 0.0742051751737734 0.22155565120492046 0.1484103503475468
0 0.08121525720753597 0.8924193881991087 0.16243051441507195 0.16164670702386139
0 0.2387344922737517 0.8723425329652059 0.25918079658873894 0.21021732943614507
0 0.7058743144400115 0.6764053073809251 0.15849584653487542 0.15937906272796043
0 0.04838960838751698 0.3511658412484565 0.09353270598667715 0.10321896113815508
0 0.8688683037503805 0.5491632171332348 0.17605382961020466 0.22744263646761986
0 0.05990832888105479 0.7148446126015042 0.11981665776210958 0.19050308248929929
0 0.18196124769390154 0.06504004801179149 0.2033851969198892 0.13008009602358298
0 0.10187030349404866 0.5314015342868715 0.20374060698809732 0.23527385450317995
0 0.9040205449529103 0.2835433279428768 0.17135809823652137 0.2295945221441437
0 0.26745247184706317 0.25575599450366754 0.22893844499482002 0.23021420171816526
0 0.4783617143901325 0.9017488266720673 0.24218261818345474 0.15417298646571653