0 0.6013302175243317 0.6756357662461766 0.33844219287076693 0.3838072499554161
0 0.33113359698622086 0.4784163507451385 0.2559282277334247 0.3131692840006325
0 0.9292001077216769 0.6086728877429814 0.141599784556646 0.28241721041208917
0 0.03858825129755173 0.11570090529386626 0.0761695364295096 0.14486334904927098
0 0.10546491492433326 0.3911330982156376 0.2041048369485303 0.19572773489281362
0 0.7045367076947552 0.04672796905377955 0.16388110769720263 0.042718239601874805
0 0.47596238052685247 0.12271035653598818 0.23077091489985882 0.21603594559764186
0 0.6489159590290186 0.428894623046303 0.15837581746069807 0.18905900731174688
0 0.1763487210497891 0.18498593419091292 0.22593525130978895 0.2134362009939668
0 0.8624289221710435 0.9091190514177654 0.24497022156391507 0.1817618971644692
0 0.04268436003524313 0.26123154682647304 0.08111708514908995 0.15707847826833066
0 0.15882925243593815 0.9455441068733113 0.21522898668167764 0.10891178625337752
0 0.2817674687239857 0.055931213161144314 0.188283195906573 0.07494773185101929
0 0.09455223393964605 0.6922280951738433 0.17472891286782996 0.3555120872766181