0 0.44831131088310233 0.7304551598435834 0.30219464891004083 0.23576238636167754
0 0.10041551522644974 0.27938281156416905 0.2008310304528995 0.1912343768716619
0 0.19532737486142723 0.6916545935331393 0.2882923252307175 0.3459616758223652
0 0.7386289923640784 0.3040275768034114 0.1597964326066939 0.15644762986910934
0 0.7472182239090064 0.07882980675806099 0.16477221821232746 0.15765961351612198
0 0.11043409977031711 0.1314623545212449 0.22086819954063422 0.19380606018827942
0 0.477300848002302 0.8824070623163826 0.26215325743443185 0.14382880244582397
0 0.2674603527596219 0.9304867151621198 0.3718897140216492 0.1337396990484637
0 0.8528303978874606 0.8854558179383392 0.18037194822099203 0.1760140734254213
0 0.6388858503293933 0.20252938062385775 0.18349870754927322 0.15205953046834533
0 0.5808232894084632 0.07757679945217899 0.23258419041384298 0.15515359890435798
0 0.26398749026117374 0.44796400724478186 0.315609166045471 0.22159106518275762
0 0.5879183944876106 0.4507129645397112 0.30436338843334537 0.16377287961837153
0 0.9043603503142621 0.44038762550591165 0.1378256306261963 0.1512623039451816
0 0.9285328385179247 0.30071279283867774 0.10344887129791512 0.17467137612325065
0 0.29470682044313534 0.09449372440266512 0.19328218546259895 0.1546312137849628
0 0.03756285528063732 0.4570305675577965 0.07512571056127464 0.1099773264228686
0 0.6469307385385522 0.5853344324472732 0.23140753732825525 0.15049487012835583
0 0.6929740686902515 0.7165809072228766 0.14285195621449986 0.12013818181726012
0 0.6810141745450959 0.8704480407143769 0.18613766033366103 0.2241329557930374
0 0.8905096865504889 0.707130630001449 0.131235925373752 0.19436369755164107
0 0.9099837990867647 0.5831437362702544 0.10607135073237281 0.14350529470463635
0 0.8736975569241762 0.08918922765338522 0.14056566337592466 0.15611195554356672