0 0.7163435750870762 0.7732331888067093 0.25304088066072866 0.21668349336531306
0 0.8518193748327707 0.21164309754929547 0.2798264815943956 0.2506170523429354
0 0.42184982727991627 0.19583291595258487 0.30239306294791424 0.2917062072173409
0 0.5037990179820404 0.8875934841232858 0.2710451491927397 0.22481303175342843
0 0.708223854814138 0.9490042882411872 0.2083493216823908 0.10199142351762557
0 0.18867476669601033 0.7815025836067127 0.2745280303143337 0.3033897825980406
0 0.828098240351253 0.6712663683102049 0.341247049894482 0.29696144004307495
0 0.9712271822871856 0.286470854489994 0.05754563542562881 0.2532150133427968
0 0.17945401259256694 0.1389772205356633 0.2483311021082108 0.27666776208195665
0 0.10221102985346847 0.4430769025730765 0.1518339627130054 0.24192303591538378
0 0.5426785743808578 0.5874928534005563 0.4937188405787016 0.517277831856221
0 0.30582659045975513 0.45145009131859976 0.2913549533912568 0.3035855815746836
0 0.9388238193556838 0.563597616535239 0.12235236128863228 0.21819225848307594
0 0.8712437895469769 0.9740077590216761 0.19480945221671292 0.051984481956647684
0 0.15438388603528164 0.5673644769377616 0.21222465128901422 0.18738979900111757
0 0.6748671221492243 0.13273405957740844 0.1907371049032434 0.21836008617734157
0 0.7156092219232678 0.32293160419621947 0.2607919366061411 0.25279712823776074