0 0.5801321958086755 0.6538461538461539 0.3287149231258718 0.3605769230769231
0 0.3215805619889539 0.45913461538461536 0.24622892927090725 0.2956730769230769
0 0.9210596224844791 0.5865384615384616 0.1474194954218165 0.27403846153846156
0 0.04430332615188821 0.09735576923076923 0.08860665230377641 0.13701923076923078
0 0.1005061630575883 0.375 0.2010123261151766 0.18028846153846154
0 0.7221180133305597 0.020432692307692308 0.16153320410811142 0.040865384615384616
0 0.48918185024237826 0.10336538461538461 0.2235034338735651 0.20192307692307693
0 0.6430954060985339 0.4074519230769231 0.15351218258825067 0.1778846153846154
0 0.1843540727978332 0.16706730769230768 0.21866777028349527 0.19951923076923078
0 0.8285369906478378 0.8942307692307693 0.24007861540908976 0.18028846153846154
0 0.041088312809091435 0.2439903846153846 0.08217662561818287 0.15144230769230768
0 0.12127476705189397 0.9399038461538461 0.2129370256573419 0.1201923076923077
0 0.2976433682000702 0.037259615384615384 0.18579543590559405 0.06009615384615385
0 0.07641790970965191 0.6730769230769231 0.15283581941930383 0.34615384615384615