0 0.25506143952183863 0.45364687317663344 0.2652200591705304 0.24137558188945227
0 0.36362951549234246 0.08294148894909731 0.2464898002154541 0.16588297789819462
0 0.8712395450776077 0.4866135526881046 0.2575209098447846 0.3005807292632301
0 0.8787473773619543 0.15149396760785785 0.24250524527609146 0.3029879352157157
0 0.6626317732385136 0.11650333176222777 0.2887580104332989 0.23300666352445554
0 0.15797563084404917 0.31091191031096427 0.20981963669805984 0.23510558988295996
0 0.16469973659033277 0.11871353464357769 0.18169791499561697 0.19719887129791525
0 0.1492758172648222 0.6419197663672986 0.24884097982964332 0.24981431341924895
0 0.6775754221503214 0.8003231524735528 0.3293468066410087 0.33211637587644205
0 0.418480253225763 0.6484177482622471 0.3446062766418055 0.29963918280818375
0 0.34483019850982355 0.2580531248841239 0.2952451167511264 0.32014768508988156
0 0.6594047897163379 0.33252293560356416 0.21574693834584213 0.2594802380173038
0 0.7861961646604819 0.3622436225721639 0.20154778329078318 0.26327937053734934
0 0.23051601800194124 0.8327904289675263 0.3945272412025297 0.2911499112957166
0 0.917185985555488 0.6650529879492137 0.16562802888902384 0.1656126847020329
0 0.4480674088523657 0.8694287711094874 0.12875400521664943 0.14078429665653622
0 0.8528619167102486 0.8097710037574364 0.11673477444741866 0.1399438301668305
0 0.4500561942457473 0.49789171703365065 0.21361968059967096 0.21380716109422693
0 0.10658278265342216 0.47608788841821426 0.18047297257621303 0.2737857616251099
0 0.48457625882344174 0.9283735418613884 0.15765282560246027 0.09248874029900159
0 0.9377802586329271 0.8207146614064198 0.10147530444662187 0.17242102323508873
0 0.6234690001246973 0.4930005380434277 0.14535700642555466 0.13715325743443182