0 0.6758256646489061 0.7581385701677644 0.20931979741081447 0.1798899026442517
0 0.7391138098354829 0.16847251346016792 0.2279668257211745 0.21211995930840985
0 0.3161661621582249 0.24514264746006667 0.2422261860084816 0.2512815382443472
0 0.4836246607752193 0.9128411131545637 0.21835144110578988 0.1743177736908726
0 0.6970187903584529 0.9497145847030294 0.17638970027225737 0.10057083059394117
0 0.23346943368420317 0.5261481940816423 0.23375457469302524 0.22922689857509254
0 0.899789283820332 0.49500888575947977 0.14908363546978073 0.1739858541184112
0 0.8593484097905081 0.9561727384731662 0.18063736020043072 0.08765452305366768
0 0.1525425894237622 0.8731971153846154 0.3050851788475244 0.2536057692307692
0 0.035231180371704376 0.5592905465129799 0.07046236074340875 0.23636955456442144
0 0.08445019438571008 0.24188914161695768 0.16890038877142016 0.25781674477237687
0 0.10022081035674194 0.6811973925799497 0.15659889866196897 0.13848819419023783
0 0.9319352390161444 0.21226509222235218 0.1299691657930014 0.21599501203372393
0 0.5101217535188305 0.5386433557620462 0.28703550582138987 0.28024399164449076
0 0.5472842915894247 0.12835570797619275 0.1434121860519199 0.20000813752607954
0 0.21652172475236878 0.07170497145072953 0.19195655049526247 0.12856908484420365
0 0.07865059114341433 0.057644890610527494 0.09666646145158503 0.09666646145158503
0 0.40614555471645536 0.08757330325392348 0.15391503631836329 0.13354049378766586