0 0.786142192483353 0.6900552508419522 0.2253820568190612 0.19377856869448953
0 0.5407455426214411 0.453327512784527 0.22498188892951249 0.22009489614813604
0 0.385385535277003 0.3146960929609116 0.2945858391392939 0.317120382353326
0 0.12400951613406416 0.6254255984063877 0.17078634280794036 0.2316204275820063
0 0.5641549866163769 0.9038052673690171 0.27804865688360947 0.1923894652619658
0 0.1839277756355662 0.8632071756598811 0.21095897989598436 0.19302268726252253
0 0.0983647054043009 0.41338321591328164 0.14864113246546592 0.19215104721117873
0 0.8231422521642091 0.9096003583474304 0.3537154956715817 0.1807992833051393
0 0.9196009316980335 0.4359046741794017 0.160798136603933 0.2714677486688175
0 0.24277904661282831 0.5023578488670674 0.2536100274555991 0.25032683261956257
0 0.6868129301057658 0.3113388338014481 0.26635786850275606 0.260572118428253