0 0.6598131386407992 0.5345317063055807 0.20835799662967192 0.222328600250289
0 0.5685996481721554 0.28270125203214114 0.282222000730544 0.28284430913088676
0 0.6236139662384013 0.08561503978511026 0.2092930024157083 0.17123007957022052
0 0.2069828021400665 0.23793801237217543 0.2414265608945791 0.28501040743188144
0 0.08304122256748607 0.38651576472789806 0.16608244513497214 0.2942761628518962
0 0.10091168169023935 0.7625848287105806 0.2018233633804787 0.3642534195019157
0 0.7536752819912574 0.7779347138727437 0.38287803642082163 0.3555330856266782
0 0.5049085643672258 0.6544031564932975 0.23155712081509924 0.1936222980822831
0 0.3135266291094429 0.7889074611213132 0.2770645845257543 0.27079710802602636
0 0.4092741004324948 0.060396033599022556 0.20549026067347193 0.12079206719804511
0 0.24872972267952395 0.4552063859389564 0.2276587106398605 0.22484432774665358
0 0.10852641391083896 0.11112853585045812 0.1593717914202951 0.19079889689399315
0 0.4691013144329641 0.4395036661608256 0.15316520352421256 0.14269400348144037
0 0.8950331116392956 0.2976261922862519 0.1987426120142873 0.22227265957902986
0 0.9746583113061507 0.12171188285322397 0.04760580709324048 0.1492901945591279
0 0.7987578733988644 0.13715587702678106 0.20390002821907688 0.23431986068389024
0 0.5886657096463628 0.9146890278086429 0.19225624500052668 0.16455238155109259
0 0.8414450033508893 0.9829181384818129 0.1353148324095797 0.02482163093609011
0 0.4280055754522692 0.9432632722375576 0.15458982276618563 0.10905414249540914
0 0.185099334917887 0.9074231513861442 0.2300882804472895 0.1431415288515138
0 0.3978437646428674 0.2452396530693606 0.12996607933878523 0.17140030564944636
0 0.3361352677794004 0.17710064463183736 0.1019150417198288 0.11595800726502202
0 0.8295990439943407 0.5227284442823298 0.17365497878453284 0.18607511559318957
0 0.9362554463331068 0.5329234120068791 0.09993086424249963 0.13036709902028415
0 0.23368841403259635 0.06443534303205047 0.152815479627115 0.12887068606410093
0 0.1281084975745723 0.5532474283926507 0.15323514830363208 0.14509784963528666