0 0.23036925358268864 0.1078723958150588 0.25400773793460807 0.2157447916301176
0 0.2114629545480546 0.02735753482902744 0.22581052448072464 0.05471506965805488
0 0.13230529043416198 0.7686433921825478 0.21230569476400846 0.25598244640413514
0 0.4820791677664006 0.9144800516465702 0.290412342672943 0.16751563441753076
0 0.8646336356239883 0.6007905110271632 0.2707327287520235 0.34302437398392954
0 0.5504277044748698 0.05641965742116121 0.22585540894973966 0.11283931484232242
0 0.8593095577049253 0.9375317574989392 0.18979771664204748 0.11646147330635487
0 0.6360845158802526 0.7404661223260559 0.34392135758917586 0.36008904491370414
0 0.7249655785297766 0.915471395851122 0.21810105960772957 0.16228838707539459
0 0.6667856233390421 0.5202834439801887 0.24130286259097608 0.20087579204726597
0 0.7451800372619812 0.1723892457885498 0.2885880115816992 0.29968521737562465
0 0.9585428298916866 0.17592428782509562 0.08291434021662689 0.18559961988748655
0 0.4667215901720429 0.24253512580749634 0.3879741821577223 0.37957154716513963
0 0.39190641310192337 0.6192614926774743 0.27730749014276906 0.25876389208898093
0 0.2720895417355048 0.865208999431781 0.26352517332507824 0.21542473548067612
0 0.10530800853990491 0.2831084246090691 0.1574620948811041 0.20759784963528666
0 0.044871023923847196 0.5996407414581897 0.04781977958431046 0.17091082477592842
0 0.9026359433734975 0.8206655156811049 0.17301567803413923 0.17644574580999015
0 0.17350332553256612 0.5700393885500368 0.15069541807512282 0.15949295622273388
0 0.3114612542253685 0.47426234057204064 0.21103235484012062 0.22473244640413517
0 0.7340790536991112 0.37202035790029886 0.215599264228969 0.15987055575373346
0 0.8978119976008855 0.3482258354434469 0.17698671178661676 0.2149212694393434