0 0.7060967295599782 0.7996841707441984 0.3363725017522307 0.3102839840487418
0 0.5485369964738193 0.5052890006240458 0.28500426687040287 0.3734021672583579
0 0.20513813828624905 0.6485788218899279 0.3834456596241055 0.33778334440735325
0 0.4065615757572626 0.8678530899982498 0.3286483479929535 0.21875567763310635
0 0.18340019919331946 0.8368985084525948 0.20873605649040533 0.21445574146671995
0 0.8344868787722757 0.18753018511747926 0.3245858700909795 0.37506037023495853
0 0.05160419871549863 0.8094392690693989 0.10320839743099726 0.23208300032274073
0 0.07839540506977533 0.21543397159046937 0.11374969217737754 0.14503394382642013
0 0.42843391506891987 0.08318515097006864 0.3210167852467757 0.16637030194013727
0 0.16616910934603427 0.03287002234176474 0.1724694736156238 0.06574004468352948
0 0.43208822295669963 0.2652163156607915 0.3435840402137693 0.31083044175718655
0 0.36765293974450347 0.4675409798816939 0.20745227509559727 0.2335043581280076
0 0.19725987901118608 0.4756661200071935 0.22061527916475632 0.21296265816028173
0 0.17885618250402 0.3191070284023854 0.23219077710845776 0.24734511459205408
0 0.7446960329659356 0.5478626450493826 0.2757163155265579 0.29611478519631784
0 0.7663058182344303 0.3822884206635132 0.17382213748264136 0.1902709901093625