0 0.4222809517384322 0.8857738986623521 0.3095900471478129 0.2284522026752957
0 0.14322673612097175 0.33916316182892814 0.2563585193325548 0.2926180236255823
0 0.8116224935647877 0.7834858876671306 0.3767550128704247 0.38214549059347347
0 0.17741720438570188 0.7371639214846554 0.30840647616195527 0.3349047660462338
0 0.4054235132489661 0.27515640537202685 0.28751057010764036 0.2925821608749966
0 0.8588076482588753 0.46288293714175366 0.21015081181589051 0.21722389275952927
0 0.7091446800799476 0.9347002441814348 0.2930120872766181 0.13059951163713032
0 0.5796819086856014 0.581922857658187 0.3748693296275483 0.49570858028327325
0 0.741343656916549 0.37370184393753275 0.18204336730003726 0.17435482987984724
0 0.9578755374083507 0.43760810918406 0.08424892518329859 0.27152702713285837
0 0.31165306253175523 0.5616128461609914 0.31772801310259646 0.32842183786262164
0 0.3149711728573688 0.11373298851709478 0.2260961918685837 0.19686434536128491
0 0.671444400292066 0.24618757071537636 0.20735516876238663 0.20742635557466307
0 0.8678741403330494 0.24429715833594243 0.23065492097054757 0.2499311133153819
0 0.08441818414632893 0.5132405046297233 0.13318285042379863 0.15148100925944655