0 0.9007382687551471 0.4489114411447498 0.19852346248970593 0.2858635774616772
0 0.38922060693699095 0.11382243389803959 0.2662679376437521 0.2192831384958026
0 0.7340198868160285 0.8263661774714669 0.3370863925376959 0.34726764505706625
0 0.7890131542720848 0.16771654164419095 0.2943724623903235 0.3204964184987395
0 0.28520307264957356 0.36482771593300534 0.2612130356361991 0.25285307080251596
0 0.40507807739160273 0.8298189467144733 0.19439976272822845 0.1848181251530057
0 0.9267076057017926 0.7437322360206237 0.14658478859641486 0.2665768656661527
0 0.5672966378737556 0.5686816534054512 0.45946761970071365 0.3104072062135636
0 0.333365790342734 0.7040777077314667 0.1519939235028542 0.16030415181412502
0 0.35884785744101105 0.9493102882167128 0.2614316471306474 0.1013794235665743
0 0.5887361528949094 0.3035041939234929 0.29415753570718767 0.2796590051657326
0 0.11721333459692827 0.25478056309062874 0.21440075926399232 0.19706112618125748
0 0.21642642124542283 0.6222481969470619 0.1846303326518447 0.18230239386964933
0 0.18307698120226237 0.8140244348895797 0.22432423480137484 0.2019807036184602
0 0.5749956662549338 0.07034510264160482 0.13556825558679078 0.12888632411985934