0 0.37743885579732933 0.3844720117948136 0.30205139291474387 0.29125945720867297
0 0.3501542811837074 0.19203616566268655 0.25984320493269253 0.23118701190340923
0 0.15062013955197723 0.8501785180940243 0.26811779605950875 0.27728011311112566
0 0.5751237912059837 0.9114765950171013 0.5886106266068378 0.1770468099657974
0 0.1627651765252138 0.13431053830950457 0.2630303530504276 0.2649808661521352
0 0.18124564355747894 0.36104212129288177 0.18213682604572665 0.19305290671341047
0 0.12442357785662438 0.5497796071811399 0.2291527063354703 0.2534053682084338
0 0.9444498766630349 0.953436092700173 0.09425556114059848 0.09312781459965382
0 0.6335553467672543 0.14612712490593904 0.2885215083580131 0.22565557058042798
0 0.6324133935868059 0.35491172005335503 0.25777505962051295 0.24547008073160642
0 0.5816299232797548 0.5968138375159882 0.21310908522243602 0.28607915769812153
0 0.8789974202127138 0.19059603560163207 0.2420051595745725 0.22567927912131813
0 0.8614731302604167 0.4058221246887478 0.27705373947916645 0.36734248556247123
0 0.8227708704971695 0.6948792583411405 0.3428048772495727 0.2888319025139366
0 0.38898653013039575 0.5711901130025298 0.2165719642853633 0.12544148967506857
0 0.374008976499787 0.8043750441960518 0.22294626052083352 0.19302919817252034
0 0.3195287771782057 0.6811725624638291 0.27801092149818385 0.18663399973937042