0 0.629399067524208 0.45197029493987545 0.22392297964051514 0.24661650431412788
0 0.747882576042821 0.37841845996048423 0.1492819864270099 0.16441100287608526
0 0.7803829236448312 0.26964513120308403 0.15316540596870873 0.1503522310919715
0 0.6252753677627306 0.9288963903747003 0.14697130451202586 0.12835331056839294
0 0.10750987281710749 0.8190933552519224 0.1244410145668291 0.22472517204230621
0 0.9161268934179515 0.20512636038004708 0.16774621316409694 0.1932212939716534
0 0.42478203743930554 0.3013075528348193 0.21686548663997568 0.24847389275952927
0 0.8727622158616603 0.9854556616747031 0.23841062259704143 0.0290886766505938
0 0.32057264745719627 0.8803727910955682 0.41925069994604935 0.23925441780886367
0 0.18243957077547857 0.32719914459385246 0.358409232189001 0.5534367507261665
0 0.679901505480308 0.1388341803549665 0.2582252906550818 0.1846270992719869
0 0.869131753308062 0.761688470496603 0.2617364933838759 0.39481876732290616
0 0.9016249513587191 0.4547799866163768 0.1967500972825618 0.3285294261143787
0 0.7512840328818482 0.5808148496825579 0.1801916124882876 0.23612621960192115
0 0.6045866938694396 0.624718775628421 0.1895311891983989 0.15789221194188732
0 0.7193980247181777 0.7924981816316389 0.16974511934577116 0.18509899266270716