0 0.510361327915395 0.6547537381336781 0.11177004951244111 0.12199655719209937
0 0.7144542642946562 0.2429584047154981 0.17511051600214683 0.1351067295193438
0 0.22264853258606643 0.4372509740246572 0.20150228371178416 0.16918016858011817
0 0.7113011150421602 0.6270492981972223 0.14318814281038236 0.12494587412495242
0 0.2739098717160261 0.7754738904830093 0.371401907477756 0.22976766733023132
0 0.2864339423455201 0.6112300218514761 0.2580179383185039 0.1533602684798231
0 0.6220484507117454 0.43221796515578276 0.3123813267518493 0.3127693818661402
0 0.9490011959468598 0.7937565983952778 0.10199760810628024 0.17804028596303184
0 0.837924951263256 0.12026616570360378 0.17679144898155824 0.15914519105780534
0 0.8638964857280406 0.48847422014899367 0.272207028543919 0.41853861263537095
0 0.8767215563877968 0.9603480812913443 0.24655688722440636 0.07930383741731142
0 0.5819042993714759 0.9170070985250826 0.23566040975945357 0.16598580294983487
0 0.3268191971255367 0.9282487175320889 0.3129702132610833 0.14350256493582209
0 0.10289293148854171 0.5444021316179372 0.14090184997180696 0.16091964785125895
0 0.4457107416413404 0.3138961994226692 0.16270455865436353 0.1637011276213407