0 0.3921615650772393 0.11202789825936305 0.2737282532899495 0.2240557965187261
0 0.8809850745239624 0.2978319959252611 0.16688158104665973 0.21209007734900798
0 0.8886547408300328 0.6355723805406458 0.2226905183399343 0.23323027333390173
0 0.13605190184156402 0.4998173563335886 0.2419354424094779 0.28882682579436125
0 0.6972316859313644 0.0727836757957797 0.2358095257088827 0.1455673515915594
0 0.7860963880071198 0.4533403668256788 0.20514722105836933 0.209747112417299
0 0.41658972488921325 0.493890290896441 0.18223926574986613 0.17711070326830836
0 0.8280249521489401 0.82173071110543 0.3439500957021198 0.24758878422352928
0 0.14848747037110557 0.15437285626260008 0.2612641608651616 0.2924630356361991
0 0.9292058806078877 0.47488550278274455 0.14158823878422475 0.18053198642701018
0 0.8738837557176649 0.12355314977141499 0.1859164518276001 0.20851474872930734
0 0.6115828405951684 0.6657689757077533 0.3304859532021277 0.2849111232359379
0 0.30177235413687364 0.8109489310986165 0.29005724995541604 0.3518498433994954
0 0.697143908510631 0.25177012053837455 0.2414456962849056 0.2768075950251305
0 0.38598866528148357 0.33437305319873833 0.2029392733543522 0.21440075926399238
0 0.59856985562917 0.49427908936025067 0.2106405579404629 0.22688212641621994
0 0.25639931365812774 0.3776243000539506 0.17835800093541895 0.2583793361160807
0 0.5654343866039913 0.09511702297185874 0.153099264228969 0.16805061927478243
0 0.8984691182800402 0.04802341147741041 0.1430920827139264 0.09604682295482082
0 0.5721968661576816 0.9117153691966935 0.19671540742884253 0.12049671380299341
0 0.10861374132634317 0.7136664997870346 0.1385782380809776 0.16472250035494249