0 0.4444596550398426 0.3751588059693906 0.2355845821545441 0.21204603255715831
0 0.14669175277037422 0.7171534111239849 0.17364165684488425 0.15776266366559846
0 0.8538995330222617 0.27435707841629203 0.2812881934893052 0.28276467354369683
0 0.7821694542941432 0.8152514430408646 0.2687958321871662 0.3377174342404918
0 0.2389269793471859 0.4832240023681088 0.23536328409393206 0.27449008241688055
0 0.7955814227386242 0.5687453119910784 0.23941547898473559 0.25296736731282066
0 0.6554334337597426 0.1486003257255874 0.3276328236718389 0.2972006514511748
0 0.187805242218044 0.059117026391292696 0.2157356694100658 0.11823405278258539
0 0.18709932500809254 0.24784390972120712 0.311981118798965 0.33632069061164555
0 0.07651096426413774 0.47403125862195505 0.15302192852827548 0.22020671352532067
0 0.5338712127768482 0.909900665041506 0.21450704146026894 0.15871381605032078
0 0.5319634234393734 0.7237984136094012 0.3868361261979241 0.3476705295756413
0 0.07970462083596777 0.8283747657531516 0.15940924167193554 0.1942120069552353
0 0.6652357524852442 0.38082870075614256 0.14378817310954545 0.1282451081361112
0 0.9038995126425019 0.42451253288221075 0.17003971715292548 0.2609601978601497
0 0.22980377105996241 0.7788691042210468 0.14306321010434095 0.1762660810727566
0 0.3141596845051897 0.8393548991710467 0.1479548465694653 0.1787818275071581
0 0.4360996541965284 0.0705187957393695 0.19510838391463553 0.141037591478739
0 0.3346039163787131 0.1507369013045403 0.09196429735986282 0.0886086167287394