0 0.9270479796405151 0.6453448077781101 0.14590404071896976 0.3004195241879856
0 0.1837489571939697 0.34194811114326373 0.31717856024079355 0.31022262696631475
0 0.7474900927676992 0.7209578405951684 0.27773186779112424 0.2558687732079825
0 0.4873498481415245 0.7583093235439595 0.26044280833120415 0.24797159017204307
0 0.17908609831899575 0.8116816935358504 0.22010044132095366 0.29188158104665973
0 0.8402194110940742 0.12894030412223667 0.15214796896385308 0.16683669657764477
0 0.7187481575943439 0.12279194518713397 0.15214796896385308 0.16683669657764477
0 0.630112098418378 0.21748064311070556 0.21128756702728854 0.22918568259683095
0 0.856723944146293 0.06847479561093259 0.16056327290797073 0.07367439192713145
0 0.8491107103813522 0.9035277653107575 0.2137845774199964 0.19294446937848492
0 0.5267481160661067 0.914969526089107 0.21107264034415238 0.17006094782178602
0 0.31941914890536016 0.7754423647259524 0.20919181179544022 0.23389542567960875
0 0.573462141125026 0.4932903709845115 0.1847843781128437 0.189744651886148
0 0.10488232809438736 0.4394324521203393 0.1678642907970588 0.22501875039452474
0 0.8597098467217543 0.2460165887083474 0.26324790964591027 0.2169174886218719
0 0.9048679767938783 0.41619582936340993 0.1902640464122434 0.17899876104080506
0 0.375175274043787 0.5043913545473815 0.318658133628646 0.29589749926815223
0 0.34776904094613637 0.9296436112896334 0.17782004935116602 0.14071277742073326
0 0.2823569164324051 0.14097390394793943 0.25005719641082486 0.2355605625031544
0 0.15680161581054644 0.16462874887362752 0.15587734304455275 0.15020567195055057
0 0.546457603330778 0.0905971656028235 0.2996459758923251 0.148871086983879