0 0.463409523134326 0.24675840702898633 0.30354433897792354 0.23909265952015238
0 0.09070294221986192 0.741730041111042 0.18140588443972383 0.19400486448601428
0 0.20626971017395887 0.31660260886803476 0.2902887417894606 0.34904007958229993
0 0.7225624292846237 0.6409742918781661 0.16087837855476403 0.16058657632400972
0 0.7138535492918171 0.8666910236117364 0.16568607086245635 0.16072646588284856
0 0.09476267346605849 0.8891119385063535 0.18952534693211698 0.19661854497811887
0 0.5052064407889645 0.09083602036316551 0.2629686951837776 0.14676727876212542
0 0.2976021908696497 0.06794543278119584 0.37354561826070065 0.1358908655623917
0 0.8896038100842818 0.06524229876001884 0.19675391829297476 0.1304845975200377
0 0.6144237957038559 0.7544539233009988 0.18437038238478068 0.15407448565666634
0 0.5473685620585399 0.8955207025404344 0.23408667858703788 0.17710799662967192
0 0.2567462211798983 0.552589951885348 0.31687450048411103 0.22508925127359256
0 0.5825225885602072 0.5107304559765009 0.30529130035501484 0.16718710924302632
0 0.8987015027004245 0.4847407667956221 0.13629345930785774 0.15267559006827616
0 0.9085693459781854 0.6235693130936332 0.09724960038728898 0.1755249903566059
0 0.26131086975084755 0.903844131291356 0.19416791956964688 0.1567581109281902
0 0.03445959909989872 0.5705416270784457 0.06891919819979744 0.11132059199695486
0 0.6518905920746286 0.37079565503456907 0.23226515289222233 0.15306953509121024
0 0.7079463654581554 0.23244747345636763 0.14354086051998174 0.12170536918595407
0 0.7071295177120415 0.09660646466527503 0.1867025030374556 0.19321292933055007
0 0.9117088994513409 0.21812367805695754 0.14437989786621858 0.19608471039634578
0 0.9192460414847036 0.3402302184471748 0.11170854006095145 0.14476460381254247
0 0.8416948454940744 0.8413843073075967 0.14146545675451322 0.15762317193480732