0 0.7674254988115847 0.6945397240208551 0.20362024910139892 0.2269983541445044
0 0.19159581470563714 0.8046198426561906 0.23797354304944024 0.25162424575266584
0 0.2140014131997337 0.37734363698662116 0.2767848054080763 0.2643148251729817
0 0.8982047598308898 0.489145568800079 0.20359048033822036 0.23931129994858497
0 0.9496390323199494 0.6955136007677817 0.10072193536010123 0.1871521590901026
0 0.48125161804383837 0.2726890571895646 0.25494035568520235 0.2567256530952078
0 0.5352722568355532 0.9267064017218529 0.1895726197290024 0.1465871965562941
0 0.965168363886947 0.8580039922512076 0.06966327222610584 0.19390214535401995
0 0.8206172075033276 0.16929325611329296 0.3095036457758859 0.3153410651827577
0 0.48598372992664873 0.06374325861306693 0.24600592139175903 0.11481481143689898
0 0.17936270448855202 0.13647648975903817 0.27778975597353217 0.2162798613867514
0 0.6175750141095384 0.12730713723355672 0.15633844225167337 0.17091266608287908
0 0.25860725297819553 0.9577587718527436 0.22847955052064087 0.08448245629451279
0 0.528888784436124 0.5474198470244578 0.3119074919297321 0.3153830244734505
0 0.1272808635313944 0.617293763111139 0.213750970826303 0.16230430444412247
0 0.054136395232837566 0.2916626111385484 0.09722151531739263 0.2035175299694045
0 0.02614605365717374 0.1554257105393124 0.04627685628426968 0.10412065184785556
0 0.07762093418140545 0.47947730581874465 0.1321600911543728 0.1656853808682585