0 0.7546939584213674 0.6383708016040761 0.19132123921449015 0.22905157436593734
0 0.17046367460374975 0.7655764398545787 0.2255346436036924 0.2510294829919121
0 0.22182034411312943 0.33609765127409363 0.26434590596232843 0.26618830164137736
0 0.9023001425175957 0.4280102806189513 0.19539971496480854 0.24043297716395393
0 0.9453559258579034 0.6363110421559207 0.1092881482841932 0.19068834639173898
0 0.8551931976164189 0.1159009438092345 0.26327101061745306 0.231801887618469
0 0.6350005129211234 0.7481378533569397 0.2631311210586139 0.30685746201424724
0 0.215163160260416 0.9354156629300097 0.24325235134081533 0.11818011655915939
0 0.2002978720789723 0.09946537820388482 0.26754486834337204 0.19893075640776964
0 0.522041422234341 0.03870751304597194 0.2315828444686821 0.07741502609194388
0 0.5965590624677052 0.4621291179268345 0.4752034171788487 0.42489050957456204
0 0.4968416456541286 0.22328952049441855 0.2782793694294688 0.2505387240195423
0 0.5017932726302559 0.8903322505648912 0.20364597275498178 0.1581135352056408
0 0.9574543501426807 0.8013915298012468 0.08509129971463872 0.1795031678362372
0 0.637050590068276 0.08385346047913396 0.16856750735916257 0.16770692095826792
0 0.11954473922420963 0.5890162389238958 0.20371591753440133 0.16051738135948682
0 0.30391572162258557 0.6317955041850886 0.22964288811718964 0.2273834699384796