0 0.8667148969051415 0.23579478624585568 0.2665702061897171 0.39096092281629347
0 0.20434911267704572 0.21143513783014736 0.26391815959832426 0.29298697142901037
0 0.19286976350717963 0.8724572673265045 0.18477055027432954 0.13281674477237687
0 0.44316466102922164 0.048463627700688065 0.16998316821228945 0.09692725540137613
0 0.3659933836685983 0.4169069557822291 0.2785233890908828 0.2962308661521351
0 0.4536757159332746 0.21985084251906972 0.3636046300734917 0.2820403883370376
0 0.7220480970342378 0.08688535857851448 0.27010850814414467 0.17377071715702896
0 0.23382996169983186 0.06854517819595053 0.22246761570735604 0.13709035639190106
0 0.8990139540540887 0.6164425271228265 0.14674788126947866 0.23111812943119966
0 0.6403838966038364 0.7401565025775578 0.4141599636219854 0.3807143801987196
0 0.09988423653569163 0.8561429595473202 0.08282652346421189 0.17713715782843636
0 0.09338053816023342 0.722519485866539 0.08584855282767413 0.12226872057461417