0 0.2570071438597014 0.5555944294195719 0.16604326779844095 0.1678943804159109
0 0.3065561287154796 0.26383084645791394 0.1851620760952011 0.16661059902110284
0 0.4396994515520092 0.5449538142087097 0.289930286313046 0.2542217082368223
0 0.2128519892514891 0.8602291459901845 0.3553939371369372 0.2700211575678067
0 0.6941285363000602 0.3323556808386657 0.26404778329078343 0.26470084996237564
0 0.6722501154833413 0.647679551277151 0.3231362887308561 0.24656643694975436
0 0.34589696316130447 0.07473036448678085 0.22625138257860378 0.1494607289735617
0 0.049496140167168995 0.30814789478828214 0.09899228033433799 0.23466574888497418
0 0.09182033085201834 0.1280231498855905 0.18364066170403667 0.2151075463826652
0 0.10893038111683541 0.49639535234446114 0.21786076223367082 0.31095766780586176
0 0.46190712731606 0.3255037737343108 0.2228991824130285 0.20476841275199165
0 0.8835845387178705 0.33091042595854864 0.20266739263087338 0.28509910103396324