0 0.2810011439031205 0.6496772877143946 0.2757321222572535 0.3411120242239801
0 0.8805444101206962 0.3497547796015359 0.21775414717708694 0.2151889198287378
0 0.2271268644651796 0.8812227653614427 0.3162138902598647 0.21450540459329767
0 0.1612556358292423 0.23259781343773211 0.3225112716584846 0.37796694305483614
0 0.8283883322622003 0.5980852210348143 0.13750079660691866 0.132115453295798
0 0.8314268568606936 0.9067067164145417 0.20107823808097763 0.15964870254611932
0 0.7683125220244086 0.18596637987544642 0.1883733627373456 0.14261198301573205
0 0.5184063811058808 0.12907402847511673 0.2066695241879855 0.17896339035827416
0 0.3513962283129146 0.24849281905842127 0.21813776378986027 0.3425088474011983
0 0.47098049704737355 0.6739857548735453 0.18105569476400846 0.2577868019468833
0 0.04019201047130998 0.5508435064938357 0.08038402094261995 0.33100529470463624