0 0.5563419270539598 0.3993514137835262 0.2444557725015875 0.20509007957143274
0 0.19887922077110476 0.674507803292079 0.21202842704649955 0.1895757286017386
0 0.8206906760132828 0.6279076129972381 0.22345858835602045 0.30023659583609386
0 0.8213782543264158 0.8839553199723593 0.3572434913471685 0.23208936005528139
0 0.5604364715962695 0.9262286585194368 0.20986996037883815 0.14754268296112644
0 0.949506446043106 0.4653885570121052 0.10098710791378807 0.2519612500326224
0 0.9672773263507255 0.6712112077169636 0.06544534729854891 0.17453450816495292
0 0.1179834955844788 0.3588751645942179 0.22026905176778405 0.5254426368807436
0 0.7633670326485009 0.41017638055345473 0.19240520933070115 0.1840964830345898
0 0.34818882961408354 0.28661481794743227 0.27967941259555107 0.2254960670062512
0 0.31669285502965006 0.4880609347987906 0.26182221306238446 0.24165143682371756
0 0.6450136825399989 0.6193758433508496 0.24499528998546138 0.2410638277216931
0 0.44232988953653263 0.705780729575542 0.29243438509117037 0.264293382097518
0 0.4661986881151435 0.10257179560798993 0.20643583776874846 0.17979245567148996
0 0.14582494242663874 0.0686126562867001 0.29047253939818946 0.12280223565032328
0 0.2539217077251328 0.8727220700823021 0.37176130816809344 0.2545558598353959
0 0.8764463107326933 0.2978709941209527 0.21060570210522656 0.20151101521353743
0 0.6575987937096848 0.11285112535461 0.1998129720347541 0.18675216166073216