0 0.41153857788700393 0.3184983440936905 0.30959429051512 0.33587600868877404
0 0.23774222002276824 0.24063664829391265 0.25162227946651644 0.2861204109057828
0 0.8975840040857227 0.2238406524971035 0.20379708941025962 0.3279907460866234
0 0.8589810112357374 0.6623898241883961 0.2775067831565312 0.6041275510076702
0 0.25062153861260905 0.09822083023738618 0.2920261535440127 0.19644166047477235
0 0.4643191058681578 0.128292608259248 0.20548769200555114 0.2054645370198891
0 0.6698619371898188 0.12861942632549395 0.27078312285821166 0.2572388526509879
0 0.10477628385438022 0.49211473739784933 0.20955256770876043 0.31384744828122446
0 0.28520998694459826 0.5505008572388896 0.2636415102357471 0.28647013480288036
0 0.5350561500986355 0.5696689078715683 0.2970855788723713 0.25139166940706115
0 0.07635587627142824 0.7417171792842505 0.1527117525428565 0.2761810260468835
0 0.2380964377365973 0.799425961894014 0.3866572191163449 0.36215270316866
0 0.5348455712262641 0.8124223970203202 0.31209603284366977 0.3527728765451167
0 0.5842169236812053 0.3819719353601012 0.1455313898375453 0.2277543790728629
0 0.8134555799298653 0.4317825935409227 0.21051914699828017 0.24406596504026654
0 0.7166032767404288 0.3480768955689513 0.21082682069020572 0.2969505804248819