0 0.8211362470636403 0.5655039190425081 0.20025457576345354 0.163890039543327
0 0.5115072663984355 0.9099456452776481 0.17626526946866206 0.13416234267294305
0 0.3883704048719103 0.5987108049146517 0.1222033086289586 0.1175843828017483
0 0.48852088181289177 0.12025156121779472 0.20221681818860032 0.18792850108178852
0 0.8846413507998 0.3892171137779158 0.1910800014124368 0.3743510596077296
0 0.2545145461404177 0.3454131453062489 0.11258792401357412 0.11719258590209049
0 0.24350160930384404 0.5243527599304157 0.24038382192028382 0.24458825176905236
0 0.10027614217531741 0.4151879203278678 0.19279765781573027 0.18994055033597684
0 0.6537496286535596 0.44414639245540816 0.31289165502069777 0.25233442082417806
0 0.2896172817860349 0.8399238985675976 0.2905700564211981 0.3017377485808886
0 0.7917493855371152 0.25044905890784813 0.2025109561862893 0.2502326026319596
0 0.3558185843789837 0.08093086841210936 0.1894126904493108 0.16186173682421873
0 0.16743577365375067 0.15010573120833945 0.3108311021082108 0.28579236852819534
0 0.5440565081322842 0.6726280783867724 0.30455152961557547 0.32626595624392224
0 0.7520361736567348 0.06524467692375004 0.2651584219172997 0.13048935384750007
0 0.08674816478839113 0.7932549688216076 0.17349632957678227 0.1727218303593962
0 0.741589315586699 0.7915593165855188 0.2838980354435336 0.33740364398892286
0 0.90453531908795 0.6591376177265283 0.09360213753682373 0.2074612982741853