0 0.7689337025045482 0.38457588113987895 0.21117651899818066 0.1901048861516476
0 0.4765298973583952 0.5371267086522943 0.20670448207901965 0.21861485340191925
0 0.2941724029893047 0.6243369834160805 0.26786354465552265 0.3141633396966013
0 0.1270665066346868 0.22649988498810203 0.18523769438866997 0.23152509064352594
0 0.6344607004969938 0.09829375731477291 0.262300627723635 0.19658751462954582
0 0.26130596306860177 0.055498858144107904 0.1937342277089503 0.11099771628821581
0 0.061701976386924144 0.43064168145071385 0.12340395277384829 0.19160125248318766
0 0.8596949856167144 0.1357596509675521 0.27977089029524294 0.2715193019351042
0 0.8626252337438509 0.6926719487271094 0.22414677336825023 0.27267612187212253
0 0.21521079071391866 0.39207138631530963 0.2310785990060125 0.24914194022748434
0 0.5704040839984663 0.7263164382731104 0.2456135610585999 0.2597658846305157