0 0.32776242763023994 0.8679353714625003 0.15503168543529122 0.18370142009540602
0 0.04915197254677298 0.5518795227377138 0.09830394509354597 0.16385519932158132
0 0.36949403066947295 0.4369485381096157 0.11321131895348256 0.11069083323557703
0 0.8334297105070854 0.5512242000791674 0.1789581860397439 0.18185707534433768
0 0.4904929060933722 0.9307950276181092 0.3674065400514728 0.13840994476378163
0 0.6472305169575794 0.31226128857638946 0.11276347521744648 0.10107544862019242
0 0.468703783166086 0.29607377235646404 0.23341025450048528 0.21674182458429506
0 0.6039152475033869 0.15724018178440222 0.1785103423037078 0.17224169072895312
0 0.4785165782307079 0.7053990201936435 0.23917292867460177 0.28891315933995754
0 0.1443081120765808 0.3327958317741454 0.2886162241531616 0.2593416635482908
0 0.6487055363658776 0.8489344324271374 0.24112230323771683 0.17610024053002166
0 0.902087561877581 0.42046736526485123 0.16649111153447704 0.17196194002756415
0 0.8591378224225916 0.23176443724887896 0.27249089202642085 0.2824849228423079
0 0.2685225504258917 0.5898145595618592 0.31520031812560667 0.27147279459807716
0 0.873942642683705 0.8180801031652786 0.18438497741183332 0.2468168716384615
0 0.22626114621169424 0.1279953423829596 0.1661552287324499 0.16475040156602577
0 0.1385075058869193 0.7824269628239318 0.2770150117738386 0.2475462333401712
0 0.21636881689073018 0.9573891883180823 0.20595367054740132 0.08522162336383533