0 0.8738860218896902 0.5130889967778871 0.2522279562206195 0.3013185746495869
0 0.44916158449172033 0.2687096643882766 0.31798311374722243 0.2537779754112929
0 0.1174308152609511 0.28803078148168454 0.2259096080774574 0.2172076678058617
0 0.12324962984984021 0.5380307814816845 0.22613340863856854 0.2268230524212464
0 0.1229618396360578 0.11198997987139622 0.24458087590544889 0.1942892710264383
0 0.3486995775364851 0.09971980780090334 0.2403886351408121 0.19943961560180667
0 0.7957730811582806 0.7853062315076811 0.38914935585598304 0.3203382101628061
0 0.3713273895226503 0.854558818147554 0.14294793576057702 0.15956277719533427
0 0.8450978280619127 0.26731294816517015 0.2582226607427354 0.26470084996237564
0 0.47318111541148566 0.7318819275587456 0.2863414627652779 0.23513094710093277
0 0.9056635284661325 0.0015208668037090234 0.09978859539380353 0.003041733607418047
0 0.6252887951528316 0.44139139329668087 0.25928370352991476 0.2071485503649477
0 0.345242728107853 0.5612077290604381 0.21467367927211561 0.250161473485309