0 0.5829326923076923 0.45402776733005124 0.21153846153846154 0.24679865688360947
0 0.15384615384615385 0.3193500721391285 0.15625 0.18251299393937928
0 0.8485576923076923 0.798674857026996 0.28125 0.3025618506293444
0 0.3425480769230769 0.9055959540397983 0.3389423076923077 0.18880809192040332
0 0.39903846153846156 0.3078815573031723 0.27163461538461536 0.2513524711206488
0 0.5649038461538461 0.8649212384435548 0.25 0.2521169441491607
0 0.8629807692307693 0.5545754647515779 0.27403846153846156 0.3404769313824381
0 0.7956730769230769 0.1143790389599399 0.22115384615384615 0.12493111331538188
0 0.5817307692307693 0.17749438335300277 0.3317307692307692 0.2919639776653804
0 0.32572115384615385 0.1316528270109073 0.21875 0.21128742228436181
0 0.13341346153846154 0.7709267752985351 0.19951923076923078 0.22425327865158615
0 0.31490384615384615 0.6825158327559324 0.34375 0.40585550974355766
0 0.056490384615384616 0.29033827769050935 0.11298076923076923 0.20086886307332635
0 0.6730769230769231 0.6639834886856104 0.12740384615384615 0.15148100925944655
0 0.7487980769230769 0.9068656048592143 0.25961538461538464 0.18626879028157142
0 0.13581730769230768 0.4225512355603244 0.17548076923076922 0.15272021449523182
0 0.11899038461538461 0.5270453983431841 0.17548076923076922 0.15752790680292414
0 0.8701923076923077 0.3099296147677149 0.19230769230769232 0.20687989786621833
0 0.7319711538461539 0.2573885343302166 0.0889423076923077 0.09568195276312594