0 0.6791440178599493 0.3778909225711965 0.1296276885605662 0.13333777565632368
0 0.8019195516986802 0.03495769930825933 0.11950879245686771 0.06991539861651866
0 0.8487796553455111 0.08536582936080996 0.1148689373119467 0.11343524082150047
0 0.888772707917338 0.01672960759254982 0.0685664710284771 0.03345921518509964
0 0.6485531999266798 0.20397760641655344 0.10525355269656209 0.1129873970854644
0 0.6698399744013978 0.08529345740601978 0.09285668831109571 0.09079297703080397
0 0.4938827566198383 0.18956447127551923 0.10027802322609834 0.10314809060206175
0 0.33504617695005184 0.2762248355300326 0.12005426323587433 0.13529377807413384
0 0.6285489135869073 0.04278161990502363 0.07577800949001584 0.07558617356966398
0 0.22174462974690898 0.2310622106646914 0.09551229020909886 0.10532801488788991
0 0.0414020423333998 0.27923470318783783 0.0828040846667996 0.138645978239709
0 0.07204971591053116 0.5060886151941008 0.14409943182106233 0.18493815422718313
0 0.45145941871119055 0.6935357705054914 0.10044586038886963 0.11276347521744648
0 0.5783387737313763 0.7176499179260909 0.12477803696218114 0.13071000763445978
0 0.5485573489056255 0.6349707946835926 0.06380073801147781 0.07743021505346502
0 0.7722409190853962 0.6173468893592162 0.11305252122780018 0.14697712604133753
0 0.9019795891648719 0.5464531332358878 0.12481999625287389 0.13311385378830579
0 0.9679743768767316 0.4809301880176446 0.04768712287633292 0.1175118731307865
0 0.9299297015533073 0.6652459292530829 0.07354200049894097 0.08508959725103957
0 0.9296001105199421 0.7529303334014629 0.1148689373119467 0.11343524082150061
0 0.9435886981829216 0.8459525873304045 0.08336718156778963 0.09755667175630642
0 0.8494400849213398 0.8731556022182944 0.1148689373119467 0.11343524082150061
0 0.7364173563998777 0.880821612270564 0.1247360776714881 0.1283061614806136
0 0.2793028702606955 0.8552751701992807 0.41563125499321085 0.2811645504847716
0 0.12210207917338047 0.36660624387667173 0.1535402722269492 0.12724584653487542
0 0.35882071616000155 0.15262103327779764 0.10989340784148306 0.10359593433809781
0 0.2731633997260895 0.1061708576713528 0.1148689373119467 0.11343524082150047
0 0.3603732099156363 0.06367872558548994 0.08813291458478918 0.09537674747047825
0 0.4318950811691439 0.03674419243585826 0.10015214535401995 0.07348838487171652
0 0.5374396191317415 0.1022686164688231 0.09542837162771314 0.10052032258019761
0 0.05864247502507379 0.0657665725013946 0.11728495005014758 0.08481300884336464
0 0.4524123158127708 0.5013400391318084 0.20266617757119304 0.18958121906120942
0 0.12098680444665727 0.1552917042062282 0.1351067295193438 0.17202323598588026
0 0.6811377079224077 0.7452875208406264 0.11984446678241002 0.12327454730490299