0 0.872481736938622 0.9432035444029888 0.23076105048234652 0.11359291119402243
0 0.34321526229756394 0.6376633498438609 0.19371568563862526 0.21261531946020076
0 0.33654863334264257 0.20863974463748894 0.14481028429337156 0.13302267819479668
0 0.9738443554541997 0.6582243127273345 0.05231128909160067 0.1566555698666292
0 0.13039129751373685 0.07405852158649191 0.18385951810439674 0.14766951780291032
0 0.24121917531368486 0.34627352143542134 0.1333787488736275 0.1473758292787996
0 0.08978095776481937 0.2865122102616732 0.1325951550743119 0.12814506004803036
0 0.09455393740767765 0.4331398330623812 0.16011490424067856 0.15474120458630083
0 0.09368256618762863 0.6181870388211832 0.14279823503918324 0.14262407764236637
0 0.7366951588765549 0.14968418332339045 0.149422078151235 0.12824295622273393
0 0.39503669815574355 0.7593302913854801 0.11218899514456929 0.0991870248593581