0 0.8274458895617217 0.5500772222034729 0.08441698226859601 0.07882538169252143
0 0.5096956011328057 0.6675799034062504 0.06700245008964832 0.06160680763365397
0 0.2510188185056164 0.34450934664994676 0.22107756107403495 0.2093064855616455
0 0.5561813638079298 0.34800924523445553 0.07728938796448964 0.0810613774255342
0 0.9747939793351102 0.4167786757627145 0.050412041329779486 0.09760854980106834
0 0.9749427709053217 0.13564057604327007 0.050114458189356656 0.06853859539380346
0 0.5849893241647783 0.07246213978659237 0.1815781583116272 0.10990954114978647
0 0.6059333914440839 0.6722217551712077 0.07737333212192173 0.08346522357938031
0 0.6295178191942898 0.8661230215377677 0.08201313611474986 0.07876943155224361
0 0.18744286261424115 0.7249304806225962 0.09090355772492999 0.12701420505
0 0.07414158395958574 0.7475132335747864 0.07488554181064346 0.08100542728525649
0 0.6378129216754248 0.3126799096894236 0.0807005640075207 0.10996348141196591
0 0.09764957378178153 0.010679442219711621 0.08472222448663999 0.01878517798664537
0 0.3456846470585478 0.9231668779216349 0.11211845232238501 0.11549852554326935
0 0.8752328376264429 0.646064222875535 0.07007784950295104 0.08089352700470087