0 0.1483534619844063 0.5395803518867222 0.08781372074872398 0.07499472647493377
0 0.4490052827376064 0.34772797888816015 0.06720938182035209 0.058055922055492405
0 0.7420055482292318 0.6031588125187604 0.2280212979096938 0.20315377169077892
0 0.4393419330750491 0.6723451058320945 0.08099463077221494 0.07976046327918186
0 0.022199900686821726 0.7106651899051861 0.04439980137364345 0.09423948087351793
0 0.03566683075132616 0.9761922937304827 0.07133366150265232 0.04761541253903472
0 0.44061838248180896 0.949568980211732 0.18391841165890005 0.10086203957653612
0 0.3536854887974891 0.3664133265741524 0.07878700886088333 0.08215032426521308
0 0.30869860162496476 0.1809675435326286 0.08560609883739258 0.0773845874609652
0 0.761872756868635 0.21246388667968635 0.094338275995378 0.1254894808735179
0 0.8716645846094164 0.16380038790969126 0.0785907846183688 0.07974647811136694
0 0.3614133556836467 0.7284089428291278 0.08334932168239093 0.10860661712533543
0 0.9084116405249877 0.9215853182516364 0.03954057342928617 0.07231117696479189
0 0.5833253391588046 0.0575059119922562 0.11700316783623708 0.10880240947474276
0 0.0901212400760589 0.45747198312495346 0.07358686806816174 0.07731466162189121