0 0.8945107854205288 0.07135302314829027 0.2109784291589426 0.14270604629658054
0 0.3587534531177949 0.33225526099006386 0.18469759495194377 0.20354764086923097
0 0.3331241207281844 0.7601129062435894 0.13949195939528636 0.12807725771527764
0 0.982156335872353 0.39082970671917655 0.035687328255294165 0.15513300707254274
0 0.12844605583883148 0.8828249801264956 0.16336670429797806 0.1670423474393165
0 0.24384476864435276 0.6117468513275105 0.12590893104148806 0.14216463379668826
0 0.0932306552508786 0.6501554544659188 0.11757732782091147 0.12276601414508548
0 0.10165709263501561 0.5055330342532051 0.15263125492355528 0.14758777764743605
0 0.10777339645363647 0.32124715250202984 0.1376481456209593 0.1376366921903847
0 0.7304695092824132 0.8664056238330656 0.1440196355132192 0.12338146568814122
0 0.4146030686110059 0.21661786503514924 0.10628184606696965 0.09369605973782061