0 0.09099836067420693 0.10435001367898485 0.17377250942081693 0.2069086524138255
0 0.2856088869930684 0.6718685502942571 0.22021005937240587 0.18751325570939031
0 0.7050606900556529 0.7553315782237706 0.13982608362917895 0.138257428898025
0 0.42828478327416425 0.04648331487992074 0.15785351037474846 0.06005011516119211
0 0.7997903395876788 0.9473921511720118 0.17901623236864375 0.10521569765597641
0 0.5454767302708293 0.8238872322933477 0.1509345515510018 0.12679800279883935
0 0.5641402716013079 0.9592927931525383 0.13079301947282465 0.08141441369492323
0 0.42256864600331423 0.9364232935664762 0.1601497682768377 0.12715341286704748
0 0.24031378835941763 0.9194350569432348 0.147219774660199 0.1409971578538985
0 0.8629019466882148 0.3755041805009451 0.1355648490299314 0.14524504549154557
0 0.1777283897077833 0.5992986940881413 0.10380425407207233 0.105439975821899