0 0.21091395489799533 0.5034554085810825 0.08226539982435653 0.0771988848283501
0 0.5315478307093368 0.6239004531902193 0.06244693524410066 0.06154344421728163
0 0.783580330680736 0.3028689140187958 0.21226081029499339 0.2078054026464497
0 0.47755724995541604 0.304403841411817 0.07524975981264699 0.08154444075304554
0 0.04873802679067122 0.3680356712383223 0.07102976285444135 0.09565942675412459
0 0.04088373670644997 0.08655460304682389 0.07235616753422858 0.06937116452281587
0 0.4421566783268785 0.04096131246273061 0.17709284129841543 0.08192262492546122
0 0.4353450099430333 0.6288603485532545 0.07294386288371527 0.08379424144589283
0 0.4167386402438815 0.8228625409319352 0.07995950289542474 0.07944868552119726
0 0.8558405405073468 0.6862680764545511 0.08432233354755972 0.12767965405911935
0 0.9668113591100731 0.709076016710677 0.0663772817798538 0.0813903952920464
0 0.39526531775310975 0.26629513358605117 0.07642515051162026 0.1103905945991994
0 0.702324938518067 0.8816852761876349 0.10777309973653469 0.11479703174603191
0 0.16415525621397514 0.5980365171082145 0.06803822135110853 0.08108230437004867