0 0.4255702527225053 0.9122596153846154 0.25505927228816405 0.17548076923076922
0 0.9391210363888961 0.8293269230769231 0.12175792722220781 0.25961538461538464
0 0.4649074442393694 0.44350961538461536 0.24277086825565147 0.2403846153846154
0 0.8025396321473282 0.11538461538461539 0.25595027876054005 0.15384615384615385
0 0.2680183696131214 0.6358173076923077 0.13458131798264444 0.13701923076923078
0 0.3549446776630153 0.26322115384615385 0.17640472240300548 0.18509615384615385
0 0.1842693608741788 0.9507211538461539 0.11266105598481713 0.0985576923076923
0 0.947147771348805 0.3786057692307692 0.09806988576379894 0.09615384615384616
0 0.750669573359565 0.8689903846153846 0.2664731431982308 0.23557692307692307
0 0.4353460539273059 0.6911057692307693 0.14207850305739483 0.17548076923076922
0 0.13805026071601315 0.8569711538461539 0.09477503313757693 0.11778846153846154
0 0.867357751752884 0.6298076923076923 0.169916097115902 0.16105769230769232
0 0.4951582410595675 0.13701923076923078 0.08744594136076764 0.08173076923076923
0 0.45458673973235997 0.22716346153846154 0.07492243069771352 0.07451923076923077
0 0.6407738201158113 0.7584134615384616 0.10751717708124257 0.09375
0 0.6165178452296183 0.44591346153846156 0.14470098249185254 0.14423076923076922