0 0.5720946836793463 0.8282672557435962 0.2605448856668088 0.17690725634787852
0 0.3361854059299158 0.665755105983165 0.30408326832478577 0.2900838179280548
0 0.19820725280854873 0.8958390635294708 0.14251669354031316 0.11855764576827546
0 0.28589805524494394 0.4983101987598579 0.10111082505626766 0.08468003692939245
0 0.6325144718333338 0.22013613432396367 0.11742668556524194 0.10639856332089656
0 0.18703742956545638 0.28127877169077903 0.1557073360401706 0.15947897105491915
0 0.11678758732642547 0.5069466216282067 0.1629188745017091 0.15952092655836358
0 0.16682757710427362 0.058692247191065645 0.15192176886837583 0.11620974028568837
0 0.3176536675849716 0.03912663528789072 0.12430804944544144 0.07520450399215581
0 0.8476652428760699 0.7986045722905756 0.134583783223504 0.13773247432778554
0 0.0642309664319806 0.28296937428607055 0.08082850938888875 0.07254892481764326