0 0.2709644817985642 0.39920312129085456 0.1826277416588583 0.16012973473038628
0 0.7157654996876522 0.5785276574239732 0.22447828026237376 0.21547907749098505
0 0.7601720875003567 0.7297997781469194 0.19735890950393326 0.16586169980407234
0 0.8948243611466062 0.898761512359089 0.21035127770678758 0.202476975281822
0 0.5913028163954924 0.6722956413379916 0.14820366820001743 0.14595386750717027
0 0.4348844718317873 0.6036195237953271 0.13735591989664103 0.12610691643240515
0 0.45737695154329094 0.861216175909363 0.15378158781270448 0.15828118919839904
0 0.1800122134906456 0.7357129846239036 0.1788983675781587 0.1766485668853116
0 0.13807403786523664 0.4361726296674905 0.169437028423773 0.17843623119516175
0 0.5597230567481639 0.9644311998750609 0.14814278697788033 0.07113760024987834
0 0.27024636382996864 0.08913740805576921 0.2066053219751827 0.12336269633983638
0 0.17279699021779488 0.916203916148451 0.1431487661924643 0.16759216770309793
0 0.29653234351307856 0.9748813778288896 0.16490882883266617 0.05023724434222087