0 0.2612019812022624 0.810066498433148 0.1774187941903063 0.18221848002251634
0 0.6175320398103202 0.49559283889489875 0.18928397949853812 0.1799544902805583
0 0.2345719427691176 0.16927367073888253 0.2425984482494257 0.2622446851588797
0 0.5998509372178211 0.05474133740147012 0.18527879751256526 0.10948267480294024
0 0.9583786871823269 0.1391217998702857 0.08324262563534618 0.12363109129412529
0 0.5427891104722155 0.11757446659405929 0.11975876951472322 0.10708388104097831
0 0.7687036266717803 0.9400797650321023 0.24941241636141653 0.10619048413552298
0 0.938193905706052 0.7901593660334321 0.12361218858789595 0.13355416001566367
0 0.07807289066360074 0.29859354973559477 0.09445566127154541 0.16203668719090858
0 0.1328886015276714 0.04758742563531494 0.09750797228611206 0.09517485127062988
0 0.5589708133571876 0.8017903671106326 0.10998933943833974 0.10456814975762158
0 0.2590384152681952 0.34460059791657494 0.1841681962688479 0.17509085540811073