0 0.08864826887766004 0.3043730686512562 0.1772965377553201 0.23849453521585248
0 0.08219814077780113 0.8899335289808127 0.16439628155560226 0.21255936565393305
0 0.5299023964868127 0.4698764153437376 0.2406292014064686 0.21954698224745345
0 0.7646712335344223 0.8844443074359757 0.15384536038182234 0.23111138512804857
0 0.39187667341884186 0.2245622049353781 0.1392264559483965 0.12143050582110201
0 0.7290044027830962 0.4103796551468476 0.18524282611283274 0.15709964878711047
0 0.08381589976509123 0.052163497168252 0.1542873608426875 0.1005796169745497
0 0.47775530812333195 0.9583822820818783 0.09581015618032108 0.08323543583624343
0 0.08607327201834153 0.6347899538710933 0.17214654403668306 0.24554144620372506
0 0.3000895109422373 0.3735117248823115 0.17768799440993496 0.12322188076524612
0 0.21009135734143655 0.04236046573672059 0.11827882377866533 0.07016601005226969
0 0.25566890090233385 0.8142256308440492 0.16100814033185637 0.1535761932931741
0 0.816328356389865 0.5821493220675337 0.08300602844103175 0.07810198065751915
0 0.7407051162988856 0.518302476932078 0.07500959300943458 0.06815071324010748
0 0.18742825079532383 0.5564773070549466 0.09419120699653366 0.09778059362432447
0 0.4912941857585954 0.6176833066081 0.1448190452261475 0.1312698123045046