0 0.35571413026978954 0.10474668768488485 0.16069574976741147 0.17825008241649606
0 0.5867104995592973 0.5413831687023186 0.17509085540811087 0.17609799200680692
0 0.1258581765044013 0.6955656206285641 0.21931110977818025 0.25858402847004697
0 0.42567016115405004 0.948766693305574 0.17673947693776157 0.10246661338885205
0 0.8106072155167771 0.9799984434290419 0.12321152205846121 0.040003113141916256
0 0.394629103706568 0.8672904095877759 0.11175171693678256 0.10289166583340868
0 0.882463280002937 0.14640867506888425 0.2350734399941262 0.17959277971866663
0 0.9609387630979711 0.3917417569864394 0.07812247380405779 0.13123430819124865
0 0.032386205197549256 0.5112788598899288 0.05475869130391508 0.16198079670293453
0 0.08684698770992925 0.1312972471272878 0.08103317130195713 0.14801927197747877
0 0.6287612954144741 0.23088231830240546 0.10213633232139795 0.1027238286706374
0 0.20456888930370296 0.5407212568667739 0.17022722053566333 0.17120638111772885