0 0.5877354843752867 0.9268063432884788 0.16616395780484303 0.14638731342304248
0 0.37683830116681005 0.5052522393974864 0.18037672544059796 0.1784339119096132
0 0.8463674255779209 0.3520879987447634 0.22818231653760643 0.2608574286677232
0 0.5556796588123932 0.09292231791997628 0.18190991314444432 0.11407652346421189
0 0.17143967077500005 0.04565798436433729 0.12346681229615374 0.07382932205844334
0 0.5844816807074789 0.17858729876989224 0.11439191154943 0.10657240536488163
0 0.09032157859020733 0.8997146970987859 0.18064315718041465 0.18335203128561572
0 0.01761149771595498 0.6523172077891298 0.03522299543190996 0.13155749250133658
0 0.9331783091418813 0.5353102521784996 0.06676502834786319 0.1626612026824409
0 0.8585582839113264 0.9180309661896205 0.08473394185470057 0.14969534631521625
0 0.9736797376928779 0.23832624451846593 0.03918073022564063 0.1748984487717388
0 0.31945001689188185 0.8154753322789667 0.1045662176467234 0.10343994893310902
0 0.7601613187119667 0.5076811139680084 0.17514841455826186 0.17326191446295786