0 0.7067307692307693 0.3371795822850333 0.15865384615384615 0.18582877592897923
0 0.39663461538461536 0.667696939822448 0.21634615384615385 0.23111266647657994
0 0.24639423076923078 0.636008122290635 0.1658653846153846 0.2005036853243523
0 0.0733173076923077 0.6888583737247556 0.1466346153846154 0.23829367052643416
0 0.3545673076923077 0.5051702247596942 0.1466346153846154 0.1541590551418187
0 0.4675480769230769 0.3913271386205407 0.125 0.1413843269556993
0 0.22956730769230768 0.2880647439578411 0.15865384615384615 0.15938646823667152
0 0.4338942307692308 0.09568076657033765 0.17548076923076922 0.16718561580023455
0 0.7175480769230769 0.19452848483963148 0.1778846153846154 0.17448109841920514
0 0.08052884615384616 0.3237255908124364 0.1201923076923077 0.15323566941006586
0 0.9615384615384616 0.48429881681898823 0.07692307692307693 0.20701313611474986
0 0.2644230769230769 0.03567616500983714 0.1875 0.05943225966431809
0 0.14182692307692307 0.07706808990387769 0.12980769230769232 0.14876375373210188