0 0.3096466617951812 0.3295809875753317 0.1681023640534329 0.18952899580052623
0 0.6376320095312191 0.6889881856609755 0.2280623160416413 0.23615842084687153
0 0.7864866115213311 0.6712963838986533 0.1760697839469383 0.20437209700824255
0 0.9404094275121163 0.7402011934517876 0.11918114497576746 0.24185357880562244
0 0.6712586412332294 0.5303806350136792 0.15444539018160724 0.15757895532612734
0 0.5521048403080635 0.40601179301586854 0.1321808736036859 0.14429965170297868
0 0.7851093901117172 0.32492067133204255 0.16671658142816007 0.16308668810821855
0 0.570326107225918 0.11350075249803147 0.18392144522106676 0.17127828323391536
0 0.29133352990253464 0.18592210499452655 0.1867032320908964 0.1786298297903336
0 0.9361439872313843 0.3744665578299727 0.12771202553723143 0.15603886628244992
0 0.062082833210505346 0.45296128336423014 0.08763139720927524 0.20880718211307572
0 0.7369627057021959 0.06928478472551663 0.1902715652505456 0.06380524678523726
0 0.8595486379290654 0.12195826639258195 0.13736650662736155 0.1517912063542767