0 0.4258295342800753 0.6815289732776949 0.13036920358856846 0.1288863241198593
0 0.07397580839123999 0.8022412758899304 0.10129924918130352 0.11893528411594353
0 0.14480634965833403 0.8495070317779028 0.11080273351613258 0.11423947693776171
0 0.05796116728739391 0.8889895220462241 0.07368198854316246 0.06814683077902063
0 0.2495654630854172 0.649917030737414 0.11063488309529923 0.10702793847622318
0 0.1322246026691779 0.6705183928046861 0.08872051700929494 0.09475696616559376
0 0.22432206365288504 0.4951206953557356 0.10085164805908126 0.09970451488517416
0 0.29998425254161354 0.33674571996035146 0.1325492491813035 0.11929891078685231
0 0.0867743213681629 0.628968553836364 0.07384983896399577 0.07535836924055903
0 0.24684585164764974 0.2231504245825889 0.10314359393237187 0.09492479385985948
0 0.282257102525 0.042024508703427235 0.13662958966538466 0.08404901740685447
0 0.5113778140341346 0.0732736666381132 0.18140947422211548 0.1465473332762264
0 0.7259426078428424 0.45562085118496953 0.11046703267446609 0.09981640001468464
0 0.7589560422006415 0.5826750563090956 0.12785345715416668 0.12405066052978952
0 0.674094074992415 0.5524040511923118 0.07597393441645295 0.0633671097537058
0 0.6720858995767102 0.7760456573471368 0.14440062952970092 0.11222722873720195
0 0.6101753859277251 0.9054066512021015 0.13025730330801283 0.12407863181216701
0 0.5491860397152252 0.9710377506977655 0.11644766804989318 0.04701569847720212
0 0.731067070373505 0.9340561640062982 0.08340927343910264 0.07306640821622341
0 0.8188354300590286 0.9342371352764386 0.11080273351613265 0.11423947693776171
0 0.9129491059708342 0.9487712552637119 0.09565230476944464 0.08282164924349598
0 0.933603588961539 0.8547555280811245 0.11080273351613265 0.11423947693776171
0 0.9333777785223296 0.7417467875679778 0.12544961100032054 0.12402268924741176
0 0.8700254622105236 0.2843595352666488 0.25994907557895286 0.41410656208685154
0 0.3755894863510151 0.1242702204622401 0.1237171665298078 0.15284087181118805
0 0.1778916499579597 0.35980687074622486 0.10107544862019242 0.10931989950055879
0 0.1253966756771904 0.27385580613769306 0.11080273351613255 0.11423947693776157
0 0.088949342265652 0.3608418081941963 0.09336035889615389 0.08760137026881068
0 0.055744102173077285 0.43216085332713317 0.09364010959754282 0.09962060103804131
0 0.13996465264620772 0.5381809835724484 0.09833590162467956 0.09486885129510424
0 0.06988039382142099 0.05872640307496513 0.08206847995053429 0.11745280614993026
0 0.5335789653948722 0.4554547076213319 0.18493232318151726 0.2016170769475513
0 0.16393912453199797 0.12192400100377723 0.16894264233066253 0.13414155694559338
0 0.7938138213095092 0.6856628286123824 0.12053001841207261 0.11915905437496449