0 0.37794078487864236 0.8271918438345994 0.272909477862712 0.213303686256762
0 0.6369678934986488 0.7241689589962425 0.3229974018762863 0.32962026761028057
0 0.7410192694985032 0.9534183445333575 0.14962673753383982 0.093163310933285
0 0.7119537023505799 0.5750811438480278 0.10601421352324973 0.09939134778925543
0 0.4056115769305372 0.23010563497968423 0.12441093054029022 0.11999568671762727
0 0.842399817727735 0.388733514949115 0.16517800466833477 0.18063135804765496
0 0.8804681142399124 0.6210725396584631 0.17238954312987295 0.18122003077519885
0 0.8953587610761041 0.17457020702637469 0.16022324336179794 0.14918513380514029
0 0.7467864808881773 0.12423710189269868 0.12985645081919672 0.09894974406055584
0 0.11513685550543581 0.7376862345009143 0.12235037762780324 0.15325708438644406
0 0.9612803965091934 0.417873608426875 0.07743920698161315 0.0833984769260611