0 0.6636003891208746 0.6145519398639938 0.1325951550743119 0.1325951550743119
0 0.7717980069046045 0.9612425152375726 0.11930258438119332 0.07751496952485472
0 0.8215625090395806 0.9039092832973854 0.114886688973159 0.11027489511529555
0 0.8589017215580452 0.9779673989461392 0.06774437367636511 0.04406520210772168
0 0.6263530441665857 0.7900102668602554 0.10527130435777411 0.10988309821563756
0 0.6432371221428503 0.907478348346024 0.09487232594307407 0.09026053208521034
0 0.4703254749943643 0.8077310033917352 0.10007181515042408 0.10007181515042436
0 0.3148060040377805 0.7243432776243046 0.1229797704589273 0.13220335817465395
0 0.6005107022540912 0.9514862884455553 0.07495591213790356 0.07265001520897184
0 0.19967035185889337 0.7726242794379409 0.09546002129256065 0.10468360900828727
0 0.03220505849734026 0.7290244968118361 0.06441011699468052 0.13593360900828755
0 0.06619354665150265 0.4994306567415787 0.1323870933030053 0.1815536211754651
0 0.4487295553091763 0.30361304580188614 0.1004636120500818 0.10968719976580871
0 0.5774067413869103 0.27755435472235185 0.1251877181629446 0.12749361509187626
0 0.5439304415918277 0.36046460479553666 0.06303463059358723 0.07456411523824585
0 0.7673412100621483 0.37317965194334957 0.11385413196811484 0.14383079204422713
0 0.894602222522065 0.4409689100887298 0.12768951354170519 0.12999541047063692
0 0.958259261129973 0.503758667620031 0.050374639718970556 0.11724565065798978
0 0.9271439145370182 0.3219030184829383 0.07534770903756155 0.08226539982435649
0 0.9344227797020791 0.23190571155107917 0.11979233050576546 0.11287463971897041
0 0.9515129279323538 0.13749250921118558 0.09266437823905677 0.09497027516798842
0 0.854891777888443 0.11549671944830424 0.11488668897315872 0.11027489511529541
0 0.7419599832701309 0.1096911828004021 0.12508976893803017 0.12508976893803012
0 0.28192138262677796 0.14271454776189196 0.4169264655156749 0.2785726497797726
0 0.10519999461965822 0.638751694296299 0.15383797355926954 0.12386131348315743
0 0.3326471320286821 0.8478699491071457 0.10968719976580871 0.1004636120500818
0 0.24640660830840605 0.8961244185428322 0.11488668897315879 0.11027489511529555
0 0.3314268568606936 0.9369102060243678 0.09026053208521062 0.09487232594307407
0 0.40217095232727595 0.9635117079843738 0.10218181362952695 0.0729765840312524
0 0.5113684059685124 0.8936776794372677 0.09526412284273178 0.09987591670059523
0 0.04293259725161784 0.9424015513891646 0.08586519450323568 0.08191848739371384
0 0.4420955403929435 0.49596971272203566 0.20436362725905377 0.1859164518276001
0 0.09537853975026368 0.8502411812223033 0.13656618882678925 0.1711546427607648
0 0.6797885436097082 0.24681245293798945 0.12008617818050901 0.12008617818050887