0 0.90851159041025 0.6017415947743494 0.17687928601224895 0.24855776356727333
0 0.837236918574052 0.07002422377213237 0.2582184705442036 0.14004844754426474
0 0.4390211778712151 0.5443030342961881 0.23687754368369915 0.23452986384057548
0 0.11903153876367958 0.1939211840687802 0.1528548096416021 0.24984200038102922
0 0.6264784210126214 0.7494564086687883 0.1377324743277855 0.12897792708466746
0 0.25697837912714605 0.6477080078907915 0.18362931393589904 0.16956672329237732
0 0.9419338799400024 0.8465123920004495 0.10637059298526698 0.10829166571178096
0 0.3853697823222342 0.05895334701463059 0.09428143637696228 0.09571263027250529
0 0.8707501116946007 0.2766658732624212 0.2322097030541547 0.258344403511019
0 0.6851147275324277 0.5845097308679568 0.17381813697110743 0.13546503340249508
0 0.8443543480241965 0.8895083482893529 0.11829192757979438 0.09202454730490327
0 0.6347754126901054 0.14947287141615495 0.15956288206180794 0.16363942164459472
0 0.13406136777640132 0.5020316882999479 0.08219227976865752 0.08313359483322949
0 0.22272397211241307 0.5459660568185375 0.07492480063585984 0.07318232741581782
0 0.7571889579995174 0.3816876525454601 0.09432339188040664 0.10292416873404384
0 0.4447099357512396 0.3926368047358623 0.14259610730673686 0.13881723356807013