0 0.6608843645519382 0.15349044637112977 0.2605006071159825 0.19339040635922183
0 0.38954274120275784 0.3067083594276033 0.30073483372917786 0.3081348989312473
0 0.30738970453688846 0.07136295358943424 0.13921194320552688 0.12712122081867133
0 0.30083527576889035 0.4719233996111138 0.1011941375695178 0.0915776710849078
0 0.5798592436717199 0.7628552247518456 0.11673727925163281 0.11156432174764401
0 0.15304727596436246 0.6845701292493154 0.15375131968259345 0.17102035278120772
0 0.1352380530728202 0.45543864158267966 0.16082285004925215 0.16899444734334518
0 0.07993036929439024 0.9112773275235366 0.15179120635427668 0.13736650662736155
0 0.2260168065699316 0.9335776197689524 0.1249525829182198 0.08802978116382686
0 0.9244911014466266 0.19479510141820292 0.13057661525430084 0.14344422294094977
0 0.03592641528611112 0.67771097745555 0.07185283057222223 0.07842461816772656