0 0.13135305335122732 0.27318543712350746 0.2128390821452376 0.2358784046571119
0 0.6963004577188167 0.7266204082484501 0.24664676514504655 0.2642808256777363
0 0.46779522142528407 0.6892811776964105 0.17188978652296427 0.21907519012107896
0 0.12066321487955164 0.7075115464478225 0.23469746021488974 0.2756000159725683
0 0.7912741599026115 0.9157457203357036 0.26081810904745706 0.16850855932859277
0 0.4993187335528221 0.9269960281583262 0.22453665405472803 0.14600794368334774
0 0.030351963451692738 0.8800758542270068 0.050998220439916704 0.09188247768478283
0 0.016676291651558005 0.801180809705168 0.024933512278608513 0.15524623479495148
0 0.6364746105796031 0.15001291032646782 0.17174993484481635 0.19503672858261736
0 0.708884485074248 0.4113546875869594 0.20565551401932872 0.2402660726801649
0 0.3747630535022978 0.1876366433691885 0.3216414916199803 0.3503518458497783
0 0.10980854020225869 0.08088959908626021 0.10173072269135228 0.13809187844648874
0 0.5461703517356516 0.3237791411825751 0.15964679306869664 0.17991361118514163
0 0.8739876780437261 0.6698133230567402 0.2520246439125478 0.2960908580572555
0 0.9622377199292014 0.3913397764134456 0.07552456014159722 0.19438410518999866
0 0.8414650277725796 0.22328167936176485 0.3170699444548408 0.2853079916010524
0 0.9569265615801764 0.17711745253137837 0.08614687683964725 0.11321336833874857
0 0.2587507082763155 0.4860647082585414 0.22244048159280744 0.23403459088278483
0 0.5651012412135521 0.4798772788172503 0.1812254677820529 0.17155829942367481
0 0.22219115263758932 0.8107476556635421 0.2055855881802548 0.22824684191093397
0 0.383204485376389 0.19293436400896 0.34333204767585496 0.3612273033190809
0 0.20599035669173443 0.09129761518914323 0.2340960979988535 0.17223463135718362
0 0.843332047675855 0.39034898705407256 0.19573245571201853 0.18682142491603043
0 0.10329706148660948 0.40732264767725795 0.20042826667719255 0.16787067187502067
0 0.053445624807506094 0.5125555546078597 0.10202441121546299 0.18857264767725795