0 0.2520389507818953 0.8950629867615916 0.21202842704649955 0.18728021919508572
0 0.6309860295931948 0.2648296387675208 0.23881402798016646 0.22149356675170956
0 0.6242658452022746 0.4941171957584396 0.20148107646221164 0.1462469841588677
0 0.6891463039307831 0.8309054230500528 0.25004836177933853 0.21215793283771398
0 0.8555244463812947 0.13004238397510612 0.23518368112756222 0.23580474339423096
0 0.8847640405428924 0.4184749424274565 0.17273283637123227 0.20555983604113265
0 0.8774070200111724 0.9200954866174137 0.08334932168239106 0.10990753127168801
0 0.7997236237398719 0.9458963775746253 0.15212889417502604 0.0707206508646368
0 0.075120787405941 0.4244446866965811 0.150241574811882 0.1504951750637822
0 0.31434074287855174 0.30818882438146333 0.218651292780494 0.1802365311543805
0 0.14629211560758776 0.6724864317868587 0.2925842312151755 0.28371582592841915
0 0.06377704450500854 0.9498519167937498 0.12755408901001708 0.08698807253878235
0 0.2473279820328801 0.48249665054449764 0.1626270895156439 0.14054408960673087
0 0.5497698034922986 0.10614237199038444 0.2704564764651958 0.21228474398076888
0 0.2581928580401947 0.04486079494999992 0.1855373608426875 0.08972158989999984
0 0.11639041340206524 0.2074271311670939 0.23278082680413048 0.2985285439553421
0 0.047892987645325936 0.08052784121479696 0.09578597529065187 0.12712610533055563
0 0.44878586943583704 0.7333308779534183 0.20800563170886585 0.19678370352991473
0 0.4023023260904518 0.43570256093776677 0.15016625501771366 0.16424685030352584
0 0.7791920258465908 0.7124445548892087 0.20663206201126327 0.17995678045299165
0 0.1512837433468772 0.6637652444768695 0.3025674866937544 0.3051266407519233
0 0.06755426199037448 0.8594848904024572 0.13510852398074896 0.20891483457970084
0 0.2755598936992404 0.18073003302638865 0.1655704531533639 0.1766017819144232
0 0.3897695440217625 0.8978554690802346 0.14472073473880714 0.18571361526730795
0 0.502824046118037 0.938411118045993 0.1785220466236637 0.10012630611356872