0 0.28030532752453835 0.8767667196631235 0.24939594407674465 0.22255236293532585
0 0.5910075288112442 0.7716182261513522 0.1621269534948669 0.145139805138731
0 0.13911916455300133 0.9208470901656125 0.07706591061700643 0.06293354020225878
0 0.7881799612171216 0.17926514022253315 0.16953439040623408 0.1499894529498677
0 0.022803924422849904 0.5599073540806541 0.04560784884569981 0.17345452260792257
0 0.4229504499567623 0.2955456077024449 0.35020646855746923 0.27841421635419394
0 0.9218770986261455 0.3779592460906909 0.13724365311430595 0.30120799795713865
0 0.9243197475882678 0.5834251589893705 0.10963413500990936 0.15444751606219007
0 0.5112214821311407 0.8718183743221337 0.17782337034183165 0.17647371614561974
0 0.8901516144491963 0.24235870849951255 0.14819362269636224 0.15707512490107306
0 0.10743856484506734 0.7251643838960949 0.20804081333678776 0.21029538431324332
0 0.9663808665109879 0.1409776150035302 0.06175311038281514 0.1589755050135865
0 0.717497110793323 0.32146966283045575 0.2763279978936245 0.23472543055051928
0 0.7153217771279944 0.07995305020799123 0.15923336121644846 0.13310658920168544
0 0.1387477112617056 0.5170988324941622 0.2761769839128107 0.289999906921166
0 0.8254313963148527 0.061287878918571834 0.16610616753422855 0.06585483756525232
0 0.8665642033358798 0.73276430163585 0.156384653407045 0.1811555419429791
0 0.11974147148486042 0.9245647407389002 0.0865833460074766 0.060585634719671495
0 0.5025120742917905 0.4957563029233587 0.1376966950567475 0.1353845688451984
0 0.13641318332867872 0.10254725229821901 0.19484619186858365 0.1813793046280157
0 0.8025826945318365 0.5925448715024793 0.16291054729418272 0.16437057436950026
0 0.7013946350990773 0.5102205339947307 0.13828439040623408 0.14980764576827546
0 0.6059794982755317 0.5516313401548923 0.12435105960772957 0.16174296553061723
0 0.20795314302490314 0.29319151099109997 0.15388285802828455 0.17873771062131802
0 0.7991259477645845 0.9722826379710975 0.1845533429656821 0.04673594967700122