0 0.1532931200286291 0.6351052093813976 0.21886326588486343 0.23885850814414467
0 0.26559481488252074 0.3304335116442756 0.14332284519991456 0.15665300670610202
0 0.10580135622728962 0.7740922556643401 0.06057088605342723 0.07390104755961492
0 0.8630761037403397 0.17515606413491858 0.1436871503388778 0.16146069901379434
0 0.4613554104930063 0.9357265907979564 0.17114780913035033 0.08228006575576731
0 0.7379548423381197 0.533987445243027 0.2718224455872033 0.33847325311814064
0 0.6669955821911363 0.04291859878073065 0.3003373182284265 0.0858371975614613
0 0.4613025148431015 0.029898948287627822 0.15337426045543376 0.059797896575255645
0 0.16363285669711022 0.4046450702169749 0.17289760932399467 0.16845422215526554
0 0.8018124701595719 0.06952299855481217 0.15647085413662046 0.13904599710962434
0 0.30025901661817517 0.8197983565214494 0.20855513374213813 0.19744666582031528
0 0.9071249000968221 0.011847912533659022 0.15559595403979806 0.023695825067318044
0 0.7189736929531736 0.2356372933118816 0.227714177471736 0.2610395812372047
0 0.9483104711170761 0.25477272803308026 0.10337905776584769 0.1531562451353665
0 0.13477870733359973 0.9810231088398838 0.0743012154491635 0.034310730930601135
0 0.5105044787949728 0.8026580836148886 0.28504218002508064 0.26060355059707024
0 0.9763907325264415 0.1456157433531475 0.04721853494711708 0.16451859112784223
0 0.3113905726160943 0.06498382763852563 0.18069146824456356 0.12996765527705126
0 0.10115788511378605 0.7925764832418901 0.05889565017750736 0.08333427960551767
0 0.539763054272862 0.43900249823207144 0.13170378232023255 0.129482088735868
0 0.9178030150116171 0.8341010705182799 0.1643939699767659 0.18564545037115193
0 0.4487755279325648 0.13160277017755562 0.16218930929172068 0.15330253495426233
0 0.5293610070288427 0.2379170392469545 0.14612685924330948 0.13057500415275752
0 0.48571095915363255 0.33188647397529836 0.1616787143338616 0.1150231490622054
0 0.7349356517912108 0.7493869734911873 0.17551947079790808 0.139972373448075
0 0.045547557296027066 0.10655163517303558 0.08781636834138576 0.18112749888469806