0 0.10281591805326559 0.3769106196072451 0.20563183610653119 0.2778597007529517
0 0.434348162658687 0.956701432486522 0.11642247968548479 0.0865971350269561
0 0.5479928770206917 0.7763321868966474 0.1951389183263199 0.22420569279472163
0 0.6345428781249842 0.08944882808463153 0.19245270528849298 0.1472826158716448
0 0.5601457340530912 0.1871450724763714 0.20665448415095802 0.2101323397687424
0 0.17034490842156982 0.18663132590271855 0.32313037358219054 0.24473968918087877
0 0.5204860511040403 0.4615111473490121 0.16039379812585663 0.19197646588284856
0 0.747699143798839 0.25997840235820496 0.1790674926662856 0.24535069472340057
0 0.06814325339380302 0.9584223057636289 0.13628650678760604 0.0831553884727423
0 0.17617509592548997 0.8810152510300779 0.1525107064048614 0.17253586231382093
0 0.9039720191329023 0.4016839333485429 0.16679642942475845 0.23778943236476457
0 0.39967948038623385 0.0621615473938273 0.22948719307368612 0.10753634772697235
0 0.7528922438925966 0.04236038065570851 0.1336385891378838 0.044712347483457635
0 0.7906020125772574 0.7196247417616752 0.37190938433025467 0.3350109476821572
0 0.4296779261529738 0.271178383782522 0.14088066201110677 0.1145637755038351
0 0.9358324526195906 0.9019158782497196 0.072931950855642 0.16301614613143847
0 0.799244380304552 0.9509900936918384 0.14294873153522458 0.09801981261632328
0 0.9548037812498423 0.7376371129980654 0.0467414756356307 0.16945829201936227
0 0.2916970652132852 0.9434010851248217 0.1724664386408351 0.11319782975035672
0 0.6444367491361392 0.49519635280190355 0.12232144603979424 0.13323498649924823
0 0.5838635842688671 0.9205500943006252 0.14669568420798412 0.14354981890882795
0 0.6489277615587559 0.36659058357113433 0.14155221527056325 0.13379454473460434
0 0.2566658504888302 0.40209955691546406 0.15441088761411503 0.15818273017016354
0 0.6296320939658074 0.6090642936022082 0.14513127962845884 0.16751833566787006
0 0.7749579667820043 0.4785406785828648 0.15373933435465842 0.13895196093939433
0 0.23433675556129505 0.6625321683209644 0.11742980957466977 0.1306912507865632
0 0.18088750830751782 0.05699849554357503 0.19250611503424084 0.08004486834337202
0 0.01022969859028309 0.09045898227661857 0.02045939718056618 0.11361027224554483
0 0.049034596335071304 0.833759167833935 0.09806919267014261 0.1930513612277241
0 0.04400946098027737 0.05778436303464554 0.08801892196055475 0.06268411068467569
0 0.7021709779577634 0.8746635699486253 0.1546627200864115 0.165394268631702
0 0.38379493788691704 0.6548495138757432 0.2672543029417044 0.22630403617730693
0 0.37070730840513255 0.8229089103067155 0.23765265167866176 0.20383008343965733
0 0.10928911559846284 0.628427294191556 0.21857823119692568 0.2832968960754196
0 0.8516406998492164 0.1775795446322859 0.26261449894887623 0.23097183892616033
0 0.8916017954775006 0.06684987016973236 0.15429640904499864 0.08613729033419834
0 0.3900106350757019 0.373494596706614 0.15955435655153577 0.16793800434438705