0 0.7569084532880722 0.667448694386617 0.2222027337399558 0.18157509697742288
0 0.15033667807978934 0.39574655722837576 0.21047719149483585 0.23198594036911813
0 0.1250884995253479 0.6038191012142161 0.1861450414322636 0.1813653194602009
0 0.45980430072942685 0.29539177085648216 0.24895271512418907 0.23461354920800098
0 0.28521858223880453 0.14256653426080843 0.16671847985208726 0.14759959196383635
0 0.31786309224453707 0.9356189949289099 0.291592613341754 0.12669220530559036
0 0.7037363406081039 0.9237589908792503 0.1834055512508624 0.12365902660007813
0 0.7970490132425355 0.17203961659317987 0.20304189034826065 0.19348244640413523
0 0.6254327388471093 0.12856840224578397 0.18617301176789305 0.1861730117678932
0 0.43955421695847624 0.0590752365956737 0.17858387377535523 0.1181504731913474
0 0.9130691524075748 0.26871710518493147 0.13307861886605601 0.14980764576827532
0 0.8206461406396814 0.45434469540804756 0.17147023148852014 0.13801217768408128
0 0.41389966718225624 0.5420447272302866 0.2321537623828956 0.23932334534098978
0 0.4318088380545273 0.7690963074262298 0.1667324650199019 0.15000343811768246
0 0.493637549999417 0.8841173084476603 0.14274994415269965 0.1594789710549192
0 0.281715297701198 0.74472999579927 0.1839649579634542 0.21981287275392455
0 0.06427210953673204 0.7279668073326631 0.10655240016685938 0.13523073199923574
0 0.13086655828586974 0.8501713764800024 0.15246322494278786 0.17636183480310144
0 0.030201112413890265 0.4240970389722538 0.06040222482778053 0.12776746051703086
0 0.11761983816953457 0.2348846572700906 0.10386885065671729 0.08713982375449775
0 0.9386287918172513 0.8334531293250002 0.11362408695024967 0.11123422596421871
0 0.9467773365223812 0.6723534815138634 0.09970447606850559 0.19768877649579125
0 0.8602482716332752 0.05427373551673937 0.19777268750268023 0.10854747103347874
0 0.7539258253802108 0.3537747416453234 0.135468479852087 0.14741778478224396
0 0.6078847782725748 0.45918815199042634 0.13296673752353746 0.13057687653750621
0 0.9766917529960681 0.9017389820245787 0.036575143516839805 0.08915208520952962
0 0.07117138578788586 0.16184006035017148 0.10641254848871141 0.11119227046077415
0 0.13748372711527931 0.9522928825150196 0.15198772923708476 0.09463106557233221
0 0.5908822392428174 0.6960579017350687 0.09914506935591359 0.1015349303419451
0 0.9425516313893018 0.1591742831711539 0.05568004623727582 0.06762935116743264
0 0.588148940290174 0.9592860481651299 0.07731466162189121 0.06775521767776574
0 0.6215448621945959 0.7968376330150148 0.0773566171253355 0.07496675613930447
0 0.7046391852873076 0.5619871373093116 0.16670449468427234 0.14519574580999015