0 0.8907422712161269 0.382637514750565 0.2155785723266389 0.28373944413160707
0 0.5004784815138634 0.9448331989056675 0.11836185341886818 0.09992828514419526
0 0.40786128010686185 0.7512125404568557 0.19842999038997547 0.22825518361650218
0 0.38300789167183247 0.06804724716007082 0.19552267819479663 0.13609449432014165
0 0.44974219209911814 0.1630246153234294 0.2103792953201323 0.2163758092591595
0 0.8377885313475871 0.1885553301425227 0.3235558569003088 0.25134430568475324
0 0.4637658903843239 0.43808318660335954 0.16459433705453697 0.1966135856632158
0 0.255903925270855 0.22176668817021142 0.1817289338233856 0.24969400002447445
0 0.865765200723775 0.9574084870611942 0.13739683030023014 0.06649820924936979
0 0.7676620263700638 0.8804303096386761 0.15725693208266542 0.1748950564314674
0 0.08808841110045569 0.35231646152622437 0.1720715937045566 0.24237057643342547
0 0.6222675024025062 0.05353941432454704 0.23142653365652613 0.10707882864909408
0 0.2715437117938192 0.014436220498951687 0.13479719179697697 0.028872440997903374
0 0.1800079568270162 0.675772783565106 0.3600159136540324 0.34076212517748034
0 0.572994847477418 0.2553340942809826 0.14249821113203337 0.11703492104489427
0 0.024218666009755047 0.8470480851246156 0.048437332019510095 0.16648075282769198
0 0.1413272441989001 0.9105533671595812 0.14244227046077412 0.10741953642950965
0 0.013890839190965234 0.6813085712799302 0.027781678381930467 0.17103670359398584
0 0.6459601219089074 0.9347274747833608 0.17374821113203337 0.11739854771580291
0 0.3374241156292529 0.46359014046664543 0.1257831693976286 0.1360698912990203
0 0.3589662247127733 0.8923969661044079 0.1498775716073493 0.14596498873818084
0 0.34418193749195986 0.33491444302993223 0.1450139386283978 0.13629366155804112
0 0.7320115066392994 0.39770477323364095 0.15718700624359136 0.16287582566223677
0 0.342762442958758 0.5789048276453168 0.1476135771316511 0.16997547899426488
0 0.20897917582835376 0.4374423733046167 0.157075124901073 0.14364505643146755
0 0.7304871233474864 0.6597240040028717 0.1209614919221216 0.1336101025804189
0 0.8397386609026017 0.059935575270564694 0.19279717318121023 0.08637231797482398
0 0.9072948808103626 0.8427502829530826 0.11890727496364525 0.193678285144195
0 0.9646617424796202 0.07170222243308295 0.07008913799253783 0.06571501334279677
0 0.24510519126482125 0.8384371404788827 0.1572289617470357 0.1700873641237751
0 0.5827694588123739 0.6410115455614023 0.2681694991871436 0.23387404311314533
0 0.5805885739884151 0.8092947619718219 0.24160132498450274 0.21193174362237627
0 0.8712449824417271 0.6352511455222433 0.25166423496996077 0.2889667056749634
0 0.16148343857089417 0.13152539997797305 0.265793623368927 0.2386537641384599
0 0.13082081561911563 0.032144238970769394 0.1566275995309995 0.06428847794153879
0 0.6024275770166438 0.36075368402049324 0.16205063922254295 0.17254715284237662