0 0.4020582466983607 0.2586263255410382 0.1861213844416316 0.19188886511457215
0 0.5094386921339393 0.15655140817011765 0.23685846132127034 0.24008154681087218
0 0.8744806552508785 0.6076011846382252 0.19912067187502094 0.20934568938480097
0 0.9393652791647564 0.4850254740306396 0.12126944167048712 0.2864049681658232
0 0.36451300724783375 0.8766514151278957 0.19305290671341055 0.18745911352286326
0 0.2728320521606168 0.4824053134682003 0.2389585827444668 0.2761392391185646
0 0.2171043440975475 0.03107125126129244 0.23709330357971042 0.06214250252258488
0 0.5308825176162034 0.6075245224935938 0.2344546151674242 0.2399555665722111
0 0.11274592697232906 0.15564054204526256 0.11486975693641564 0.16179313050109093
0 0.1486342947680994 0.8132184453608468 0.09991035617470981 0.11068246007701586
0 0.2376240195421873 0.7265744468222924 0.2166476354263427 0.22224678182465987
0 0.9514319270157674 0.24135515082155 0.09713614596846518 0.12598739867072092
0 0.5543620683503764 0.4724733178525373 0.19688054235694435 0.1708841509232625
0 0.6517449108477269 0.07106927643316246 0.21398748162362716 0.14213855286632493
0 0.1985013681432764 0.2825557996733904 0.23912229938023663 0.2378036808956872
0 0.8177350845618551 0.4405866454459639 0.2877355462957887 0.29067807466101836
0 0.9398801376129561 0.1323580915375335 0.1202397247740879 0.20607020317961092
0 0.9051976961379409 0.18282863914901853 0.1492236435646606 0.17557608461157784
0 0.704382829703457 0.23313743085434785 0.24974144920066976 0.21439512055053142
0 0.6523952910898847 0.3962056961709766 0.19685683381605437 0.211623555299986
0 0.7137029791329458 0.620849552936215 0.22698676905701623 0.19403052917181185
0 0.7574729709294705 0.7306757053908133 0.19221285814413192 0.17303603659978634
0 0.6238139344373541 0.7955488866868069 0.1999844289851896 0.18302936193115443
0 0.6965356469388075 0.8435781520733255 0.1642304614081467 0.14520794628220612
0 0.6097516104466912 0.9059947187154267 0.2575604371235075 0.14290963712845275
0 0.24767689058880837 0.09338739171294279 0.19078906865444412 0.18677478342588558
0 0.09060718583472858 0.4172086203598951 0.1411720565338436 0.16077506697251756
0 0.12004669172127583 0.612177230108398 0.17680972455689664 0.1554532320908963
0 0.06811842445992872 0.6727670832899122 0.06567276910045447 0.14004275649709863
0 0.8107646347530496 0.8797873786678896 0.12845278529021387 0.1481259350099807
0 0.937712574551851 0.7824622742949727 0.124574850896298 0.20594422294094983
0 0.8150308784030506 0.10581695325901785 0.20661222652631858 0.2116339065180357
0 0.37092118152665915 0.6761873325687063 0.23048697142901034 0.2541266830179657