0 0.8736645589133093 0.33378059190358383 0.2526708821733815 0.26414081758285646
0 0.9587942414458929 0.17037832479427065 0.08241151710821434 0.17839723068235427
0 0.8501920122881004 0.7863800007601696 0.2996159754237993 0.305122501752231
0 0.1107162292926731 0.7487636356869722 0.1413288188658893 0.2620881132414402
0 0.67868300075248 0.8954383001838444 0.2179152066615559 0.14919993502377066
0 0.31133913182553946 0.2460701622233823 0.21292118587613998 0.2207552872596361
0 0.1545356736093369 0.19005683009440139 0.21609525933498086 0.2329145261237467
0 0.5854384745861382 0.268710785963507 0.20099511934577088 0.18413756257242472
0 0.5916145921288026 0.4215650288750574 0.20703517534145496 0.2036483479929535
0 0.260496319930717 0.6387015710582489 0.22826853556521057 0.23601841275199165
0 0.8261182840531587 0.9182178104436185 0.17785233236789055 0.08459981360057392
0 0.5629137118579098 0.1068096803608448 0.28928896217735817 0.2136193607216896
0 0.976561578797172 0.08752749080446327 0.04687684240565614 0.10404171654889337
0 0.933349544438766 0.5886238470226114 0.13330091112246778 0.20182824275951652
0 0.5033096948632787 0.9261615874651997 0.1648156645938044 0.1053943804159109
0 0.33219062306556724 0.8914910002606296 0.1671263465087887 0.14145207272360322
0 0.1961583886901235 0.8583960649110721 0.16355101788908802 0.16040282576461296
0 0.4180450920578141 0.4051332999666531 0.1615161438793769 0.20339204034408404
0 0.7796735775619735 0.19345819505900305 0.17097748303376265 0.201548226569757
0 0.11161743107022272 0.3674858583830423 0.17634047596331362 0.1731220970082424
0 0.41221303326518444 0.007248222848104034 0.08404145114575347 0.014496445696208069
0 0.1607943410994692 0.06535350611459809 0.1453376856631744 0.13070701222919617
0 0.774503842590228 0.583429450091154 0.12416520666155588 0.14373961932345958
0 0.5555854980265227 0.5370659438136625 0.09991181843995825 0.10161416185415707
0 0.6337515529289853 0.7967168912403823 0.14139338489933861 0.11360968408249761
0 0.2527188665559258 0.4232073200518187 0.17920645850015665 0.1804736435646606