0 0.6662367307978315 0.3269193492830658 0.15550311038281514 0.16385838391463542
0 0.5689870910788611 0.20830288383731513 0.20043747797559147 0.20623476336379765
0 0.16442666165421096 0.5890453485943924 0.16570619034768647 0.17861723746744082
0 0.07951663275716433 0.44925596062990275 0.13337056858674318 0.2687042289521132
0 0.645736604677768 0.9323107803944525 0.16482464732345647 0.135378439211095
0 0.7733874225200458 0.5707037030436807 0.19229133173392382 0.24195667904176169
0 0.8797056529393357 0.08713000207809597 0.22094976741713276 0.12053574339965695
0 0.5065298769217308 0.6490003699479557 0.1980336318217453 0.2061508192063655
0 0.9607844409474651 0.2761142920389996 0.0784311181050698 0.14940477257987425
0 0.8667700593721921 0.9184257833158627 0.08074309669474043 0.09643621303782678
0 0.7870329873045459 0.8172238500490596 0.1829249103242674 0.1888202311848499
0 0.10102068487817671 0.21116454236882762 0.11949848283102224 0.10499085801827857
0 0.49613907879391483 0.5118132508638606 0.1736564381395254 0.1380876294817844
0 0.4366368090668353 0.08245961272418381 0.1905813104413629 0.14107908473765524
0 0.8667089214382571 0.38672935765582833 0.20264542567960875 0.2015110152135374
0 0.23733791049923764 0.4343635827127282 0.24287005018960733 0.24612335250168152
0 0.09396425054089426 0.09689790590370323 0.18714490728247296 0.1745650425766372
0 0.17353195653666129 0.16448796509537614 0.11915157040037948 0.1553876830916157
0 0.36787005018960733 0.25048844868815007 0.21829695805755842 0.17325247046940812
0 0.40477457285669566 0.41980698142528183 0.16109439648982302 0.18325704146026894
0 0.3221459000279277 0.6305594111351703 0.20088233963114865 0.1582417844443066
0 0.26861643439448407 0.7307082128952618 0.16664079812781585 0.14264348931718046
0 0.3969956826540325 0.8180060013894225 0.17414618426409767 0.15010686025101505
0 0.31918697256328343 0.8524954595787791 0.1441246397189704 0.12025337651567615
0 0.3962753254147974 0.9393353337964742 0.23605848891461095 0.12132933240705167
0 0.8346875980692681 0.1899764545430459 0.16251875039452474 0.15930252407923942
0 0.9512210717749071 0.538915725097993 0.09755785645018569 0.14104855032597094
0 0.9153265567695065 0.7256869325539781 0.16104951202080778 0.12324483177154705
0 0.9687254591393469 0.8001527535774612 0.06254908172130605 0.123382185674727
0 0.20223107943659466 0.8688148881722992 0.10595694893217536 0.1261218084583015
0 0.0809429781791627 0.7493589811522277 0.09898619338948082 0.1906898779824193
0 0.2706959174610438 0.10426972455188463 0.17070978110520763 0.18359281808999722
0 0.659241434394484 0.7443491384779757 0.18900594255584752 0.22023811949971409