0 0.8271351534280431 0.6440995485837006 0.2518314329945426 0.2790470062270552
0 0.8506347084735011 0.3425428365146693 0.24909140024481394 0.2741133336807018
0 0.674573849374903 0.28988807796518234 0.17421950952977083 0.16241281007511255
0 0.08367263879849723 0.3148204127959472 0.16734527759699447 0.25944851789958673
0 0.2792427969989913 0.5092288826837424 0.26741468965327714 0.19364236683654418
0 0.31395518295671465 0.35784445430112327 0.24243468165976928 0.24741906551107185
0 0.5446167769849595 0.8717652706731811 0.29531929704438464 0.2501906307616172
0 0.8406595471702188 0.8474713982513807 0.22219535264135332 0.23198814667870565
0 0.923718029468147 0.7637623812731531 0.06784491890137599 0.2167138729428533
0 0.3792139289221328 0.928415750791096 0.21558917403897887 0.1431684984178082
0 0.12778513588963325 0.9427384015237222 0.1790777418201335 0.11452319695255561
0 0.290380377903691 0.7812363279746992 0.2727936751873932 0.27056544375962094
0 0.39607211879959653 0.21859501530711184 0.15224870754927322 0.15647129561946976
0 0.5050351222297087 0.1784650688851258 0.1822209744983447 0.20833784747551173
0 0.8030615053239616 0.16030679208660192 0.2736846816597692 0.24905680861366689
0 0.6505430645449667 0.06425171171958097 0.1989138709100667 0.07030055317770753
0 0.5595677238938752 0.3646848232599459 0.2231533724463297 0.27993908951696755
0 0.453026159900419 0.6462072269758365 0.2554624722166468 0.26247204362745463
0 0.6464011886533936 0.6237707328724754 0.21257996802596862 0.231484225724061
0 0.05122951236297916 0.537118302717028 0.10245902472595832 0.22327506697251742
0 0.7119279879492137 0.9234437471724269 0.20066181722207851 0.1531125056551462
0 0.1967544879946071 0.17075305987495928 0.2673136096879365 0.2606980986669142
0 0.34876808891333866 0.10151477751021291 0.2106133884333454 0.16911020596272217
0 0.09724869245622318 0.6794338143196694 0.19015542613431793 0.18480330689169477
0 0.24068185847143192 0.9471528206865047 0.15967887929142316 0.1056943586269904