0 0.7090964218953102 0.33090592596729873 0.18311968755708902 0.23204713757215506
0 0.3030638394677119 0.846050516126919 0.2330967918432658 0.221449264608191
0 0.5003585500649924 0.9133926517769204 0.184264371349454 0.17321469644615917
0 0.27705274117899603 0.5211117666845699 0.23924759066987142 0.26027510820869293
0 0.08696190996563306 0.6501148649883347 0.15002291609358315 0.17679453878427911
0 0.8869351847129993 0.8288333610183832 0.16400339689543622 0.3025231490622055
0 0.9364239422098254 0.4469502649452223 0.10734129442637706 0.19034271561053387
0 0.23410407078305112 0.16355687297110905 0.19446736506686307 0.21372713118879366
0 0.1527586583889475 0.3188767593401317 0.19147590981099238 0.19671805554238894
0 0.050976775097740824 0.4779293539752501 0.10195355019548165 0.18662793871973093
0 0.3549984661464998 0.08354004118339856 0.15057999078392348 0.12409207596914532
0 0.5155066918920732 0.21500787680827108 0.1404914756356307 0.178469774660199
0 0.5082378631965767 0.6302177960551774 0.24114777187912503 0.2460341838550973
0 0.7333599600837943 0.6713785991249069 0.1523428180899973 0.17457284519991462
0 0.8597030666027077 0.6423889942764104 0.16111876113106077 0.15126299393937942
0 0.6743207163337629 0.8091070893884945 0.22264196565356023 0.19668219279180313
0 0.6071732532633137 0.9796999243607405 0.1351495839716615 0.040600151278518945
0 0.7429638560827475 0.9509276251281731 0.18068530699155835 0.09814474974365393
0 0.3032546031166395 0.9677144272296806 0.1276862130378268 0.06457114554063882
0 0.13951835684874137 0.836067987556018 0.08774421415419509 0.10974072454723983
0 0.9152319738958336 0.19106758859593334 0.11262211726697739 0.13560071178051702
0 0.7617368638852502 0.1348475940182179 0.20148048080185313 0.1399365106974892
0 0.10552883596396621 0.08391801947282472 0.16394232807206757 0.16346437727809168
0 0.40209093466830126 0.25341278232737785 0.14884769788953386 0.14314069263043303
0 0.4709439348108662 0.42131912736592203 0.13193683065517886 0.1394617784902158
0 0.9731494091875634 0.15448278936336574 0.05101496858704625 0.08777766677424689
0 0.05665434149263896 0.8623267232705676 0.1118666198500887 0.11396609639590156
0 0.8652662053778891 0.9641136259278795 0.14172010358542764 0.07177274814424095
0 0.6984126385673718 0.4988108515975664 0.10191545860497578 0.10362210150259074
0 0.25434599944181585 0.03252932621120083 0.06823107803944527 0.03154257963779181
0 0.9514575035689904 0.5685997931933826 0.06518621303782678 0.08165904372959787
0 0.8045596180450468 0.49600825696244794 0.07471765349577944 0.07998380785367806
0 0.5937804834622846 0.35470560199384693 0.147535125782305 0.17420854006095146