0 0.22041934369335187 0.7582975415017092 0.3521939590167813 0.32061277034027813
0 0.13885134976496405 0.1542627650810896 0.2745716000342642 0.25872621200523527
0 0.8305576595015378 0.08646643237339673 0.17240729643048852 0.1530109214981839
0 0.6190340256695792 0.19598532748028794 0.22171495593202634 0.2598991550729703
0 0.8845759538877603 0.7210808120497323 0.23084809222447936 0.26275060234903863
0 0.7961930718430049 0.3361317364707792 0.3348355815746838 0.2745480424352567
0 0.41792043180482474 0.06984839899508534 0.23968701745580331 0.13969679799017068
0 0.5477480042109041 0.7855440916547004 0.1870821148949639 0.17498123772446605
0 0.48885040518041717 0.373341431349412 0.15787233437790127 0.14305983604113265
0 0.42463017131419434 0.22695959653509584 0.26028837952307526 0.2704097419327993
0 0.14243083184398375 0.35856171308787377 0.27926740721244603 0.24922272767040624
0 0.3811570503843298 0.9336913707049143 0.2417272369387406 0.12097962941239342
0 0.3946545487930035 0.5438486677297539 0.1679912020760829 0.1865528673714745
0 0.6068075364784584 0.4884163110844012 0.1850978379767819 0.21098297989188042