0 0.19396792050190598 0.7591468216737347 0.3382586371796815 0.3152742102062443
0 0.15543886026674184 0.14852360309026183 0.2634177475507104 0.2556454977265101
0 0.8490463718260608 0.17208901538615176 0.16428666336261152 0.15134747352874728
0 0.6309458807742993 0.25437020587645587 0.20815725634787852 0.2572330038519678
0 0.8717686248796326 0.8130521813529061 0.24902264096326313 0.25961314146492387
0 0.7971251303103675 0.4167449992398305 0.3235838272359381 0.27116493086773513
0 0.4383033457942013 0.09406109270017302 0.23397023148852042 0.15060001597256825
0 0.5181864701631186 0.8297306067901956 0.17883560679602167 0.17382213748264136
0 0.48815398111815533 0.4119751128939342 0.15221149192212147 0.14103204843896386
0 0.43373959256811856 0.2585145420963149 0.24667473548067612 0.26908851798542865
0 0.1387587814518741 0.35066854642610346 0.2775175629037482 0.24460632362143764
0 0.34067865295435334 0.9477561537375581 0.23626219629984804 0.10448769252488378
0 0.3826356820144415 0.5693462992282027 0.15967476340432626 0.18472130349283397
0 0.598003675468709 0.5434154852584036 0.1766415381593973 0.2097398216954538