0 0.25856132400163767 0.20752963490915913 0.24882186108058044 0.22383908926209647
0 0.0784562027965246 0.11872549949811138 0.1569124055930492 0.16530764309846055
0 0.7066330538416777 0.1273258267639116 0.2838492769320292 0.24105761029230605
0 0.8168936416920715 0.8841334657616028 0.2394518559513804 0.19731286772265585
0 0.8760064922987401 0.24840007191642796 0.1863710163242505 0.19429365335650242
0 0.280762018152791 0.7756345087646133 0.2094283566501387 0.18255413541104779
0 0.25647877222639337 0.9232036359129363 0.2194853449942228 0.15359272817412736
0 0.24985451792981864 0.5057883713215366 0.17077059394608549 0.17970274873915984
0 0.399113582966547 0.4606056339053819 0.1901975874193694 0.18233036515202683
0 0.6758020636093711 0.726093303689436 0.2226249328744574 0.19711706874601267
0 0.8861609976658328 0.09452594678789651 0.15497394732540598 0.16270799796797114
0 0.09723387295200843 0.5734580061695097 0.19446774590401686 0.2574929354159426
0 0.017366638926879868 0.11921415487440547 0.034733277853759736 0.1470821559026571
0 0.4933037981326661 0.07311173340104583 0.19127701911928313 0.13671323079370518
0 0.9200612151362783 0.4161386903857983 0.1061121272784242 0.15253318770503446
0 0.9022291883231953 0.5903755796160779 0.11312744149744812 0.15021325539832103
0 0.8883462239822411 0.7309726083337004 0.11734646107759626 0.1430576595015378
0 0.41643166174800544 0.6316423374993677 0.19569226294194608 0.13196148105076808
0 0.13849210278458818 0.3372665569455934 0.19186569184682706 0.1439247692552436
0 0.43877863143367174 0.9292420646452434 0.16100814033185637 0.1415158707095133
0 0.015528078075240056 0.7482255076996501 0.031056156150480112 0.07773424411202748
0 0.12792215823929426 0.9515742779586708 0.125833655481563 0.09685144408265846
0 0.5227392198046127 0.2430863703299966 0.13824533473582312 0.1048758338637754
0 0.5201153652507485 0.46682587597314334 0.09581015618032122 0.0851695528325869
0 0.7602542044170133 0.32525237856824685 0.10414988485327743 0.1284947261665728
0 0.46627519810580925 0.7874176677642625 0.16880835152093887 0.15566428720069816