0 0.33437107583589676 0.33199078800170617 0.171693021967806 0.1564278831830563
0 0.22708336801317583 0.42991298975721565 0.2163439737549854 0.20160044983044018
0 0.6593201856022064 0.8321684930358102 0.1869573360401706 0.16671503340249508
0 0.5292411613145993 0.917877189351247 0.2751488505764955 0.134911856587145
0 0.9373479882913103 0.3488899048844672 0.12530402341737948 0.16559542406240488
0 0.5662381650839738 0.22343892537003582 0.25156042891339 0.1936644792251908
0 0.06700584898148125 0.11756122574309592 0.13190860508974317 0.2216083177445774
0 0.6776383445230759 0.4897850435863992 0.21613366446766344 0.19919660367659403
0 0.24678433799757826 0.03872164630695158 0.15357482186623914 0.07744329261390316
0 0.9042498816792731 0.12804560826281963 0.10047989719430188 0.08128955334942835
0 0.8123169319222219 0.20835716040334296 0.1980448856668088 0.1839898002154541
0 0.28732444827172193 0.8977673022851435 0.11105638425299122 0.1200869746129937
0 0.541039732328489 0.5009745091326052 0.14693318857407378 0.17442708213972635
0 0.11683552947200745 0.562970863078517 0.15080919973917345 0.19136596615065843
0 0.3699051750164527 0.13121033976120028 0.21174659073461505 0.20378037411626837
0 0.4949280560436595 0.7601750111364773 0.25838077010099664 0.24425720938996912
0 0.17335206525135152 0.9054892928044177 0.18404242731837572 0.1881257269190924
0 0.23152601421089583 0.8255432706630975 0.16132684419643856 0.12003430807333697
0 0.2941333489457253 0.6307427906100309 0.18437260189971472 0.21926376598508318
0 0.4597737136234319 0.5928574483063233 0.19134440977321915 0.16213126296282082
0 0.681707774233973 0.674239079025675 0.16847735996538413 0.2017650773041062
0 0.7889186586681609 0.7271730470225998 0.15110995301980032 0.16743946554620592
0 0.8609152680351128 0.5983103947992888 0.15895241934330456 0.17498688680977145
0 0.9051150899013518 0.6759019233990723 0.1275825540492876 0.14479720175550964
0 0.9581250208079055 0.5982741197474177 0.08374995838418897 0.23681512120571732
0 0.1760948063512105 0.16437361742139625 0.1675162575220795 0.16341549977657677
0 0.5110570382803418 0.04750386269748766 0.1471140765606836 0.09500772539497532
0 0.7045960749656692 0.08077404132619512 0.1338624113682332 0.16154808265239023
0 0.7707176448923789 0.02801289654682917 0.1279737513232194 0.05602579309365834
0 0.9350691826654908 0.7927387169984572 0.12986163466901848 0.10667154609599823
0 0.8306683223383172 0.9146993802924281 0.19549175291823345 0.10007910669885689
0 0.15909625571011254 0.728750620029721 0.1921856469225068 0.17174664757820543
0 0.7547433994783468 0.33654804702259977 0.22971550424145284 0.19025298466526352