0 0.408203115363175 0.8918156517859982 0.23188804419441447 0.1990223911319653
0 0.6820116229878418 0.7168096116295761 0.14983561610390503 0.14135580709324047
0 0.28276258257700887 0.9711739341619665 0.07235313246823612 0.04296372799796991
0 0.7096232949029838 0.10192747152768883 0.15464330841159735 0.14149569665207937
0 0.04415408350487266 0.6728799505654559 0.08511357713165114 0.1707172980489136
0 0.38635413394287854 0.30961737966221076 0.3284194898792601 0.2667240284625917
0 0.9166609364705292 0.2497234019540551 0.15314849816571297 0.29767575187265993
0 0.9515438746817786 0.45059730718583935 0.09221323425067113 0.15169636315640295
0 0.6308595657019624 0.8336630673820012 0.16202266888691325 0.1705516848364916
0 0.8260000558473004 0.13459284203353492 0.1354824650199019 0.15295536918595407
0 0.1972240605373053 0.8018169462210689 0.18866076892862813 0.20497492356395242
0 0.9071302642171829 0.04294320797091812 0.11843177925794197 0.08588641594183624
0 0.6798890829005905 0.2554110396499537 0.2536625112571777 0.22369035568520237
0 0.610276241968905 0.043883849402417005 0.14963982375449775 0.08776769880483401
0 0.06158775867144054 0.9812146230993307 0.05308040773402255 0.03519263130107548
0 0.17078954678405442 0.5946886188767009 0.2515943091308869 0.2813127185980905
0 0.7126634661924032 0.004023415352488357 0.16121152915365508 0.008046830704976714
0 0.9326059926199707 0.6073718930314856 0.12841077823651156 0.1767839963861571
0 0.2635108355945175 0.9753392616280918 0.08192656158017637 0.03603196865410943
0 0.5199695790595051 0.4775754720147182 0.12574121389418422 0.13104097468366063
0 0.0717797405878295 0.19862281046356856 0.143559481175659 0.1748697636882475
0 0.8371444122729569 0.4911792995928815 0.14754365129257715 0.16051663154459
0 0.7172737634403895 0.4393880770253954 0.12582512490107306 0.14546405160673756
0 0.6351793798464356 0.5042661995256588 0.1090821128310387 0.15939751507387795
0 0.17573789212504412 0.36381447093834096 0.1355943463624204 0.17218613841672334
0 0.9261620356779472 0.8887617825903248 0.13763457815308192 0.10975608319614266