0 0.14298780687606782 0.6860277230828912 0.1953310097607908 0.24867479208173587
0 0.0918746653616452 0.3863566268100987 0.1837493307232904 0.2438670997740435
0 0.25387949029786305 0.3193672533897648 0.1447922805116454 0.13898107646221164
0 0.8890274061849357 0.2965531105231495 0.21646207388290614 0.22880619487975243
0 0.6709158081028843 0.5099564958298319 0.2363622349189104 0.15605298229315367
0 0.6189843549810896 0.3612125690212253 0.1921998117833336 0.21722856783922112
0 0.45006164820817235 0.8929291471039256 0.2496123687742523 0.2099187188903423
0 0.1502512757216873 0.8913357673723877 0.18230467646656 0.20442444009993194
0 0.03496063493798047 0.8184358825191101 0.06992126987596094 0.208987149653605
0 0.6252896368686425 0.9398783758846381 0.17934132890993598 0.12024324823072383
0 0.8735571923981296 0.9439620201786106 0.14976782324017096 0.11207595964277864
0 0.6910637250139418 0.7825476548051855 0.2214935667517097 0.2388140279801662
0 0.5209322238139956 0.22797115083560918 0.12315766512703 0.1372150582795797
0 0.4084829809158652 0.19591207297588123 0.13869974485566253 0.18646932681159076
0 0.10930455985512819 0.18340327343077828 0.21860911971025637 0.25083325874939716
0 0.24421318023744654 0.062082180428804014 0.18465056260203 0.09904765781573029
0 0.9532918454817841 0.12237217812447775 0.09296870791420932 0.07716805967709592
0 0.37636273892441213 0.3859631864946549 0.1643048103219019 0.2557392615444298
0 0.5132930197879803 0.6596577596935085 0.20449879325395307 0.23022891982102542
0 0.31958757891239264 0.652275169709539 0.16553370352991473 0.2054547165561752
0 0.9320408415667197 0.5180256722965197 0.1200284770276711 0.20893799440993496
0 0.2907074203618048 0.9467715954588182 0.1735265340772436 0.10645680908236371
0 0.7126544495268696 0.1653478659942681 0.21646207388290614 0.22880619487975243
0 0.5538337578912392 0.10782780002088871 0.18079402267906003 0.13952059394608557
0 0.8707677248966341 0.6671624443223215 0.15491121638953012 0.16140058881688574
0 0.7646287885813027 0.950302937542792 0.12388501695064108 0.09939412491441584