0 0.8495587640160879 0.6270474686016138 0.21447544618811037 0.2548653190030756
0 0.8867090204671348 0.326175101417558 0.21441950362335513 0.2500576266953833
0 0.7143453650908409 0.2668909568256688 0.15549645950643273 0.1436170851490899
0 0.0964886594770634 0.26329023998678386 0.1929773189541268 0.23303490464181695
0 0.3093935035254575 0.46989345431622576 0.24703841232922977 0.161506916956362
0 0.3507911845713307 0.3203934666185337 0.2117079733633553 0.22358734772069797
0 0.5574338296283969 0.8419564696665769 0.2669125210546838 0.21701914875384448
0 0.8567965896293759 0.8312625065490263 0.19952091489985882 0.20902441438573297
0 0.957437300408886 0.7543805444842018 0.069741193874544 0.2099178112911882
0 0.38593559987518056 0.9148558922538487 0.194181768226992 0.1632953948979008
0 0.13586567166923655 0.9237745210057351 0.16038806566125782 0.15088456617538362
0 0.30863659477063404 0.7415000984184635 0.2383740513146838 0.24312580105762102
0 0.4400979609998613 0.18475713019636641 0.1338338728394396 0.1409614974538453
0 0.5498785445943366 0.14862866761741603 0.15362406771776108 0.1892621907897893
0 0.8505830840841268 0.12674399482203025 0.2409177538804178 0.2534879896440605
0 0.7027194164055247 0.031317402010001896 0.19071501334279672 0.06263480402000379
0 0.023730777432307858 0.09226836409930085 0.047461554864615715 0.07988634872447523
0 0.5957597220046176 0.33677116504678695 0.18568523490671177 0.2593373559222366
0 0.47717239478776613 0.6133541712162968 0.22146321439062788 0.2357184636194391
0 0.6708218665842695 0.5990832522156686 0.18269399182293575 0.20882861540908976
0 0.05907435997405714 0.4860655784532172 0.11814871994811428 0.2105611507858733
0 0.7213280809014743 0.90614620605448 0.1843146420702088 0.14154889438377521
0 0.2436538871615393 0.1293584676590225 0.23585832003132717 0.2334824451598587
0 0.39701138563139904 0.06915127074867228 0.19155415181412502 0.13830254149734456
0 0.12001942760615782 0.6331329066493715 0.1677674318170619 0.16539155694559327
0 0.24756060397594987 0.9296853948367149 0.13858562258237678 0.13620974771090827