0 0.3271349814388361 0.8192110679129103 0.3057420922949789 0.3449484726709065
0 0.9041319341818378 0.7282497555947731 0.19173613163632444 0.2728535312940903
0 0.8121942841065706 0.06656803830584715 0.14563153261581208 0.1331360766116943
0 0.763478959111699 0.28129267647952777 0.2500040197561967 0.2195807535742072
0 0.17676963233525653 0.14958326897024288 0.25173847410480793 0.294099984343438
0 0.5799733645072651 0.16009584768518184 0.2599011649510687 0.3201916953703637
0 0.9369724934235578 0.4354946673994712 0.12605501315288428 0.2402279702881018
0 0.21305815977740428 0.5195287269948703 0.16760184884209417 0.18645127161357408
0 0.6280003670782055 0.4580706841680287 0.13573639729903858 0.15837122081867128
0 0.7860677416981843 0.4762612862280306 0.26051460661602566 0.2585462129903903
0 0.7380527983958339 0.7916588317172372 0.23502345130844032 0.298025814980502
0 0.09627981558109035 0.7242080367395665 0.14725408668386772 0.2406059110040852
0 0.48799282849935943 0.5953742006760598 0.17917347848910262 0.16785040357611053
0 0.4841312638811435 0.3777631336336523 0.20360359100950867 0.18593712903964524