0 0.35821376413980105 0.8382555381764085 0.22967542872140315 0.21685747786836737
0 0.1834369915744983 0.9339094979750728 0.1569274642875168 0.13218100404985422
0 0.8111653079244796 0.8749351780619203 0.26259056554494886 0.25012964387615927
0 0.8374159144192495 0.10965746878277996 0.2373318288384988 0.16911633142117255
0 0.9365714738806095 0.7281899900710986 0.1268570522387811 0.19038463576437545
0 0.3133162078380041 0.2665865792210582 0.19214849803999415 0.17954062319919364
0 0.2694939943841207 0.10422775247316857 0.20416772880922493 0.1799603439863541
0 0.3148670348628666 0.5402892641297914 0.15358901035354117 0.17579367052643408
0 0.4660869117273958 0.5695742355077583 0.17281977958431036 0.17646522378589077
0 0.70725312939403 0.27314188257838184 0.20706132108764314 0.19206351891301698
0 0.9580285429064612 0.882665725097993 0.08394291418707749 0.16027931955674019
0 0.12800779496825274 0.49055633323829 0.22623902556251313 0.25034343570734924
0 0.09724135232323733 0.9414415458604976 0.08412643509773107 0.11711690827900484
0 0.6064649400389641 0.9398848003585931 0.18106387505089286 0.12023039928281366
0 0.968243893301659 0.5551283342000176 0.06351221339668182 0.1518925628911525
0 0.9485407342787346 0.3814218299423539 0.10291853144253064 0.14809220047264524
0 0.9313505917518246 0.24136917183853634 0.1372988164963509 0.14163615942799554
0 0.4637932852287906 0.3954632776687763 0.1828800258552523 0.12880802149612827
0 0.22500438133805273 0.7207837565230227 0.18096592582597834 0.14074330810792682
0 0.448851938285895 0.08768702581903655 0.14770387657179 0.14918347451926234
0 0.039665453055758235 0.3254426165009837 0.055823092132048835 0.07396215607889053
0 0.141747325943074 0.09136525059080647 0.11547438432264549 0.12405373893418362
0 0.6136397743183719 0.77396222740805 0.12901591822149236 0.10292278849416082
0 0.5840978040936359 0.549691009762185 0.08986873518555291 0.08475275889832436
0 0.8372546215254058 0.6653503839025597 0.09403566738785904 0.12810593382498708
0 0.49444132793168066 0.23450479672435828 0.15501336425824286 0.15183915314540464