0 0.873432222015157 0.3472689227495991 0.25313555596968595 0.30303511539974654
0 0.6975998313606383 0.9599069486088407 0.12792459939759973 0.08018610278231855
0 0.5394508250670556 0.8043875384918008 0.2204638796792716 0.24505716109422665
0 0.27559304456119704 0.126915479643513 0.20871382217332268 0.17964903504655735
0 0.37539440328707774 0.22000957980167865 0.23164264395879672 0.23387839681470174
0 0.7513612197334593 0.17453698290996328 0.3440685933130724 0.26805299621230144
0 0.4849786799598442 0.4872144328157493 0.18205288120040344 0.20888191547126367
0 0.21220147812238116 0.3150461094940122 0.20514979628381871 0.2655151233932544
0 0.991064105318465 0.9374060367767446 0.017871789363069886 0.12518792644651072
0 0.9196675155400329 0.8601286200085355 0.16066496891993426 0.18914686634667094
0 0.109785316670568 0.47533090861103927 0.17082357693820807 0.2535464326066939
0 0.49752034387214833 0.08502394195767161 0.24023299543660437 0.11726658836182816
0 0.14728995526000982 0.08804250457852672 0.14223012300540583 0.0841005487518752
0 0.2900644216011846 0.7785764206164322 0.40898891281684857 0.3754526199782732
0 0.5235753650194636 0.2865855622935311 0.15263543412782574 0.1302779055687756
0 0.1802433583985567 0.9467286580368321 0.12071306093606128 0.1065426839263358
0 0.3417800606087373 0.9758099185135276 0.1486011949772386 0.04838016297294482
0 0.12540919673768813 0.8184925820682454 0.08645385492305106 0.17588396915925186
0 0.8357034318915215 0.9356119488027651 0.18607064700106035 0.12877610239446988
0 0.3735442570768455 0.5356363391299597 0.13715325743443169 0.1483320217139569
0 0.5425770244288965 0.9359107903780844 0.16426793831850398 0.12817841924383117
0 0.33483937530980035 0.4097370959826186 0.15638402666520093 0.1496767680974858
0 0.723640619023783 0.3938670727777922 0.17248803656768913 0.17472378942359426
0 0.4185361641667529 0.6488187083249704 0.1635450251440691 0.18366680084721426
0 0.2432070148839946 0.5360906390075526 0.16890753732825511 0.15772877304872998
0 0.8134057999229862 0.6513137178698722 0.1320093785308573 0.1431881428103823
0 0.7080755156142983 0.06865019882546168 0.1949971850747504 0.05190900229682892
0 0.9018372709458254 0.08578747854049196 0.06809761881472773 0.05021159596748746
0 0.9870804061505484 0.7922490745079794 0.025839187698903306 0.19958624410183118
0 0.4160641847474264 0.9151883331196977 0.1729923164615126 0.16962333376060457
0 0.6669980544939474 0.661408672354185 0.29067969803463356 0.2571434051960581
0 0.7228155059511276 0.8267780137507112 0.2601526112090683 0.2310878240823029
0 0.8994328648255393 0.598000072598999 0.20113427034892148 0.30923809407363806
0 0.12146068413539134 0.24889859692197766 0.2261120384766696 0.2574125784593399
0 0.05192603561319901 0.12682375628601728 0.09544740632934148 0.13345520487972687
0 0.5877392646825048 0.3831678783671952 0.17813619536508712 0.1870792067887073