0 0.12242023496789768 0.7125852804911286 0.20198070361846024 0.2196682472063607
0 0.7093329405572008 0.35567117443546753 0.23594223387846006 0.24748184404747067
0 0.4798635323532147 0.35473048499459925 0.1610034338735651 0.20838772576743053
0 0.1341843559344738 0.2781747712193759 0.2288705518288096 0.2592072271419582
0 0.8173924482201392 0.14383068493537834 0.2501695118248938 0.23124261632003434
0 0.5237735764211883 0.10183280257273869 0.2158163836116074 0.16977517332507824
0 0.03945451898594353 0.08690372606016965 0.07790207180629319 0.08726899058187776
0 0.022320753868180807 0.16309218379638818 0.04262757540517388 0.1531074445158533
0 0.6185923796087357 0.9140196070482816 0.16072372104978913 0.17196078590343689
0 0.7045977026513945 0.6714341213790362 0.19485307900405455 0.22658593799315588
0 0.36065358780537937 0.836997585141642 0.30677262363510277 0.32600482971671596
0 0.0909621344806937 0.8999159144192495 0.0952324779660132 0.13122386592550966
0 0.5371116677887369 0.7318853679427171 0.15094050874013887 0.16953439040623436
0 0.8825899928389501 0.44214839093114533 0.2348200143220997 0.2789277424972996
0 0.961443088246082 0.7349462276668692 0.07711382350783598 0.18852437671815964
0 0.83198924729468 0.8753693011107259 0.3130051672134249 0.24926139777854836
0 0.9497044123659415 0.9471478915452245 0.10059117526811708 0.10546720280760323
0 0.2607515898129339 0.5211999255332392 0.2115681169514672 0.21765619795217253
0 0.5653695826396469 0.5792635794079939 0.17243526771286616 0.15839670266123343
0 0.24130850976839044 0.19243825557129532 0.1947132225921665 0.2145667072239251
0 0.3689271929319529 0.8327663670661825 0.32591947901873924 0.33446726586763514
0 0.18369202473922508 0.9135329553085032 0.2231957497674115 0.17293408938299357
0 0.8372567816309746 0.7152828672108693 0.18702617233020866 0.1734074749337972
0 0.10159510264160482 0.5747824559225823 0.1916100943788802 0.15437260415285683
0 0.05341943801104609 0.4610935998829043 0.09822372104978909 0.18180258438119332