0 0.7011945395417114 0.7276939332547273 0.217575291374913 0.16836083400428373
0 0.14968714556671017 0.3604433987125537 0.20351993354853523 0.22065784028687452
0 0.08976296924599625 0.5618475434851959 0.1793657133906967 0.17182541979306265
0 0.4712832767985239 0.31267176880307435 0.24210745224873492 0.22440479295963406
0 0.3242298342207883 0.1317346293392195 0.16330489336502474 0.1400717548484702
0 0.22161534982649408 0.9343578384045125 0.28830489336502474 0.131284323190975
0 0.6054118628905811 0.9570207951923707 0.18102389973186014 0.08595840961525852
0 0.824061307101365 0.2443148254768806 0.19669655742226466 0.18202841351047194
0 0.6615973889298316 0.17361883246022053 0.17961767386801897 0.17663311210075502
0 0.491092839126178 0.07253898589075519 0.176342187662829 0.11413311210075502
0 0.9228335238152595 0.35854331940209944 0.12749916153465463 0.14362028479468128
0 0.7995802543239638 0.5276328950009984 0.16748268447941136 0.12822041239410353
0 0.383027089205585 0.549210220151656 0.22553248964913414 0.22862487616530175
0 0.3639104181905672 0.7761218492178211 0.16102702744983974 0.14239165684488433
0 0.4044234161381788 0.8991529910569777 0.13761846710468403 0.15357144603979422
0 0.22074537017877566 0.7277739969239492 0.17657370490158295 0.21011906993973695
0 0.0297365767324406 0.6734699389912097 0.0594731534648812 0.13059372413626547
0 0.06343469497005726 0.8074443047588219 0.1268693899401145 0.17065020158901342
0 0.02799495703337828 0.36908959597865887 0.05598991406675656 0.1226266882578382
0 0.14383072487259188 0.19647819530642271 0.10271504018351049 0.08276863353163857
0 0.8595113314567109 0.9234738704288195 0.12788732386992244 0.10524269049057476
0 0.9026817964391165 0.7660372145577384 0.12052936193115443 0.19376527739572189
0 0.9069633345512046 0.10993983566676055 0.18556940994294607 0.15284648303458973
0 0.7511628266021775 0.4175710745356996 0.12977702744983988 0.1413003827982672
0 0.5891756149334527 0.49861119376235946 0.12889516577921162 0.12447345972134413
0 0.9026699144162067 0.9786897745274808 0.08323231047541887 0.04262045094503829
0 0.11072845736379468 0.11585013778930232 0.10397484257012206 0.10680709507010014
0 0.057251441656376405 0.9321924722865256 0.11450288331275281 0.13235655144233943
0 0.5325473680564973 0.7290293806960197 0.09625938315393895 0.0969398779824193
0 0.9667752026585581 0.2553191182287051 0.046544716974421016 0.06401099483377756
0 0.48522466600791564 0.97868211544986 0.07526489058191342 0.04263576910028004
0 0.545096073828583 0.834226269569068 0.07336496538271206 0.07214591902706885
0 0.6673261689816632 0.6157319315801748 0.1631789131263637 0.13766790869462403