0 0.17424907739066745 0.5804387439181994 0.31424139330415873 0.3094684240047869
0 0.12663445358023154 0.15338544466341497 0.2532689071604631 0.2010016585575992
0 0.8947919180019918 0.4403755546962395 0.19111140487623146 0.20780762715250845
0 0.7053226249062521 0.13513523988998036 0.17584899060012057 0.17887756229946591
0 0.2790318550666961 0.36706982810629835 0.363437432851794 0.3482096658226212
0 0.47367503928468163 0.8230174279394391 0.38535182735408746 0.35396514412112184
0 0.8825515816035777 0.8610486316193164 0.1898523988466804 0.16453839638327794
0 0.9444498247971829 0.6342068289405952 0.08172354304944016 0.24802969404841263
0 0.6092109773234446 0.38101201945006363 0.42782594189612083 0.41347712633965206
0 0.10377898562750788 0.977401209391313 0.10229048927050913 0.045197581217373925
0 0.6962061024829309 0.035305698666290984 0.17489548734183039 0.06350693208266535
0 0.8547493958221855 0.24660022112314298 0.19584915240450448 0.205431751334292
0 0.7633163902602248 0.8687698273509454 0.20065684471219652 0.2054597216699217
0 0.14506042582874507 0.8399282620232509 0.16299042247785572 0.14996148261423825
0 0.559492374484961 0.10663791388404699 0.17563915626186216 0.17166602383792748