0 0.29460649042054826 0.8028846153846154 0.09845235922837844 0.10096153846153846
0 0.48955834223789046 0.6274038461538461 0.13333777565632368 0.12740384615384615
0 0.5296958026332642 0.17307692307692307 0.1155032041733197 0.10576923076923077
0 0.5354487131742902 0.5288461538461539 0.12053481834902992 0.11057692307692307
0 0.6769758503521052 0.2127403846153846 0.12405827384296614 0.1346153846153846
0 0.6261231014163899 0.5144230769230769 0.12405827384296614 0.1346153846153846
0 0.7458675653726616 0.5048076923076923 0.0931968231846502 0.09134615384615384
0 0.9125332461628474 0.7800480769230769 0.12249082076683984 0.10096153846153846
0 0.3367461700676462 0.6237980769230769 0.1157271260413376 0.11057692307692307
0 0.8175813230859242 0.7800480769230769 0.11298739708546453 0.10336538461538461
0 0.38127661830815207 0.6766826923076923 0.11768312845914768 0.10096153846153846
0 0.43424005535330057 0.1622596153846154 0.12087070115105697 0.11778846153846154
0 0.4434175380146919 0.3076923076923077 0.17633041801787955 0.17307692307692307
0 0.4506423321856208 0.5144230769230769 0.08827716994294886 0.0889423076923077
0 0.6059935089351534 0.8822115384615384 0.11790705032716559 0.10576923076923077
0 0.17895173633400085 0.5132211538461539 0.1109194337336453 0.11057692307692307
0 0.8388010558590271 0.8485576923076923 0.13333777565632396 0.12740384615384615
0 0.2027596481497492 0.4050480769230769 0.167775348348233 0.14423076923076922
0 0.888455195645167 0.5985576923076923 0.11639889164539159 0.125
0 0.9524401568355079 0.5072115384615384 0.09511968632898433 0.14423076923076922