0 0.21209625076751976 0.26065220029835057 0.10642185416184938 0.09551229020909886
0 0.39940770401562936 0.4668402285189272 0.13482427518247378 0.1296276885605662
0 0.8573048335119865 0.5360686113829491 0.11220960313369997 0.11242313186740752
0 0.5009055663157969 0.5190413286681025 0.1172973116311519 0.1173147427564856
0 0.8261118617137508 0.6808089753942098 0.14147578126449317 0.12013818181726012
0 0.5206489508443048 0.6106392382584134 0.14147578126449317 0.12013818181726012
0 0.5372647402036779 0.7309993831134923 0.0965264533567053 0.09053676073863506
0 0.2709848736605984 0.8800411981753171 0.10782193511064715 0.11955075174756047
0 0.39412295922153334 0.31425893668573573 0.11701729544139242 0.11250705044879329
0 0.2654545539128476 0.7850892750983941 0.10966574888497416 0.1099773264228686
0 0.3436884854973139 0.35540313998280115 0.10754191892088755 0.11474305943986816
0 0.8625918214565436 0.44130550511414385 0.1245088500926905 0.11744062062856414
0 0.7172991372437308 0.4411708141810738 0.18287748971850704 0.1712902996991145
0 0.5104283599180819 0.4351584690276441 0.09384259101309968 0.08568710914025014
0 0.15069036383520698 0.5669598513977948 0.11234961122857985 0.1148269780212538
0 0.49580936827359123 0.16354483328837513 0.11673727925163281 0.10769935814110099
0 0.19799499923983047 0.8019222814674946 0.13482427518247386 0.1296276885605662
0 0.6056625423352253 0.19427915521570638 0.1536113115877137 0.16357524974926216
0 0.45156520565926456 0.8675841246226258 0.13144037236446934 0.11275880619295009
0 0.5476716347313305 0.9459791302433149 0.15095115778499818 0.10804173951337012