0 0.15860280285680803 0.5522257756255925 0.31720560571361606 0.31904908561185114
0 0.2335086003570637 0.935992574151816 0.2833712208186713 0.1280148516963679
0 0.8817945012708093 0.42410080313356424 0.20567181922505912 0.21480014251759572
0 0.7967916962408665 0.7827542447764508 0.18252544097651005 0.18532448565666634
0 0.3223997999529505 0.7159855906770628 0.3765661917676057 0.36138331059504536
0 0.3553691864110534 0.20173737570253464 0.3998385502548162 0.39326281360982096
0 0.7513381249348684 0.06519691911724697 0.22809298089949392 0.09304332602447592
0 0.8903509358804838 0.21489624296952936 0.14759134919748362 0.25151306149364633
0 0.6289854999491437 0.5852706387917148 0.4424676582114571 0.4281057210137988
0 0.8299671754882786 0.9077064105599497 0.1821577218798106 0.13250981505147053
0 0.888228054658187 0.6229077242818085 0.1718919928325518 0.2114170694518765
0 0.6185647862089969 0.09503877479272987 0.20517811988969858 0.1595816257585536
0 0.06581637268232678 0.3182041126133545 0.13163274536465355 0.15563899445747828
0 0.6687102912033104 0.8608828578671154 0.17974365410668014 0.1780430024157083