0 0.23307349330412722 0.21103222028133334 0.09978842873230703 0.1074895616876368
0 0.44635763379524707 0.36713263299509424 0.13618177642853063 0.13696510489418318
0 0.5348770039906345 0.8150154514273047 0.11669926565636296 0.11499481518402523
0 0.5029450758336392 0.46107753309538935 0.12396674668265653 0.11992838536379594
0 0.6772773383562986 0.7632610071225815 0.12665030566027882 0.1440088061929501
0 0.5953952532683946 0.46787556194217694 0.12665030566027888 0.14400880619295037
0 0.7155735753195136 0.4669795204844585 0.0972726974489504 0.0978322177815593
0 0.8535035568966445 0.17977403097489073 0.12385486155314632 0.11031300074841131
0 0.29593543584440807 0.3853800886633962 0.1191590543749643 0.11984446678241029
0 0.7584677199725888 0.188642961418796 0.11426744822013919 0.11254900973948612
0 0.3338523763648972 0.32823933504227265 0.11904716924545387 0.11022908216702568
0 0.4409312050139913 0.8334787868412482 0.12405066052978952 0.12713992382533454
0 0.43539794349510924 0.6893738954825573 0.18001043284531365 0.18579729520357718
0 0.4209625650614716 0.484138764363561 0.09003318770503445 0.09530249375563461
0 0.5371329025486021 0.10478381119249822 0.11910311181020898 0.11503677447471791
0 0.14910417941783535 0.5081109334426201 0.11432339078489437 0.11735670204717835
0 0.7725000410076931 0.11870064685844697 0.1361817764285305 0.13696510489418312
0 0.18393113530091296 0.6132507748514584 0.17005939284139762 0.15678330419465206
0 0.848987878923289 0.3613063748809682 0.11929891078685219 0.13186369755164107
0 0.9345473455785342 0.4439304558006416 0.12195449848209705 0.1535402722269492