0 0.16256783211583073 0.5571927761860045 0.2978115992974261 0.2951196051545943
0 0.1440920256802819 0.12486313946645312 0.2717692687916605 0.18644297696901735
0 0.8931105419138408 0.4911850013123405 0.1834146564488398 0.19879589870181638
0 0.7342138142150051 0.16867495089786388 0.16551029189785774 0.17196194002756424
0 0.2887309523844776 0.35440548690576945 0.3449539145942198 0.3322403501275644
0 0.43505546662942973 0.8303360354800214 0.3650662268492191 0.3393279290399572
0 0.8566407090981285 0.9138143232670413 0.21991721041208917 0.15161417786933767
0 0.93295973009795 0.694227081040973 0.08921979479328221 0.24463481616762822
0 0.615190815560932 0.40290806566907106 0.4050949529093887 0.3936793073403849
0 0.04735877157268216 0.9620140377308227 0.09448052904341621 0.07597192453835461
0 0.7364135816321381 0.05563823152681686 0.171403605966493 0.08083958674252151
0 0.8722472498982144 0.2946001380905456 0.1833167072239251 0.1963920525479702
0 0.7198173767787266 0.9037827482746265 0.18812439953161741 0.1924345034507471
0 0.10766508581628811 0.8121673139754809 0.15471951658349956 0.1428919856202991
0 0.5928501048847046 0.12448053293595135 0.16521644422311418 0.16475040156602577