0 0.8365885096460185 0.6497771787560935 0.2640331631004186 0.19446536551102211
0 0.3394580922856653 0.14702746060181052 0.23426564106643172 0.29405492120362103
0 0.34410604808308254 0.8700953857675479 0.2595611261812575 0.22291907087214632
0 0.9068340286686735 0.28861178131770937 0.17391774567887916 0.29277807506469544
0 0.8864555947951084 0.49200654005964634 0.20832513232629288 0.1538945156254924
0 0.8514574429565089 0.8166728398277215 0.11678317950349555 0.1296110713330116
0 0.6641252706507748 0.817555253820789 0.2649562154188796 0.2737922885879452
0 0.08500088307300718 0.11563019323688307 0.17000176614601437 0.14373961352623385
0 0.8718549148631473 0.03132492306200257 0.1601363241198593 0.06264984612400513
0 0.8644187640772738 0.11555923749653847 0.16522372925132783 0.16478555618330523
0 0.6785936727586741 0.3997030491584226 0.2881292513342632 0.40776984523211557
0 0.19381308916419887 0.4740980032558978 0.19270097439160688 0.25588633054327425
0 0.0607719312478687 0.5897519806502843 0.1215438624957374 0.19309219254558513
0 0.4598157014762966 0.41996330138110377 0.17279889438377521 0.1966242289108493
0 0.6561512584463643 0.08830547155150806 0.22610307900405446 0.17661094310301612
0 0.9535509762890265 0.8143429249054636 0.07421323079370513 0.18617518881390155
0 0.05302362973118938 0.278036877620343 0.10604725946237877 0.20834932168239093