0 0.8475687521685888 0.8727847037041206 0.18378315078186183 0.189625817460698
0 0.3417237533771533 0.06887576825146641 0.14498596829276822 0.13148596925034875
0 0.07305479492442425 0.7820471815477619 0.13852962889322878 0.26120974771090827
0 0.2846467930686967 0.17397368824363457 0.18604714525756 0.16561532720461422
0 0.15846045786988727 0.5883426092518173 0.3019212415156933 0.2510925641433548
0 0.33670089367863054 0.4449937774812567 0.2611117975715678 0.26023243695832005
0 0.8446482561607447 0.9853005785144032 0.12041607037734454 0.0293988429711935
0 0.3031169733638584 0.45662141029720094 0.17657161232032337 0.1895419036135653
0 0.22624823440174177 0.05190814669734124 0.18326569957271432 0.10068350976839048
0 0.2870390581201763 0.7917481641409073 0.34534430913088676 0.2780383549184594
0 0.5261494205233463 0.1623617251995072 0.19834607938308663 0.21383210669342534
0 0.4534001148378369 0.6722979374969202 0.18386706178875054 0.20404889438377521
0 0.8710733732646398 0.45002945037454 0.2578532534707202 0.2770593600352431
0 0.12636355386194265 0.23582950668363561 0.18146321563490442 0.20402092310139744
0 0.12750174232854972 0.018309401042936265 0.06269579234940714 0.034381099495663946
0 0.7863110280386574 0.4658494072858692 0.3046887020327243 0.3136205354257324
0 0.9703574929435521 0.25407487397782613 0.059285014112895704 0.20743005129020944
0 0.9229938134251837 0.48308275602258166 0.1540123731496326 0.1772989025853137
0 0.775687909985458 0.0859438154898553 0.21450171440489968 0.09864329028545321
0 0.6871186133056907 0.7687611518875481 0.23929537500536002 0.2287306954169216
0 0.7176048189494856 0.22468159599468082 0.2731170431729838 0.257968447216362
0 0.4244754398584027 0.2453075610830743 0.22724817390049973 0.22378314669734126
0 0.6993887757404386 0.6054534554790866 0.2825086651033316 0.21961879388433397
0 0.6567846417975599 0.9211362872129355 0.3182586837190986 0.15772742557412903
0 0.9052578544402988 0.1763965724305538 0.1894842911194023 0.189709731307831