0 0.1640797701853892 0.38160633215070006 0.15027174391442985 0.13354049378766591
0 0.3441013144329641 0.42151649021804677 0.1998175073591627 0.18682142491603043
0 0.3655538416877017 0.1790899031872297 0.1714352433153625 0.28355901199028577
0 0.5037822217151846 0.4182155672931576 0.12884696286807304 0.13949195939528636
0 0.7097102165184961 0.8873759804578127 0.2228067972063315 0.15216381355713574
0 0.24886599914769852 0.313074129800425 0.14842745599593982 0.15263125492355528
0 0.10320338449362726 0.04554492309864221 0.1205163079358224 0.09108984619728441
0 0.7967037511421158 0.09787231004181457 0.23932821751199368 0.19574462008362914
0 0.23792368627814114 0.038998983875397845 0.18761416590525617 0.07799796775079569
0 0.668602047729941 0.5682007658349033 0.2647655746388454 0.27459625076751976
0 0.23290211452259443 0.6967676075286461 0.1805610144748106 0.2672921212928816
0 0.8740979440488753 0.22746318302527907 0.2080082727325741 0.22089529535451585
0 0.4208957730881269 0.02308323499042368 0.1197469153622077 0.04616646998084736
0 0.48634068000507524 0.15165680613554902 0.20100656860929433 0.22768680953141504
0 0.9473987768237273 0.06509463605619739 0.1025445447346042 0.13018927211239478
0 0.0969356685353208 0.7922784414098577 0.18721299470099298 0.24848137634675174
0 0.4233691320024612 0.7900642635831324 0.22023733784006355 0.22880687429045318
0 0.8751780430202819 0.8501411951893179 0.13066552713298035 0.20199195939528636
0 0.8688408143014873 0.8205131425508801 0.15209030817933702 0.19604049378766591
0 0.9682455021624742 0.249577094046759 0.052877389203286586 0.2502563076488695
0 0.41554861055319886 0.31656472105243494 0.16278058813959717 0.1510674573389877
0 0.9198610537594921 0.5103706931981766 0.134258434536958 0.24299735210555085
0 0.035404056175200455 0.8662602267652292 0.07080811235040091 0.16651800800800323
0 0.5655847964757874 0.12894617834798444 0.26306117627919434 0.2578923566959689
0 0.2443432895842153 0.8808837047106415 0.18058673812839346 0.18570136015699226
0 0.22604795815841386 0.1488188382761577 0.17759761008560832 0.24792134396723273
0 0.7329169989041837 0.37847249058727195 0.23925827273257416 0.2227154005879529
0 0.8314598068302868 0.6619055919035838 0.18943273017016354 0.1598190848442038
0 0.5159907667956222 0.9058581705571724 0.15267559006827616 0.13368050188254552
0 0.468698120673903 0.5930425915560777 0.20856783096793036 0.24012606458528515