0 0.4455717310624997 0.36150750048324604 0.267054743394231 0.23773459628025287
0 0.24014473579871726 0.8577306797300459 0.22998994856153857 0.1915220018733021
0 0.04787406301260652 0.8315343466221716 0.09574812602521304 0.18229946247511244
0 0.3847741905847753 0.4902115802013555 0.36443949263418823 0.29846818136545505
0 0.8673018310165593 0.6608584925739341 0.24413528466132506 0.2838492769320292
0 0.8108903469163453 0.8724968515283992 0.2596773643899576 0.25500629694320165
0 0.6837362665156509 0.9579808557209479 0.3515230497424146 0.0840382885581042
0 0.4345195684795398 0.9160855913814856 0.25693580751634637 0.16782881723702878
0 0.1095647958566771 0.7042284142234999 0.2191295917133542 0.2017260592162306
0 0.41373827434577976 0.17707375223014135 0.25313521773365405 0.2581918662097802
0 0.6649391924836537 0.24935999000187398 0.33033804535811995 0.2764902727394804
0 0.9136813192664529 0.27207304525598847 0.16894465220876087 0.2489201715679206
0 0.7639114861481834 0.49828035993587755 0.3132313715798078 0.26309747227264696
0 0.14469529109358928 0.560929610961634 0.18716831891453006 0.20722073473880728
0 0.5946570982897963 0.8372967972258561 0.24726447276068397 0.21212634080167392
0 0.3389841886858968 0.7501950340460173 0.1909689086972224 0.16434395245460573
0 0.3058918538129269 0.6198478242544512 0.24279248129465822 0.2261569692397215
0 0.659088383068429 0.7076851307945956 0.2847209185753208 0.2751658582855478
0 0.20957719181159168 0.2567447620127552 0.257775059620513 0.2513727762332711
0 0.09349621449065161 0.3660220466236637 0.18699242898130322 0.27531332401655817
0 0.2255968576106837 0.0858508832253286 0.28919090016324794 0.15796606947463035
0 0.527531325549626 0.09965971796861198 0.2670527335161327 0.1345654359073829
0 0.7586912023617521 0.15345112660204682 0.20969612666549153 0.14427913101010775
0 0.9243547318518694 0.48608888744771844 0.135400696457372 0.14781156410753754
0 0.8159039141055019 0.3857164184458898 0.21271542436239343 0.17091766294493013
0 0.5903879668880873 0.45160217927664087 0.16788159954348308 0.20324709464484372