0 0.7628462499987326 0.13518306175366218 0.18983755369444347 0.27036612350732436
0 0.16218388610967235 0.6039090035072762 0.30716446303528416 0.2681435314469862
0 0.8907055650580225 0.6268417749543589 0.21858886988395498 0.28322065433026494
0 0.4161110570673642 0.0726410721319833 0.2889528833654976 0.1452821442639666
0 0.6138348513977949 0.09137775837190973 0.15032703296558453 0.18275551674381946
0 0.9311574400586562 0.11718910818011194 0.1270979645346415 0.12966424130534962
0 0.8818636975516411 0.30592831341589727 0.2362726048967179 0.2922537184866191
0 0.09086845778626573 0.8620506555997919 0.14261198301573208 0.1932571567222391
0 0.1059519642851711 0.07823400766003363 0.15421162087803453 0.15646801532006727
0 0.23487242819613657 0.08556280976511384 0.16403680194688328 0.17112561953022767
0 0.48382009240545265 0.2762516386731665 0.401921486011912 0.3329397893490753
0 0.46705548451001977 0.7637411637296462 0.2511207342643517 0.22068479157967913
0 0.557250487630935 0.8977175949435685 0.1896399238253344 0.13680405426571696
0 0.46357894667469224 0.4956212412910592 0.19541267981896182 0.1924568209431414
0 0.1397973570159492 0.28667445610903175 0.23483928196643536 0.2506597235933082
0 0.9281363711287725 0.03007684263227959 0.1437272577424551 0.06015368526455918
0 0.24686061874993134 0.9043883533297687 0.20659272477433602 0.14529066071362623