0 0.5858182261752236 0.7127722113823651 0.27070164561756643 0.2296925377161037
0 0.7426896957516362 0.21000634867486162 0.2323763090139732 0.18390190747775598
0 0.9431844431686783 0.23047198768241428 0.11363111366264342 0.17890964852219232
0 0.6340517943486604 0.5820229726196265 0.37203090317580406 0.28946897831630547
0 0.13844410986924915 0.4252198326424525 0.246904922937143 0.2783242806695204
0 0.17171324409384423 0.16888226733691997 0.2665034112646115 0.33238554913972373
0 0.2881942455552899 0.08362097888294708 0.3552346449567336 0.1517773743553101
0 0.5422358348117311 0.1325207751667658 0.2623562850080775 0.2075536424376649
0 0.8864897557663757 0.35968311677234754 0.22702048846724857 0.19452585188078736
0 0.6337912726556794 0.8853374578401596 0.2551345249272549 0.22932508431968082
0 0.37886782172861017 0.8312253694040661 0.3349653689588226 0.26771680961641936
0 0.12538803273650212 0.8158953726251229 0.17795948752685564 0.24236766832716883
0 0.2570207781011557 0.5855963551169754 0.3175085446885937 0.2545209257616005
0 0.8659174111947215 0.5048301624668279 0.1902409003926929 0.2025108434994309
0 0.3934237797023814 0.2406691420649475 0.2503370542388467 0.2067131759479593
0 0.655112727446033 0.32123917159361903 0.19278094840448448 0.1595777993260825
0 0.7001882284372822 0.4501305874376002 0.24615926312446026 0.2183962201213077
0 0.3417104225368366 0.3735700870346206 0.28701442612056066 0.2667587898114427
0 0.8292842465973954 0.8112282637582767 0.2619681226728097 0.24584708760126206
0 0.9194779250594215 0.6967846348622678 0.16104414988115706 0.2703228157009467
0 0.8288024292849447 0.9525608235156613 0.29336454615003926 0.09487835296867732
0 0.5278756184092193 0.9568142559132998 0.27021816790149017 0.08637148817340026
0 0.29426672146047034 0.9304815448445178 0.21328174164114932 0.13903691031096427
0 0.09620993546114359 0.6018942882751798 0.13698856591137826 0.14609626885805185
0 0.21631880979555235 0.7001069973455848 0.2146675242664221 0.16589833131524484
0 0.43287437723826633 0.6278311961407842 0.17101013116192368 0.201166097115902