0 0.4810898575251596 0.8015338380141017 0.20555983604113265 0.17273283637123227
0 0.5765493516207795 0.5805268624930171 0.20930849543974384 0.33379052867892456
0 0.7298360040641554 0.6171236755524175 0.2507333814579062 0.3611648023401355
0 0.8155571589342941 0.9314646167970522 0.2065109884258547 0.1370707664058956
0 0.4767827016628198 0.9077702419642815 0.3366543815752138 0.18445951607143704
0 0.3088632408819443 0.18175915152690705 0.3918889028514961 0.3438958788023472
0 0.8874278024917731 0.6239667480525131 0.1654777533896368 0.20305087040232905
0 0.9147163968615917 0.22760189140983464 0.14814727905021385 0.18004268532011095
0 0.8244013008543801 0.38279743406392186 0.21456177899156012 0.25024458602185323
0 0.32469998217446516 0.7947888776352635 0.14814727905021385 0.1800426853201108
0 0.9457685614925211 0.34212787695888613 0.10118935877884638 0.22419512354674062
0 0.9733868270697115 0.24202476996682862 0.0489741351994658 0.1455551836847018
0 0.03680799450619639 0.5250685396286221 0.07361598901239277 0.14629092541109046
0 0.20358248728947576 0.9282027359058909 0.1805702221179488 0.12990520933070088
0 0.1876797464661852 0.835384900240877 0.1376366921903847 0.1407962498885139
0 0.2835578616748392 0.6481298829948959 0.14032028904561977 0.15301170490025923
0 0.3500023465644227 0.48376055945412355 0.27974537584679504 0.26756187133897996
0 0.667367998890491 0.4036967044543145 0.19616825198685905 0.18156332401655817
0 0.7687811582304487 0.18558413569336285 0.21098297989188042 0.19956759254856932
0 0.05198237856682659 0.8679844874148933 0.10396475713365318 0.13500743636824808
0 0.46782179799017065 0.3368312109735703 0.14982377338044892 0.14898890956262562