0 0.828051442129916 0.1694170073129911 0.18044684856955448 0.18089366784929994
0 0.09734695251357367 0.7064033359592296 0.13860223704229668 0.1448596840824976
0 0.8560808012048854 0.9400523437934798 0.24987860791341468 0.11989531241304044
0 0.2165343096404254 0.7613406556852612 0.1540744856566662 0.18175742495946862
0 0.6468320199150139 0.8598277831578984 0.23188112105861391 0.28034443368420325
0 0.47748225815544515 0.6985465420745958 0.2449752471727202 0.25424541677771234
0 0.9646767278762126 0.16191247681601767 0.07064654424757486 0.1147771659233161
0 0.49405151267760855 0.7319085177682373 0.1802370142312958 0.17368212938776148
0 0.0852541638742589 0.8268875141117419 0.12756223318493903 0.17781348976194522
0 0.828828492903791 0.7322088777731958 0.25710864384720694 0.34134391069569303
0 0.17111326562664575 0.5199178338594926 0.2048350340051135 0.1943129795673285
0 0.6874027410311311 0.5727861086727413 0.19473003593379226 0.17692602411088634
0 0.40278050723740527 0.1518471129808107 0.2574840913978875 0.27177238032903434
0 0.30146967689770066 0.9151060727887604 0.19466009115437277 0.16978785442247904
0 0.064118410681707 0.9252470485475595 0.07605801591645998 0.05722486632588815
0 0.43435450748092 0.24727721011936793 0.2965751328742015 0.295647125231726
0 0.19225985809119114 0.05079410508140307 0.2018274084900746 0.09094759495194381
0 0.42892092524911657 0.1017745137642357 0.16553415819054088 0.1632266962030983
0 0.05714763383854097 0.2733028582527276 0.0806743713581476 0.2158787124797343
0 0.7488479336943761 0.33398787783835304 0.21563947987062995 0.23573839656223214
0 0.20507622764241726 0.3263145058865472 0.24299106969539108 0.26852848560590953
0 0.26755613963429686 0.6179262264828804 0.21048206366583996 0.22343914960324174
0 0.5842893893250438 0.3280030925698582 0.20014150760267724 0.2804314168211507
0 0.9180336727773895 0.35382385337996075 0.16393265444522107 0.31268518202619905
0 0.1283223770224267 0.12146311324144024 0.1744943161375671 0.22374287433389145