0 0.859142315221756 0.5684480388947803 0.1610348169736288 0.1479452951354044
0 0.6711386502771635 0.5409136847322953 0.21576620382175032 0.20452796307472454
0 0.7327495775465056 0.31381723652643423 0.197405410576986 0.2967651233932544
0 0.516773564280575 0.48096091415918735 0.13956808990387762 0.15124014776162653
0 0.15193463686866787 0.8487169889642284 0.23740081920636552 0.20604080275619469
0 0.8007898919370233 0.47684150842674977 0.1617063702330855 0.1671760643661736
0 0.9861378273060738 0.2491226670453546 0.02772434538785235 0.1608390590270809
0 0.34540217827576786 0.10568406418738038 0.2533043565515357 0.18077514814947493
0 0.9061813230484101 0.2015082805209896 0.18763735390317968 0.15991398592196474
0 0.3060211345706866 0.5573467644885806 0.28617982995442964 0.29817688310938384
0 0.6860196414767062 0.8297114097897159 0.20402933993649996 0.2804424802101545
0 0.22201238447281965 0.17738801219931716 0.22655680664118394 0.2388541824203352
0 0.7395490033491049 0.13084751889587967 0.12844171045471542 0.10729854380063114
0 0.6236798197645498 0.24624093092190008 0.22200094680578797 0.24572953428599137
0 0.1811279031127824 0.03664545888404635 0.1651404216101802 0.059507267336919974
0 0.7847910237167892 0.9158895346738399 0.20699026078068636 0.16822093065232016
0 0.4707647616771694 0.8458330129750142 0.23891181404014306 0.24931003352542547
0 0.050732703601864854 0.7661040099024883 0.056807115449860016 0.2533618659588228
0 0.0669987224496372 0.7168839404062773 0.09101803629404645 0.20299865004332407
0 0.1037202579897656 0.1547283636771248 0.11930711544986002 0.25773229170529205
0 0.6381792327168375 0.4211081036185402 0.17364165684488433 0.1656126847020329
0 0.08410796146114118 0.4171343210249082 0.1479014368237176 0.25253787281904716
0 0.8581388658207812 0.9887107991472893 0.1660638073419333 0.02257840170542134
0 0.5615690061400258 0.1843462907810641 0.28659955074159005 0.3101961138786147
0 0.6105694168475012 0.9459799149046221 0.19485655144233915 0.10804017019075583
0 0.8785600185626424 0.33480418874418033 0.19855009436935098 0.2608755243835032
0 0.30763511935714916 0.363223552569836 0.255570848802202 0.2456789943033211
0 0.11750236701446985 0.5837308554896927 0.2005876294817845 0.18188478790246235
0 0.3368514647329258 0.9219628850032332 0.16394232807206752 0.15607422999353368
0 0.49276946669260824 0.6519366710118462 0.2296322060544868 0.25825304494904555