0 0.46186290239995753 0.8529673989461393 0.1176816420469661 0.13921899818636355
0 0.4830014609682017 0.6677957381095785 0.16005802149612827 0.18415336577914013
0 0.24196055952997172 0.6735768410056764 0.2642323132741493 0.14279005475229886
0 0.4641980206528141 0.5074012481417797 0.12405373893418369 0.11547438432264556
0 0.9225618204652988 0.24645327007702025 0.1548763590694024 0.20799592886777268
0 0.38594332582725516 0.7754607168170178 0.13674452296287115 0.1351948996779872
0 0.10286948064721238 0.9495192307692307 0.1429487315352245 0.10096153846153846
0 0.10475812229063496 0.2503121997658087 0.1948870858540236 0.21917850108178855
0 0.08498942606357776 0.8184075760162587 0.11902474856587943 0.177680536647902
0 0.5946696071423422 0.3254843539619033 0.24123171603655713 0.24027030558593232
0 0.7654839184568091 0.7489183612736501 0.2454212648305406 0.1540256917222142
0 0.23953756568207332 0.1573865878906972 0.1961996579612526 0.18802645030670298
0 0.059462845025402104 0.6373355206784818 0.07838066201110673 0.11361334904927109
0 0.2029915265850303 0.5543681157059553 0.2031593639504948 0.1811087595199078
0 0.06257250649040037 0.07336219216132275 0.12506106882336868 0.14432053816879933
0 0.8730884830225141 0.8745244087142022 0.22652627222949973 0.1628574825382831
0 0.8376755881520048 0.5478237626189038 0.2014270710561054 0.2002415795257626
0 0.8778808062255649 0.08377941555823952 0.23893468937420656 0.1057528701954621
0 0.8243399047873349 0.09720055799766444 0.17752596342082355 0.13445619034768647
0 0.24864545581405492 0.04013684708926511 0.24480312131683163 0.06758517940866698
0 0.37289766842418676 0.6080995614499667 0.13003664944592522 0.14932412892632058
0 0.5139499463901688 0.07615164644523906 0.22725123523470414 0.11487850868627447
0 0.9417926406454676 0.9500782951146223 0.11641471870906464 0.09984340977075536
0 0.14995046055258246 0.47899387429044415 0.2722298835642609 0.23433210704828156
0 0.9323260476002948 0.7166500662162295 0.1353479047994105 0.1674243919271315
0 0.2253625935912815 0.8169260672122155 0.22859434175361745 0.15334004714781294
0 0.4023046755500917 0.2816396982735123 0.19248323970017747 0.2190805518568741
0 0.6714324038787762 0.15218090991375946 0.1381715736392165 0.1760602842933716
0 0.94333411894153 0.4396425054089426 0.11333176211694006 0.13970874431093597
0 0.6400145665133117 0.5241669261759191 0.2153464830345898 0.18640619795217253