0 0.7067307692307693 0.1684003036108742 0.18028846153846154 0.2720727815333863
0 0.16826923076923078 0.6755692114824426 0.31009615384615385 0.24940749192973208
0 0.8990384615384616 0.6571689628875119 0.20192307692307693 0.2678945922404695
0 0.3485576923076923 0.10389199301582887 0.28365384615384615 0.18854194550996364
0 0.5504807692307693 0.12058466217937536 0.14423076923076922 0.21333130214978596
0 0.8737980769230769 0.15042492731899165 0.12259615384615384 0.12135564528885652
0 0.8665865384615384 0.33771509298073316 0.25721153846153844 0.2791187067825029
0 0.13822115384615385 0.9204853531477367 0.13701923076923078 0.1590292937045266
0 0.05889423076923077 0.14354057017270105 0.11778846153846154 0.16688883265309443
0 0.17427884615384615 0.14930176573868367 0.15625 0.17281564143149886
0 0.4483173076923077 0.3315543167463539 0.3942307692307692 0.3095478669017226
0 0.5 0.8162312064269502 0.24519230769230768 0.20665359827002086
0 0.609375 0.9414132945568281 0.18509615384615385 0.11717341088634388
0 0.45913461538461536 0.5494171451768186 0.18990384615384615 0.18100640680491045
0 0.109375 0.35895171823281846 0.21875 0.23713420569640617
0 0.8774038461538461 0.055577921411197856 0.18269230769230768 0.06541195708203656
0 0.2980769230769231 0.9499831205715845 0.20192307692307693 0.10003375885683087