0 0.1892859996232595 0.3088942307692308 0.2612396303680502 0.23076923076923078
0 0.464226585911617 0.3605769230769231 0.2027500961525788 0.18509615384615385
0 0.36041181568296593 0.1971153846153846 0.31429208291543687 0.2403846153846154
0 0.18057819929539917 0.7740384615384616 0.3066609515469701 0.21634615384615385
0 0.18106470841627892 0.04447115384615385 0.18424480144794245 0.0889423076923077
0 0.8864995754186498 0.8653846153846154 0.19616794705143276 0.22115384615384615
0 0.74224509677372 0.6574519230769231 0.1613392407581873 0.15384615384615385
0 0.818341154467295 0.4723557692307692 0.16138120004888007 0.15625
0 0.8730786856891215 0.19831730769230768 0.25384262862175705 0.2860576923076923
0 0.9126779607824458 0.9879807692307693 0.1278234390607745 0.02403846153846154
0 0.3419058972237807 0.5829326923076923 0.2108847390093595 0.23798076923076922
0 0.34488773663178585 0.9603365384615384 0.1405979370624762 0.0673076923076923
0 0.9261968069413615 0.578125 0.14760638611727692 0.1658653846153846
0 0.855177823421619 0.7235576923076923 0.16593713661241558 0.14182692307692307
0 0.07845396727881626 0.5697115384615384 0.14004029969911455 0.17307692307692307
0 0.4979677041702119 0.09014423076923077 0.1930507929558084 0.18028846153846154
0 0.3483627922073972 0.057692307692307696 0.22557173826094817 0.11538461538461539
0 0.03757641607907685 0.7067307692307693 0.05350183816065304 0.17307692307692307
0 0.059691457292394556 0.04567307692307692 0.06649829920017372 0.09134615384615384
0 0.5120389629054792 0.9651442307692307 0.19352451173778434 0.06971153846153846
0 0.0759397633606096 0.1502403846153846 0.10816091033872213 0.13701923076923078
0 0.09615868193692562 0.8954326923076923 0.16378504620272633 0.15625
0 0.7222414341884965 0.33774038461538464 0.25281127247641966 0.16105769230769232
0 0.9784100736748916 0.48677884615384615 0.04317985265021672 0.13701923076923078
0 0.7177152903312992 0.49158653846153844 0.2585840284700472 0.21634615384615385
0 0.7454279195741977 0.9086538461538461 0.19790044455419376 0.18269230769230768
0 0.7037753690057389 0.037259615384615384 0.17172205919039768 0.06009615384615385
0 0.9497500068680413 0.05048076923076923 0.10049998626391735 0.04807692307692308
0 0.5252066146311344 0.6177884615384616 0.24077987512283408 0.2980769230769231
0 0.6602002566173035 0.15745192307692307 0.23454556693158543 0.21634615384615385
0 0.5915249100841821 0.8365384615384616 0.23977285214620622 0.2403846153846154
0 0.39187980144287277 0.8293269230769231 0.19620990634212554 0.22355769230769232
0 0.2108239060875855 0.9230769230769231 0.10786719530387227 0.1201923076923077