0 0.24490801581755262 0.566696552823832 0.1621904909006908 0.19752281093795815
0 0.3817298515270774 0.12159521416170331 0.25865201074646255 0.24319042832340662
0 0.7568083726603576 0.5373265315985668 0.1909247634043265 0.17879555319550278
0 0.6039605556026628 0.29838342845067667 0.19598418873268494 0.22214870254611932
0 0.6485669726085056 0.9406989666627447 0.1664247913279766 0.09904903721165134
0 0.9339501714404899 0.08225650787352758 0.13209965711902016 0.16096160714195185
0 0.7318678677978417 0.3826980475824182 0.15706113973325814 0.14215043081811082
0 0.061787557796594804 0.08405069680322973 0.10434434636242038 0.16810139360645945
0 0.6462438320409505 0.12815700737205188 0.1787516957891329 0.152143449049731
0 0.05426455847982111 0.8561109883869509 0.09994222392135715 0.23970110014917514
0 0.0872603003912224 0.5357910402103663 0.16972368822196962 0.25293715034849823
0 0.806190504862516 0.14099171454097864 0.12589505074014687 0.15602803696218104
0 0.08565441015796907 0.8796039791464055 0.16219049090069085 0.19752281093795815
0 0.3923809399159064 0.501616056446223 0.24406111180960804 0.2229878883599759
0 0.5890426079324595 0.6268021434855265 0.15483910076100435 0.17335847152741807
0 0.8848213749692969 0.8464217457602702 0.1746852173756247 0.2794633766221914
0 0.14850862787179814 0.31955586788312196 0.2879876454661342 0.33672392482321606
0 0.38743419728521555 0.6844132623652628 0.1766275529915825 0.20017841283596136
0 0.28345426664112927 0.7872000299719393 0.1401922611528907 0.13464517732172254
0 0.8601799485045002 0.3299724562995825 0.2417411766626506 0.23736900599235994
0 0.5635373064837432 0.78832138799084 0.1669142722014944 0.18318365259626673