0 0.27678283274166576 0.422688995939744 0.1883390570581193 0.21685503632293412
0 0.47559104212364506 0.8400886583045591 0.2911029351122502 0.2735546401800566
0 0.7881711356489307 0.3706815792786339 0.21550273660569766 0.20014797854002814
0 0.6717169930405971 0.631572440222722 0.22409599608518468 0.2438378278839027
0 0.6230914157181622 0.02353066910726547 0.17887513912863218 0.04706133821453094
0 0.9771138793594721 0.7961645286005716 0.04577224128105574 0.17596023040683745
0 0.7862162393248564 0.5282985896462266 0.17629040498817644 0.1609356469225068
0 0.16510369100355948 0.9181199441745016 0.12361609889088286 0.1587126887552706
0 0.7380161808171637 0.794118098237608 0.19897656680940137 0.1748476612776348
0 0.0578857262381051 0.16328174052051292 0.10777969955797674 0.2503595958820511
0 0.12891578293383096 0.4768038656564105 0.1955800168203699 0.27235380714871754
0 0.8958740118183746 0.7572959921691612 0.14609195142478598 0.17022085695655256
0 0.08572555564430172 0.13541248981360413 0.16430059551965773 0.21475194344971482
0 0.4317551763217939 0.4636312039436617 0.27259353773675166 0.25285170593803374
0 0.609566238454629 0.30879561639907516 0.17902442572336147 0.1921856469225068
0 0.8719336245923075 0.09626336097984403 0.21021340303076877 0.19252672195968806
0 0.21723969332336052 0.683445280939459 0.3305549973178056 0.37003866091524173
0 0.4014537482059111 0.28340267505220873 0.2031827525558401 0.222924584354558
0 0.2836663767130338 0.19681790147151046 0.15642870789544136 0.15204163416239289
0 0.8920418625754625 0.5601059642564119 0.21591627484907505 0.26727478286111067
0 0.5607249016169512 0.151989331834474 0.18948104748803388 0.20264226868717916