0 0.6417904698760994 0.5568449325720084 0.20383966851062052 0.2509528971015804
0 0.10449457943961296 0.6959256281228163 0.15900298466526358 0.21654378371526306
0 0.07991453983151811 0.9197980151107049 0.15982907966303622 0.1422343493994966
0 0.5004640570748695 0.6001439560475772 0.2514753757062026 0.3454581643340512
0 0.4540963733542099 0.10523592657457878 0.25526879175311873 0.21047185314915756
0 0.18391393618436405 0.1252909852660356 0.3228004059288291 0.22660855394391413
0 0.06699814277549374 0.23317916021525434 0.13399628555098747 0.34133398726179903
0 0.0802093548396048 0.49243789085974987 0.1604187096792096 0.24108575674203875
0 0.21936542883914503 0.8596510889128666 0.16973797862073828 0.24075008241649615
0 0.8157860997675755 0.6114532323983931 0.2292743277968471 0.229779833914586
0 0.8061313043219245 0.3546193275530901 0.2330809995531535 0.3115106031453554
0 0.853638659095712 0.09078914023734122 0.22060729719319136 0.18157828047468244
0 0.5863835976978861 0.22515003933975464 0.22268188839970576 0.29451584290566096
0 0.37220724820656537 0.8269595766761414 0.18560991983123712 0.16897037212665383
0 0.21190712731605996 0.3493792519995657 0.18130936565393296 0.2313444942545756
0 0.23450317427284245 0.6119919961306735 0.1404966475782053 0.1801923763727212
0 0.3534902449608795 0.6615557442583779 0.1955085207089919 0.22678855769104014
0 0.35586130813915423 0.3012305769256117 0.23794135840050268 0.2611557117866645
0 0.6856029356786374 0.802274099655304 0.22010678691749858 0.23922738136719948
0 0.5474311344447929 0.9067663018272177 0.2553214582927757 0.17018719155674616
0 0.8820465546899678 0.8132565147415689 0.17119347076285535 0.27200008241649587
0 0.9250557666882618 0.5086664647917165 0.11294135840050282 0.2589738286706374
0 0.9239527269849096 0.2745012612451806 0.11506198829197864 0.20136543955971528
0 0.6385800559906618 0.06465544393305236 0.13149373417252264 0.12931088786610473
0 0.7105472046201662 0.18935626936057412 0.1439081421381325 0.20186895104802927
0 0.5901736998174545 0.4016229351939828 0.1847142323591651 0.1497396028958849