0 0.2518823692116991 0.5079911941033614 0.16335365793717968 0.21116361118514165
0 0.4800539382142099 0.6161038780989827 0.3221194043715813 0.22521183775489864
0 0.4571644644295413 0.767208019824536 0.3495128644486113 0.26761731141396056
0 0.1154286694795413 0.8337253237951908 0.19706345423130356 0.21552757066730466
0 0.11715508431575895 0.4953430484824021 0.2193155310370729 0.346455327734035
0 0.8452047036472222 0.368854379764337 0.30959059270555567 0.4076241292574467
0 0.463233044771582 0.9187694310089094 0.19370845569273515 0.16246113798218131
0 0.8616570597060371 0.9480980036890743 0.1716262391858976 0.10380399262185154
0 0.698529212208067 0.8748888252650727 0.24050053542136768 0.22525925483667864
0 0.2446398408628742 0.35153118196104177 0.17162623918589753 0.15403133587235296
0 0.7481457690816781 0.9711160401920501 0.2185282093169871 0.05776791961589986
0 0.4853541274548612 0.07027893881058091 0.1437851779866454 0.09239509298252169
0 0.10001541077206214 0.22307839667082774 0.12192877191901726 0.184745012033724
0 0.19096991363627153 0.21157178119933587 0.13299685030352576 0.1445796678927382
0 0.38668955956185924 0.31779435591408023 0.14747587736688045 0.147823562615863
0 0.556497419188729 0.3937006917864332 0.2540304199780986 0.29086314146492376
0 0.033834760782318944 0.6801365991731368 0.03823974777852572 0.09585012142319672
0 0.6648443761669344 0.7168887240790759 0.17280119213173087 0.20451210510312234
0 0.8907239992961545 0.8296690922875095 0.18996381605032078 0.21991523869035762
0 0.14437164952051287 0.06602278933765388 0.1300894528871796 0.12280504441324308
0 0.7130571548383551 0.5192477483202769 0.14043218932617554 0.1546150767927621