0 0.6144990275342217 0.7193772362779326 0.19009967366419508 0.13174571726722917
0 0.635643875776882 0.4751719249794118 0.1681701268175589 0.3025119584291681
0 0.7900051678511576 0.45682253120651767 0.20800523497669998 0.3218036088820745
0 0.9543011552585907 0.8086350045148626 0.09139768948281866 0.27397389550501217
0 0.6564186711294361 0.8628843603231379 0.3151975874193695 0.19954414416333102
0 0.2516183540855388 0.16223724552772797 0.3510095035087112 0.32447449105545595
0 0.9339181141097757 0.4085791059715455 0.13216377178044864 0.17418383950932823
0 0.8425233009351589 0.04836194301047689 0.12735429417801022 0.09672388602095378
0 0.806465013529218 0.19962713425334153 0.1871559132943092 0.2128603046540028
0 0.46619630772214865 0.7675436387824053 0.12735429417801022 0.1540287975125654
0 0.9334030750646954 0.11175068809097642 0.12666731096312597 0.20420147582133658
0 0.9417557868298594 0.0323912619260573 0.1164884263402812 0.0647825238521146
0 0.09389508533801558 0.6174194893943264 0.09674212214922437 0.13054563659596244
0 0.39430112987286514 0.9376757141863297 0.17032938694955185 0.09460970673254437
0 0.35007555387897893 0.8547268803702751 0.12421470629777555 0.11556725905102692
0 0.3822828909340489 0.6424343330351809 0.1251958275103489 0.12758648982025764
0 0.39410649255901364 0.461653294502654 0.2542673813594868 0.21476973140812725
0 0.8690607452574806 0.9072517356390358 0.08359470116857565 0.08666022398273572
0 0.6663303757694217 0.2738507307976245 0.17925778835005216 0.14539856688531147
0 0.6935829515179548 0.05537908224011054 0.19245436457437112 0.11075816448022108
0 0.20510864618965538 0.9437586674901323 0.15448358508520216 0.10555061927478239
0 0.4590109338111085 0.27988710198199623 0.1342225393981895 0.12099113320271498