0 0.941650952516198 0.7146180223203291 0.1166980949676039 0.17271545675451322
0 0.26178356417224924 0.0804514430195684 0.13133700533909265 0.13428978104356035
0 0.15613788352749466 0.8678049735054778 0.20106501715056127 0.24239113246546587
0 0.23550055313647766 0.20568880912320509 0.17047091699239564 0.14681960677065015
0 0.22737985495331334 0.642497481004141 0.28061057350809576 0.2173343198278395
0 0.35780170376157466 0.4513709415815258 0.23645033626648898 0.23550803639230503
0 0.9781285980855231 0.872014731863097 0.04374280382895371 0.12044902457951369
0 0.3290983732220268 0.4728786179308147 0.15789686634667108 0.17216899904606847
0 0.13278283168796234 0.07501047494352038 0.1646041249143862 0.15002094988704076
0 0.40517986372251824 0.8006020306329892 0.3228207045070094 0.23966168273979568
0 0.4642191576641146 0.1243180868065692 0.17623662910506446 0.1950786824170548
0 0.5315251700724872 0.6375751034033086 0.16130927228816405 0.1867742285386269
0 0.8776051661348675 0.29352684613241053 0.24478966773026492 0.24581616853503016
0 0.10039736197719983 0.3125896568764641 0.15890542613431793 0.18659207596914534
0 0.032266796462611866 0.06401101468173111 0.05066533587864053 0.10904797701989911
0 0.797134256688997 0.3407496393043574 0.27329795508121674 0.2837312492881239
0 0.948796317594796 0.0851100066918116 0.10240736481040795 0.1702200133836232
0 0.9321160561787415 0.313740103711759 0.1357678876425171 0.15829237983143615
0 0.6835075041906783 0.005740384289071336 0.21042882178547406 0.011480768578142671
0 0.783264879709534 0.6607896201542733 0.2174382003163313 0.20298296840593394
0 0.6650831348168744 0.12843019277036768 0.2505372265936837 0.23179325950150206
0 0.388514477167891 0.2339677350690682 0.20525087624915933 0.19966835940467986
0 0.7502839667138921 0.5001693778949922 0.26417037700972545 0.18739525056479614
0 0.8077817911840437 0.8558833951300677 0.29832850305739483 0.1971569249990768
0 0.8510032818028037 0.05229519788420198 0.20994101524158063 0.10459039576840395