0 0.6609628581441319 0.12503160452575587 0.24080239651879373 0.25006320905151175
0 0.6591049469488989 0.3931085671723741 0.19417297147244855 0.2109589798959843
0 0.8023449268202951 0.261531723887468 0.25349795922153334 0.3255432595015021
0 0.19933068401734036 0.18891709958043712 0.22903947339843253 0.31651019534514785
0 0.9339631132414402 0.07469357659319104 0.12828906865444403 0.14938715318638207
0 0.23441344447993684 0.8949013271579873 0.2293906152108623 0.19926819151513087
0 0.41620867540120154 0.7205644286534328 0.16054283385949256 0.16772561187733934
0 0.6118065579385684 0.7624826077102914 0.16054283385949256 0.16772561187733934
0 0.8733806150479689 0.7843489115654371 0.2532387699040622 0.302744003198826
0 0.10189818128774873 0.9411595633566479 0.06172883390293087 0.11476643217499954
0 0.4165857689049823 0.312492902958617 0.24747761114170336 0.22217787488611748
0 0.04891360692051042 0.3838136294280104 0.060865076792762145 0.14102658729782538
0 0.5261888817120399 0.8884858662507166 0.16945817800047835 0.1564349913860349
0 0.3701844566656947 0.8423602467204889 0.1488036192800214 0.17162254133762372
0 0.3817440970951189 0.06165057755784045 0.17893355452098325 0.1233011551156809
0 0.9189094391037891 0.3772419428439076 0.16218112179242183 0.20097929014163662
0 0.9374466557829972 0.2239781094567842 0.12510668843400552 0.2311722374753328
0 0.23696514975527572 0.034016731884532705 0.17473331167459022 0.06803346376906541
0 0.06698762700567594 0.5490414800502095 0.08077217795704011 0.19518627066881186
0 0.7981932226309127 0.015673116492772105 0.1396556760310562 0.03134623298554421
0 0.07162423470807501 0.11046649600861286 0.14100833989807374 0.20214393105969736
0 0.7279623394202528 0.6426159035898079 0.1706708337726162 0.25943607086245635
0 0.6275467359173277 0.9290945339788952 0.14023941695146538 0.06567115799891135
0 0.5748162260484979 0.6662928988058595 0.22369545725211118 0.2658472735448971
0 0.16548492638591258 0.7685366022951521 0.19389295528268916 0.20615128758829224
0 0.9934744045919545 0.571387672813432 0.013051190816090989 0.17413397574322678
0 0.4154171654889336 0.4997017427291018 0.3091138540315346 0.25317399681546454
0 0.8902318074533973 0.550356148079693 0.21953638509320547 0.24217311714539874
0 0.21139284556742968 0.6032894008893834 0.25156155443410666 0.25120618130175293
0 0.18301525466292576 0.40624716118344684 0.23221448564934788 0.20666188254615106
0 0.06490160300338531 0.24377094988704076 0.10684187844648871 0.10861194637976464