0 0.6504090378797657 0.1540568901996255 0.23606360968793647 0.2526876166114318
0 0.6034340778473049 0.4311426245051277 0.1887601397681187 0.19398820639412406
0 0.7664665864225854 0.3133511481495186 0.24697320070418 0.30574008241688055
0 0.18366792078009417 0.18771978080491436 0.22243045927189484 0.29796904255256423
0 0.93007038822429 0.1187484951513881 0.12301582712456685 0.18045832183739324
0 0.10869551006615022 0.897525797872863 0.21739102013230044 0.18761592003675231
0 0.3121578165949123 0.7355139383633009 0.15722449315490664 0.15485526624925244
0 0.49769123700228907 0.7935938772813564 0.1572244931549065 0.15485526624925244
0 0.7739572147216905 0.8411622244005336 0.2930330042058094 0.27801293137628247
0 0.3789430757595313 0.32957065919577955 0.24214903504655733 0.20243064794177373
0 0.017138399647910092 0.36714503492526707 0.034276799295820184 0.13590223784177352
0 0.39338486589829813 0.912418421354006 0.16599941128058568 0.14305983604113265
0 0.2463129839524598 0.8534432801915062 0.1455414489815581 0.1593832078555556
0 0.3880700938645828 0.06610275441362166 0.17544670259802905 0.13220550882724333
0 0.8752620565211966 0.43921536050667653 0.18328007426866194 0.18426092149818382
0 0.9146140414886711 0.2883035742079586 0.14029649011264284 0.2216594072944445
0 0.24747860053088303 0.03172356631426275 0.17263965651570012 0.0634471326285255
0 0.9285234819100796 0.015113409225106473 0.12372226694907149 0.030226818450212946
0 0.016987339666339044 0.5353023654139423 0.03397467933267809 0.18901065378750012
0 0.8080202576132248 0.03820272825694414 0.1387671770812426 0.07640545651388828
0 0.06954344516359733 0.09693513823963669 0.13908689032719465 0.19074510813611123
0 0.6312892651886219 0.6848872641475421 0.16601588463051578 0.24625737023568378
0 0.48592470614640987 0.9618631080505872 0.1381453438721484 0.05361397708632482
0 0.4769388314486447 0.6956796115868585 0.21890050001513117 0.24748827332179513
0 0.07566761545888082 0.761849370470299 0.15133523091776163 0.18918051408643174
0 0.9297358815277275 0.6383419353549138 0.059843453932802396 0.16938823357478638
0 0.9185412038647122 0.9013952387802342 0.042898977540608355 0.1329948404254275
0 0.3466850759383245 0.5163163372410787 0.30392612187212253 0.2278678629871798
0 0.8106949569296725 0.6075135712850954 0.22202725934341208 0.223561712063889
0 0.12831356584191195 0.6017967708095084 0.24657000077569707 0.23133275192820527
0 0.13385184803256428 0.40247336553124985 0.22671739833583363 0.18767187017702996
0 0.047698993139775485 0.2307122756899038 0.09539798627955097 0.10107544862019242