0 0.4310375717571609 0.2457222583635965 0.21086767386801897 0.1741976573412747
0 0.854087280382248 0.4143116433506519 0.2641097867300495 0.27359453546282364
0 0.396992242460796 0.7576156112607488 0.1931486675011837 0.20270813686188605
0 0.6530341831068894 0.6237372440013029 0.2366698587477368 0.20827109640204902
0 0.0328911935086116 0.6198085907838948 0.0657823870172232 0.17230948926009731
0 0.8292215156755958 0.9492519549173557 0.1719124360711202 0.10149609016528853
0 0.5540611140120936 0.7447179651557827 0.15520127161357394 0.1660210551938011
0 0.9210714608776288 0.1002889423013552 0.15483355251687478 0.11317839909987858
0 0.8173929156679823 0.678336107012147 0.16835432453075547 0.18786546703188078
0 0.1647996633964069 0.04618540147238251 0.24732375013026314 0.09077634989843744
0 0.47983971140819837 0.09499325861306693 0.2662821156451417 0.17756656718105598
0 0.7861786913354769 0.8377932629813342 0.16558275928020988 0.13498085164726512
0 0.1379845257977578 0.07579290584318471 0.20960787148140747 0.15015919580281317
0 0.47725034530237703 0.3969067270195698 0.24399715582865225 0.25643193806035786
0 0.32907675260199176 0.5843979139585781 0.18645127161357408 0.16656652597280797
0 0.10971384424123781 0.8628427247743359 0.21942768848247562 0.19203160339482558
0 0.6889266691024094 0.16841819430092092 0.3594975298326446 0.306480947799844
0 0.29651584211895937 0.37931572364918414 0.21643124760767826 0.18870465284573726
0 0.20609409682419585 0.2682623520214709 0.14698189124274633 0.14666440809095344
0 0.5904644217742913 0.8740705004353059 0.25842023275172915 0.25185899912938825
0 0.17104769683180934 0.5467518518967357 0.1965705771836033 0.17634974775096388