0 0.48951841798802104 0.3426605147352028 0.07214591902706885 0.07336496538271196
0 0.9571390014014983 0.24736987701580748 0.049755806225564816 0.050596527850146206
0 0.5577457174380555 0.037954296699642794 0.06733822671937653 0.07311300490538969
0 0.8893810029455614 0.7104149906085607 0.062194757781955885 0.06324565981268265
0 0.6639995164072261 0.1559572826443065 0.04478022560300833 0.04553687506513159
0 0.0943032451515298 0.151021820095562 0.0447802256030083 0.04553687506513157
0 0.9207378733864567 0.46522779372589523 0.06236264609682033 0.0680533521203751
0 0.6515452976449928 0.20339919371828172 0.04718407175685449 0.045662855303792736
0 0.5400144034752328 0.6831350285300128 0.03491300851532732 0.03782141564894859
0 0.6601800572440661 0.26533228264430647 0.05730312131683162 0.06058985318151432
0 0.765197569185819 0.5561602311885709 0.04983975038299677 0.053000374003992365
0 0.4234965929146839 0.34372112514453856 0.06236264609682006 0.06805335212037497
0 0.8955699952614725 0.395763104932037 0.06725428256194459 0.07070915875154359
0 0.6078219821381068 0.3904480412636835 0.054815331005553386 0.058060026789007
0 0.5829746134370086 0.3461607469658793 0.047351960071718664 0.05047054761148505
0 0.8585659909385641 0.6652407238304863 0.054731386848121295 0.05565618063516098
0 0.33541665308016005 0.08319832481031536 0.04478022560300833 0.04553687506513157
0 0.5627632191899283 0.4096055987558379 0.054815331005553386 0.058060026789007
0 0.8089781239772631 0.33311668145480744 0.06974207287322269 0.0732389851440509
0 0.7375266335437144 0.5240181478986586 0.07007784950295104 0.08285436975943537
0 0.7691772575862222 0.6483303673956644 0.04726801591428671 0.04806670145763876
0 0.8954135446136399 0.4689544323856835 0.0743818768660511 0.06868325331368091
0 0.6879349370436029 0.2950705197803726 0.05215965237941097 0.05072250808880737
0 0.2909874713127223 0.08432703614862369 0.04486416976044035 0.04794072121897774
0 0.8285064763484554 0.5984318416677966 0.04486416976044056 0.04794072121897786
0 0.863045565694149 0.468251319453763 0.06236264609682033 0.06805335212037497
0 0.5510072585600254 0.4714075966335595 0.06700245008964832 0.06349762029000512
0 0.6720237406208118 0.47586290227347877 0.07720544380705754 0.08082846432157272