0 0.22023101291448968 0.5138652876940187 0.05451500838135637 0.060632477684782825
0 0.3051643514475454 0.5831342149052582 0.04886684958395836 0.048333230725792584
0 0.3143259961517769 0.623299559046244 0.050598322546040055 0.03885785420528764
0 0.2805463600076949 0.712650036752746 0.04853066298807613 0.04352553841810028
0 0.1670701075245073 0.8461442350338619 0.06189464014083594 0.06345634812326832
0 0.46477733733924786 0.8683066847123524 0.04372297068038382 0.043245522228340535
0 0.681770594385831 0.8293336525283055 0.07391387091006671 0.06415638859766713
0 0.7581124615081992 0.43944425581403956 0.05535547487106221 0.0726517084540136
0 0.8005318691798794 0.15806610198960488 0.07441815080389019 0.07136792705920558
0 0.795539050257876 0.0925203651383547 0.061222266949071485 0.05384096350788365
0 0.5324354497269929 0.07193356731487674 0.05658266793932029 0.05596479347197029
0 0.254934602230808 0.24011869661576177 0.056078388045496814 0.04875325501043179
0 0.9531343566078448 0.23536402926600175 0.057423134429025864 0.06798402424120102
0 0.5660151658061534 0.533227575474914 0.04886684958395849 0.048333230725792584
0 0.16041226900658268 0.5305166398647269 0.05641457464137916 0.0535609473181241
0 0.889155023592675 0.22592309398160162 0.06876999200649217 0.05906868010021529