0 0.4100012513009506 0.506697437998809 0.07540204149446393 0.07052270565048903
0 0.3770571806890777 0.9710165159379003 0.05200140792721646 0.0486363487244752
0 0.11302794081361035 0.5608793497527269 0.07500959300943455 0.06571501334279671
0 0.8331748979365508 0.9246903242055198 0.06500175990902061 0.06079543590559393
0 0.2458523328923621 0.6728967938720968 0.046801267134494805 0.04377271385202765
0 0.16439330606435879 0.10157774873915987 0.046801267134494805 0.04377271385202768
0 0.5910486436250555 0.944687777505731 0.06980945221671292 0.060851378470349445
0 0.2918443238010461 0.6626249261861523 0.04699749137700948 0.04617656000587381
0 0.758853081606332 0.5731973313788068 0.0388048317028975 0.034073415389510316
0 0.35522733289236214 0.6741694872202779 0.06220546527014511 0.05595977231552414
0 0.6615210965330663 0.7930085559785277 0.054405254081062754 0.04866432000685295
0 0.40220123847795103 0.4405636974856621 0.06980945221671292 0.06085137847034917
0 0.5178786032976752 0.9162183939063608 0.07260574685558843 0.06568704206041923
0 0.47389900188822254 0.6275190995446127 0.05960539487378428 0.0535279548793005
0 0.4260674582974842 0.6005453374871306 0.051805183684701786 0.046232502570629046
0 0.7836508706626026 0.8916929611222333 0.05720154871993799 0.05349998359692275
0 0.12862915665610689 0.3401171015521672 0.046801267134494805 0.04377271385202765
0 0.48709577647862423 0.5832437446751022 0.05960539487378428 0.053527954879300364
0 0.44331061401694016 0.8264928903074803 0.07520581725194912 0.06811885949664287
0 0.625512559469044 0.7637708041790874 0.08482120186733375 0.06823074462615335
0 0.7546578461836871 0.801296988811604 0.049401337530855634 0.04620453128825156
0 0.5913921352324976 0.9194753641727241 0.07079057342928617 0.0728706092395802
0 0.3888320238025381 0.7033792677373406 0.05219763216973114 0.05104019487832163
0 0.12379708509266243 0.29563196206482456 0.04920511328834096 0.04380068513440534
0 0.7124922280040393 0.8584438564975484 0.049205113288340825 0.04380068513440541
0 0.5863392618047034 0.8869954698134233 0.06980945221671292 0.060851378470349445
0 0.5476089564316424 0.5743416277603466 0.06539420839404997 0.06560312821328623
0 0.5683355883709409 0.6958617293002766 0.08300602844103175 0.07541431180531405