0 0.4788023077534937 0.47277745784592906 0.07301046565146804 0.08028190494334726
0 0.08636170059489133 0.608262018514605 0.0875454277040554 0.090569055162786
0 0.6851694503133541 0.451156098170704 0.06079543590559393 0.06289517719637908
0 0.8522655713533533 0.5646506333865566 0.06568704206041896 0.07033063752593559
0 0.7265506195220964 0.2909117795982509 0.04626047385300653 0.05260802697694048
0 0.8356598923395091 0.2731694636341225 0.05584788718601366 0.05065202455913034
0 0.04742633446356162 0.7722240672518365 0.0558758584683913 0.053055870712976426
0 0.058468254480204214 0.8952680648340263 0.09696501334279677 0.07418997582189873
0 0.4214596410909061 0.5001384723527897 0.05363984000881071 0.06736698670204433
0 0.20532411392789832 0.611400238594205 0.07049473436811148 0.07055455939395362
0 0.7677525015913262 0.42497067347093803 0.06551921436615352 0.05590756060285866