0 0.5376183692472065 0.6388079601613045 0.06468254809323426 0.06359094155801351
0 0.09159808821724948 0.7655559777717833 0.0447802256030083 0.0440244980017017
0 0.5326962493197974 0.9450256093871858 0.059874855785541956 0.06350702297662772
0 0.06221768406541909 0.30258481705758816 0.05473138684812128 0.05380771977985767
0 0.4027588112371466 0.8358515927796581 0.03980464498045185 0.03913288711262361
0 0.9709173827861914 0.8013247908277052 0.03980464498045185 0.03913288711262361
0 0.08279921889272261 0.54798692120336 0.054899275162985435 0.05861541208754991
0 0.40592959247491317 0.7890605113610439 0.042208491134298004 0.039174846403316636
0 0.41665907552157866 0.3051680432040115 0.03002137205020306 0.03415735764216015
0 0.3833563241527027 0.7274057804670779 0.04992369454042899 0.053723801198472095
0 0.21861269704621983 0.44705517544815965 0.04486416976044042 0.046428344155547856
0 0.6035142780843954 0.633952225270742 0.05489927516298547 0.05861541208754991
0 0.12236729860672035 0.6147430594398681 0.059790911628109865 0.061103176822781706
0 0.4101572838088021 0.6005474050922386 0.0498397503829969 0.051319955044625803
0 0.44403625756207066 0.6419792401319764 0.04237637944916218 0.04398253871100895
0 0.10335016835894215 0.34534445304632755 0.049755806225564816 0.04891610889077965
0 0.7444140368401548 0.8850580631819246 0.03980464498045185 0.03913288711262361
0 0.45142712200550505 0.5784451542178246 0.04983975038299677 0.05131995504462594
0 0.22161181137971153 0.6705289491744663 0.06227870193938811 0.06354898226732075
0 0.25327387308925103 0.47648875936401314 0.06501832472296261 0.07320632617339812
0 0.1962340219117474 0.35657527035338615 0.042292435291730095 0.041578692557162795
0 0.107829743114527 0.5424178783710194 0.06691850593221624 0.05882520854101409
0 0.3499810153440267 0.7003970223504171 0.04718407175685449 0.04406645729239445
0 0.7887173023714446 0.8810266177520497 0.039888589137883804 0.04153673326646977
0 0.14760002414448406 0.4085787406334521 0.03988858913788394 0.0415367332664699
0 0.14023969411273404 0.5417824057184495 0.05489927516298547 0.05861541208754991
0 0.4492445739122708 0.5159451542178247 0.06194292530965976 0.05393359765193614
0 0.32806020353662024 0.5198358254224521 0.07214591902706899 0.0709283578916305