0 0.06672352068006854 0.724870596903525 0.0725209544820137 0.07097031718232326
0 0.6723015476183514 0.06158968594366151 0.07493878580367462 0.07341612262686237
0 0.21411333512668293 0.8521187724789545 0.0676852918386918 0.06607870629324544
0 0.8980215510637285 0.8425852004306904 0.06532340118829001 0.07324828546409087
0 0.4558870706434223 0.46685028908901677 0.06286361436318472 0.06359094155801365
0 0.3327952446949926 0.5904054233289283 0.05802795171986283 0.058699330668935554
0 0.7711187668857667 0.31109225774752497 0.07737060229315035 0.0782657742252475
0 0.2658092112470406 0.6468687450067893 0.07011710832816753 0.0709283578916305
0 0.39681642256620775 0.02812403284338411 0.07728669128626163 0.05624806568676822
0 0.13733549975536252 0.46519835664427844 0.0653094160204753 0.07084443931024485
0 0.5681212361063988 0.7497759309479157 0.06286361436318472 0.06359094155801379
0 0.9580391837766021 0.4148115665649844 0.050760472587065224 0.04895806818147254
0 0.4246082989526433 0.25583631868421564 0.06045976820933856 0.06354898226732075
0 0.5228373398166879 0.19762560315042496 0.06044578304152377 0.0611451361134746
0 0.8573285769805806 0.2530913386671984 0.07257689515327297 0.080585701797708
0 0.21742381312304263 0.3880715665599147 0.07011710832816753 0.0709283578916305
0 0.8830818242866536 0.9606463973586552 0.04354893412552677 0.04883219030939401
0 0.6630032333442478 0.7360993081963183 0.05319228907654095 0.053807719779857606
0 0.23485828964475988 0.28559341034125696 0.06530941602047523 0.07084443931024492
0 0.22628319732127877 0.05134428821333545 0.06043179787370899 0.05874128995962846
0 0.5545232840843949 0.8918546097689959 0.06284962919536993 0.06118709540416735
0 0.6026755228740004 0.4907330800490618 0.053220259412170526 0.05861541208754991
0 0.24337824265213126 0.7169788967299093 0.06528144568484565 0.06603674700255241
0 0.4702875671044782 0.04948926636185928 0.06528144568484565 0.06603674700255259
0 0.46741682053913525 0.38250587725093727 0.06528144568484565 0.06603674700255269
0 0.5636763568067417 0.6056081006531859 0.07017304899942681 0.08054374250701511
0 0.0437183588496031 0.48967130744283727 0.06523949018140128 0.05882520854101409
0 0.1054212042841597 0.35156113511559295 0.07011710832816756 0.0709283578916305