0 0.9101572328594025 0.22564744730202232 0.06708639424708042 0.06325522462419539
0 0.42245510287260274 0.9504448092836341 0.06957418455835865 0.06568704206041896
0 0.741716284236497 0.1155583375360793 0.05970696747067778 0.05836361846937026
0 0.06826544198994006 0.20023249846985974 0.06236264609682016 0.06560312821328637
0 0.5685707351573838 0.5244342698183183 0.05730312131683162 0.058335647186992676
0 0.6683532258760625 0.3886317898325134 0.054731386848121295 0.05349998359692275
0 0.2832609321383589 0.7145453743940544 0.07214591902706899 0.07052270565048903
0 0.726224859550266 0.32562914881503047 0.06468254809323426 0.06322725334181784
0 0.700519054428994 0.9652166851711168 0.07214591902706885 0.06956662965776636
0 0.8834173420266717 0.4920548011432813 0.059874855785541956 0.0631713107770626
0 0.40901254906703766 0.2558591415927947 0.05730312131683162 0.058335647186992676
0 0.08092957209515331 0.6316949118028667 0.04958791791070064 0.043828656416782893
0 0.6346841634657738 0.7318503354673389 0.05489927516298547 0.05830767590461505
0 0.5481342642602807 0.7993250134039828 0.05721917715939954 0.055931801033146655
0 0.20628444546953428 0.7809300143832855 0.06742217087680877 0.0728706092395802
0 0.8166858211539723 0.5765801724158691 0.06468254809323426 0.06322725334181784
0 0.9898008358214013 0.21340528833908476 0.020398328357197435 0.057999991798461374
0 0.0616643879644896 0.08001221949517445 0.04005647745274808 0.04612061744111863
0 0.31854780887392065 0.28003661747783026 0.049755806225564816 0.0486363487244752
0 0.8166896506927828 0.6799036001076874 0.059874855785541956 0.0631713107770626
0 0.8656556465003636 0.9123502657542606 0.05713523300196745 0.0535279548793005
0 0.3980502283939291 0.11396229030992762 0.05953907915581361 0.05355592616167799
0 0.4181204901484189 0.5166764492851024 0.04992369454042899 0.0534440410321675
0 0.7357257655965342 0.2536536206115339 0.05970696747067778 0.05836361846937029
0 0.6239584590085191 0.9407751662341222 0.05970696747067778 0.05836361846937029
0 0.5703488296692997 0.6097568226386679 0.05970696747067778 0.05836361846937029
0 0.43804568797270826 0.39916770057041695 0.06501832472296261 0.07284263795720246
0 0.9706444878504376 0.45584410884782617 0.058711024299124843 0.0535838974440556
0 0.9340278570323994 0.5995713949957985 0.06468254809323426 0.0632272533418177