0 0.23627284656435402 0.4754349472334828 0.05533334600747663 0.06194292530965976
0 0.32604363252499236 0.3930860344890047 0.05003590757521204 0.049755806225564816
0 0.3373731285763798 0.35068295016696865 0.052047956829400346 0.040224365767612284
0 0.30844737759637686 0.26527773475384026 0.047436162971537035 0.04486416976044042
0 0.20281689037763345 0.14774493522648544 0.06264283369392952 0.06459860393580213
0 0.5031466456275889 0.08204739816644525 0.042530521438930165 0.04229243529173009
0 0.7188561295117988 0.09011742399755752 0.07466206446316029 0.06501832472296257
0 0.7717428435225597 0.47113847704920464 0.055823092132048766 0.07396215607889053
0 0.797640348817099 0.7486834964551612 0.07495591213790356 0.0722298631845008
0 0.7888881551348791 0.8162010491564337 0.062251036794271804 0.05498321932041742
0 0.523659042177979 0.8746717805490931 0.05754129371149393 0.05721917715939968
0 0.2553016356845555 0.7448183375732741 0.054843599882904354 0.04992369454042899
0 0.9506457539645956 0.6461231894636026 0.046011809066835295 0.06881868714146987
0 0.5848264487286042 0.4044527577940317 0.05003590757521204 0.049755806225564816
0 0.17661746423031519 0.46671624347697727 0.05744334448657943 0.054815331005553386
0 0.8909679293960493 0.6674105905514579 0.06965847370563913 0.06004274410040612