0 0.11329746980709435 0.18749887842476956 0.06345634812326825 0.0611925100643019
0 0.5165321709481169 0.9784912952893585 0.06586019427711448 0.043017409421282994
0 0.29176470453688846 0.10503138433303594 0.05596479347197025 0.05596479347197029
0 0.9488095791748479 0.2952559343070393 0.05638481775660974 0.06317633193350872
0 0.4183555753880374 0.5405345866181537 0.05356094731812423 0.05582478537709052
0 0.3343479922526263 0.3885096595806672 0.050877084974518476 0.05087708497451834
0 0.6797233043398799 0.774043586357524 0.06614021046687395 0.06614021046687395
0 0.2842516844951612 0.31684986206125704 0.0610525019694221 0.06105250196942217
0 0.23845606162380167 0.958186756806101 0.06614021046687395 0.06614021046687395
0 0.1096357939497911 0.4574296881299377 0.056244809661729796 0.0607724857796627
0 0.606203352474776 0.2970094002187276 0.05356094731812423 0.05582478537709052
0 0.8900942840375231 0.7235842825171841 0.04550936028730709 0.04098168416937425
0 0.3298118265899398 0.7355735583512317 0.05115710116427795 0.05568477728221065
0 0.4082642598614795 0.8173269145476608 0.05101709306939821 0.05328093112836449
0 0.7474984380139917 0.8527630599731478 0.061612534348941386 0.07066788658480679
0 0.16681548634435994 0.5524160524429654 0.0610525019694221 0.06105250196942217
0 0.02132015795875112 0.16252777730392987 0.04264031591750224 0.05582478537709052
0 0.9702330608419131 0.17590367518401023 0.036173991861681944 0.045229344097547496
0 0.693185546838767 0.33584354588312526 0.04578937647706656 0.04578937647706656
0 0.15478552287991454 0.6554314168211506 0.056244809661729844 0.0607724857796627
0 0.08145860406762263 0.879094675987618 0.05328093112836459 0.05101709306939821
0 0.6324226721790885 0.15743446093032593 0.05568477728221071 0.05115710116427795
0 0.5669740126418596 0.5564266269622377 0.046069392666826164 0.050597068784758864
0 0.28251231600437876 0.24318253413174992 0.05596479347197025 0.05596479347197025
0 0.31756111828796 0.9459100968127702 0.05596479347197036 0.05596479347197039
0 0.406243753605707 0.6242491777181296 0.05596479347197025 0.05596479347197032
0 0.5619551866166173 0.4355342787955312 0.059208688195094956 0.0705278784899269
0 0.027931856457058462 0.40919016999247515 0.055863712914116924 0.05129710925915768
0 0.04832698433149955 0.5575748865630875 0.06105250196942212 0.06105250196942217