0 0.4976924806726651 0.5550602651069586 0.07741343916328074 0.06868325331368078
0 0.7289265042298501 0.9393776919582422 0.08580232307990726 0.08348427095274119
0 0.4260192948842286 0.3514415657715982 0.05720154871993813 0.05565618063516084
0 0.4956333163227585 0.17796625874012328 0.06740560606286677 0.0633716400513439
0 0.2570878568880316 0.31984940072310936 0.04900888904582628 0.043259009149946584
0 0.2123962979096938 0.2121904663739612 0.04498609370819268 0.05262243328800887
0 0.9000655641373787 0.9686919910915461 0.04979378601588499 0.05287439376533106
0 0.9928606074753036 0.9518838508495657 0.014278785049392822 0.09623229830086845
0 0.5394652536351179 0.6123014203446681 0.06402063869644724 0.051226429043451885
0 0.7024845932697082 0.8207073687491525 0.06779805454789613 0.06817933235903613
0 0.37877662238711723 0.2711749017143585 0.05298252913978985 0.06261575861937697