0 0.6324488941878991 0.6958696032705193 0.11824293312919291 0.1215419399964032
0 0.16019845803644372 0.5594793900448144 0.09537674747047824 0.09346025917876137
0 0.41331697270091033 0.8253818771238666 0.06837463510812551 0.0794373501452333
0 0.4932793863300162 0.7164636779558471 0.12657408093082131 0.14612685924330948
0 0.4354355287244807 0.528835319512244 0.0953767474704783 0.09346025917876137
0 0.8438194143253471 0.7082932601541287 0.09230113571257803 0.07885502968620273
0 0.9951133078828224 0.2602340887573037 0.009773384234355338 0.06858276029406334
0 0.34502778710801313 0.33634405522679356 0.10040836164618852 0.09863225662541684
0 0.3977510889463102 0.4397467220010404 0.07821394159152817 0.08497365273085195
0 0.7308384669456256 0.26257846315216493 0.07776609785549209 0.07535826811546734
0 0.5566060157746457 0.9652395652788013 0.07318232741581782 0.06952086944239746
0 0.47140445758959715 0.8896675400680967 0.06049133104253293 0.06446781551371163
0 0.48689412101520274 0.0907902812120759 0.08794128714092181 0.08810610916262437
0 0.12835237831452742 0.4157398649883348 0.08290967296521146 0.08293411171596897
0 0.8271374133069567 0.7872738094673815 0.09297290131663215 0.09327810660927965
0 0.34892340045584763 0.4971285186802635 0.06300713813038811 0.06705381423703936
0 0.9330348183490299 0.18088781489681116 0.090569055162786 0.09309595403979827
0 0.3469935531589137 0.044258816159193 0.09302556785628902 0.042979489947992174
0 0.6149435776522267 0.5771703788846498 0.09755667175630642 0.08883471944055078
0 0.5694349500538636 0.08866108332072871 0.05512383406479552 0.05208427960551775
0 0.465849313795713 0.9852706702886682 0.09872894763605335 0.029458659422663604
0 0.7905068387687813 0.9855833104141678 0.0677028695040714 0.028833379171664467
0 0.2070833998184865 0.7175329843643372 0.11321131895348244 0.11636994254974772
0 0.8566453909751218 0.649381098009605 0.08771736527290376 0.08329841685493193
0 0.2853365740913289 0.10905223524472894 0.054675990328759576 0.042468894990133135
0 0.3106924117170224 0.602022849352672 0.06004348730649699 0.054852430898327004
0 0.9331964881932528 0.9557997571238184 0.07295840554779978 0.07499396297650417
0 0.4355902144161039 0.3264389297901703 0.06311909906439712 0.06945766039088551
0 0.23205364573193907 0.43078396393758095 0.0677028695040714 0.06501427322215637
0 0.9632114258428538 0.44307126686023063 0.0677028695040714 0.06501427322215637
0 0.6940760479093556 0.16757132654108672 0.05054006362512125 0.056527666774246886
0 0.14986509098309103 0.26047377274519057 0.04847210027330219 0.06355705266630376
0 0.9854930414508924 0.5375319457628641 0.029013917098215103 0.060788901373494506
0 0.3828869742908446 0.9691931276815176 0.06026740917451489 0.059660123206019315