0 0.6114308196687751 0.3853013751159879 0.12089156608304755 0.12649131962536558
0 0.6706902675114895 0.8642234491860634 0.09190556055874584 0.10094109522297036
0 0.823941250370365 0.5634549438104772 0.07974647811136694 0.07627273249120273
0 0.6866702865804679 0.5130048394375606 0.14498596829276822 0.1373665066273617
0 0.5298407034713033 0.6117242876514086 0.0919055605587457 0.1009410952229701
0 0.5369597356317467 0.18314167014451485 0.07987234462170015 0.09790734787581813
0 0.03672898036280254 0.11727431896453273 0.07249298414638412 0.06868325331368084
0 0.38039747342136204 0.7408697535043172 0.09674122320206771 0.10600074800798473
0 0.45926987854430423 0.6669021013801354 0.08461011109031838 0.08614007758390968
0 0.15368692712658255 0.3937540627279606 0.07498074130711906 0.08323231047541887
0 0.9058600180114845 0.3935224158904411 0.07976046327918186 0.07867657864504889
0 0.8631851568743826 0.4934182331330018 0.06525347534921622 0.06349762029000512
0 0.9020926179956957 0.15902143565177992 0.0702429748385006 0.09499958076732738
0 0.08677162087285395 0.6642020874645791 0.08706989791542379 0.09588144243795546
0 0.5448939143011954 0.9273210251178912 0.0846240962581333 0.08854392373775583
0 0.619857465019902 0.1814783729937094 0.09189157539093092 0.09853724906912394
0 0.5339639239112199 0.7008555657017081 0.06526746051703086 0.06590146644385114
0 0.02051740466973051 0.22216168806313538 0.03899297483850073 0.09336183766473233
0 0.08641580044872607 0.8095717896529409 0.07267479132797647 0.09993325331368105
0 0.503551431269809 0.43011303360700504 0.08951569957271434 0.10321896113815508
0 0.051475318855918634 0.5866542201578385 0.05320627424435571 0.05806002678900686
0 0.9698338505056469 0.4726450361804462 0.06033229898870637 0.10183317851288241
0 0.8432543278977241 0.1655503044199662 0.06529543085266044 0.07070915875154357
0 0.8035932704247108 0.783474967816373 0.11363807211806459 0.11890184044784363
0 0.47568962904429934 0.1847368663663477 0.08224822043991672 0.09322563580678699
0 0.18637820076665598 0.8496557387881482 0.043576904461156335 0.055152259680516326
0 0.6505854252922953 0.7129752226613895 0.05323424457998517 0.06286771909669944
0 0.739301566234118 0.059171615695998 0.07475697862208228 0.044770772013880474
0 0.8798496478111366 0.05332030581152181 0.0529685263915041 0.01719464217362238
0 0.3342558933764895 0.657947282815909 0.0676852918386918 0.06843129283635872
0 0.5178712221445737 0.8261756271080031 0.06529543085266044 0.07070915875154345
0 0.23387233531381674 0.1324123908424399 0.06529543085266044 0.07070915875154352
0 0.07712047198278292 0.45102077201388047 0.055596135230387075 0.055782160873822005
0 0.38637991982549724 0.9430447909047165 0.062779703356296 0.05135240928211333
0 0.31408651519183006 0.08254619037605018 0.057944040712974085 0.04629275649709852
0 0.972538377767511 0.5581075548806458 0.05492324446497813 0.06552352572786778