0 0.6928977535978167 0.4515698061447615 0.06539420839404969 0.06875498267882002
0 0.5896548603594415 0.3990417062072311 0.05720154871993813 0.05627361552659238
0 0.5698597976568804 0.3603186589431256 0.05882049790372557 0.046812276372206765
0 0.578518241949361 0.26904952782747127 0.05440525408106262 0.051311877757901206
0 0.6557842153816312 0.12176644758213534 0.07299819534061779 0.07402481136950924
0 0.35287522074126376 0.1470589415339192 0.049401337530855634 0.048599940682057044
0 0.14639002936276221 0.21960970673254437 0.08521365035236315 0.0771988848283501
0 0.17509030440656886 0.6080762278729028 0.06877917576046944 0.08092825890904966
0 0.2078129780558434 0.8880615811681866 0.08820616923375334 0.08456446875088758
0 0.23045349064095008 0.9511311808927515 0.06980945221671292 0.0642553812931256
0 0.4993161906424422 0.9284897427946746 0.06500175990902061 0.06394729037112785
0 0.7312130165248422 0.7222478657466584 0.06460931142399126 0.05913959806343554
0 0.034329730754310256 0.8368447100548034 0.06865946150862051 0.07898654913820025
0 0.34203452562361836 0.4870795674532196 0.05720154871993813 0.05627361552659238
0 0.748137059892608 0.42611265244058466 0.0648055356665058 0.061543444217281564
0 0.1008662034654417 0.8365043361160809 0.0800135095596415 0.0720831015986598