0 0.639831474308669 0.40661867906279314 0.12616333759654882 0.12402268924741176
0 0.1698538275781632 0.31939155284482407 0.1013554834844727 0.09730066873132812
0 0.4912183170921871 0.18366068519559134 0.07442356233622832 0.08016606154825127
0 0.5232192121935478 0.32350333135433235 0.1389519609393942 0.15060485335160756
0 0.4034280757055034 0.4736030174925149 0.1013554834844727 0.09730066873132816
0 0.8321299178802344 0.4918170452430716 0.09853196865410971 0.08284962052587347
0 0.8298804136478852 0.9771528441585289 0.06891642223434119 0.04569431168294221
0 0.2538336690223503 0.6149396010625158 0.10870691150485015 0.10219227488615318
0 0.3389346494920474 0.5413853795353124 0.08665262744371775 0.08751745642167783
0 0.5700865539932874 0.8614902000807655 0.08396900217219351 0.07787410052391572
0 0.6712362482490976 0.11241325239922657 0.07930119942334048 0.08262585026685265
0 0.5667517471630007 0.1496720257185279 0.06445845382374629 0.06803494564951008
0 0.9051915795725805 0.1295635293541202 0.09584834338258529 0.0732062646281113
0 0.29210546115375063 0.9111581179919561 0.09633795683852184 0.09003318770503418
0 0.0905654899816144 0.44110661129608325 0.08905647359756387 0.08754542770405543
0 0.8453603204625153 0.40901022370607854 0.09888169255120698 0.09486885129510424
0 0.315932497818087 0.46416860414727074 0.06686229997759245 0.06806291693188762
0 0.7224895911252145 0.9908766390221656 0.09451939257361466 0.018246721955668805
0 0.14684763079460705 0.9034562400234954 0.1007959252491166 0.07806989950055893
0 0.581500414865459 0.5105426472604159 0.106023286233326 0.09254891898839095
0 0.36547060306255946 0.9516886892841234 0.05930103761895644 0.05595977231552414
0 0.6011492622368787 0.04186257546635988 0.10291999228528462 0.06848248616755183
0 0.8914587017075717 0.18831790371146293 0.07160004750586506 0.06571501334279678
0 0.2697497194309531 0.19190463490915913 0.12121575573001746 0.1191590543749643
0 0.8219328644665755 0.5530172226778269 0.09379422112583669 0.08519752411496452
0 0.1197372346071495 0.802145060532237 0.056617412347432235 0.04631641641776204
0 0.31928984723022347 0.3487839887626553 0.06410872992664875 0.05601571488027938
0 0.9760515712490784 0.2975119324413225 0.03348823294142442 0.07728670359398584
0 0.3317267241211734 0.665141499534823 0.06693224475701189 0.07046676308573378
0 0.18821390015685308 0.47350343387356514 0.0716000475058652 0.06571501334279671
0 0.8425126725144358 0.796127353963631 0.07166999228528462 0.06811885949664287
0 0.5042513151440693 0.9340662687900666 0.05696713624452972 0.05833564718699254
0 0.053567156242423204 0.5969789989839855 0.05229933349567649 0.06308739692992961
0 0.9024432131481679 0.7198755878176167 0.04742169640856467 0.06062760821132848
0 0.515987585723889 0.03485997955733943 0.06417867470606818 0.05841956103412548