0 0.7741710163193611 0.5418441795083264 0.3718859684110996 0.34696023367196843
0 0.8231090317033035 0.856900777047803 0.3048803040650351 0.23456474633013832
0 0.6617269763083248 0.2334488109311591 0.1203800258552523 0.12595350325829033
0 0.29035109763015937 0.33330250421291024 0.44035269084399675 0.6130619853011136
0 0.5713908301238585 0.8810719019637746 0.22938158104665987 0.20835799662967192
0 0.12960759660557247 0.7591514948130308 0.19381363486353978 0.21932805570760977
0 0.114290706227939 0.9148290747508834 0.13656618882678925 0.16964240270403808
0 0.32340287937804685 0.8786608296285994 0.24718799637272737 0.23288607162406988
0 0.8502942459782026 0.26398086566471013 0.2994115080435948 0.2969948015507186
0 0.04315901111398982 0.1732296744625535 0.08161645943208612 0.23527142030566223
0 0.4833198936515999 0.6983188982281743 0.19744593647225875 0.19062179142029506
0 0.07256831944897736 0.540598467324498 0.11144210552738443 0.26014921919715783
0 0.8109736067269417 0.07038685313801728 0.22771644422311418 0.14077370627603455