0 0.721977790941343 0.19963078727529615 0.36411522503135085 0.3243500175384098
0 0.18932720332792213 0.32991580958615696 0.34397369295317365 0.31098604038565003
0 0.33232586436428907 0.6703209769437044 0.2889778110525039 0.3740914002448139
0 0.5772335879361615 0.0366383421419611 0.29389025279540004 0.0732766842839222
0 0.8523692231163422 0.7009002836512597 0.2952615537673155 0.3185843054257411
0 0.5854196192289227 0.5342103459296597 0.2579071248054323 0.21649665386128503
0 0.6038528914971474 0.74558071417018 0.2713118506293444 0.2987317029858777
0 0.14078690330993854 0.901207201061766 0.15661714395551635 0.17354713633800636
0 0.4460833603657567 0.30592021132184055 0.3979870865052642 0.29802526316137296
0 0.1918178675416793 0.10255018811701412 0.2682511196987432 0.20510037623402824
0 0.9234785103747485 0.13281969815290207 0.1530429792505031 0.19395455865436345