0 0.6385682662441146 0.8507112383878417 0.26239320088826434 0.2985775232243165
0 0.07994118610242187 0.8775093831539389 0.15988237220484375 0.17328799707710865
0 0.5915597928291448 0.3007258288960584 0.2744124316574951 0.29991551856041954
0 0.1868551516134172 0.06277406411951619 0.1839820044654733 0.11521774866881752
0 0.07315702750566476 0.5221861940296644 0.14631405501132952 0.3376416188285595
0 0.2423267177231854 0.40524381849433627 0.19329214686281393 0.17569184323095483
0 0.9109507709173973 0.6714764864466827 0.145863901711284 0.3291702779804095
0 0.5469284097457477 0.09609417684176663 0.3003739497392738 0.1501109539707069
0 0.09216266913701163 0.22277625682751492 0.17113099119954261 0.296902214451836
0 0.08722145246494993 0.05394011498430896 0.08998017199317707 0.10309298089949395
0 0.40155673531202446 0.32809599554577307 0.23368440094529033 0.23299598858799492
0 0.7403502514341205 0.21219378718121226 0.26074485215130705 0.320794252513068
0 0.33188328844099185 0.8037800842811614 0.34259009995119266 0.3924398314376771
0 0.077525902281544 0.7366324226766167 0.155051804563088 0.16557253766092556
0 0.9170749158205289 0.22025141164588422 0.1629960670062512 0.27008196604354484
0 0.3444864006722362 0.1348536730674062 0.20036633142117252 0.2408476498621233
0 0.6682615207422101 0.6214298768379598 0.20483824709913662 0.231484225724061
0 0.2992864033326677 0.5671731508533726 0.1762973354710267 0.17000228925263436
0 0.7699632384653955 0.9960604973376349 0.1674603236065944 0.007879005324730097