0 0.596263360979844 0.40907615846604706 0.3685959172047001 0.3527531484052449
0 0.5889886197345444 0.13376435700369765 0.4422150682232189 0.23598906358494293
0 0.5610523560493607 0.8631378648723219 0.45573588530441544 0.2737242702553562
0 0.09209912709330514 0.4478193812808512 0.1841982541866103 0.27063876256170233
0 0.2006982728189471 0.6426431309149272 0.2502375504968656 0.25930517636687256
0 0.8167579480165965 0.5772800540490519 0.2941377091280624 0.26827980087687125
0 0.12802006336545588 0.1939911812223033 0.25604012673091175 0.3062515932138374
0 0.8396342582468663 0.10899735793911663 0.20053917581395972 0.15667850108178852
0 0.8594540034797015 0.3787892901414229 0.22848306981823321 0.22967542872140315
0 0.2554337199295601 0.8899801497511718 0.2771909207571221 0.22003970049765634
0 0.07338786580124694 0.6614188666859582 0.14677573160249388 0.28177645030670295
0 0.8576255127231496 0.771938527754691 0.17202319654914516 0.1866551611579007