0 0.24019069701167797 0.8909576504830194 0.2893111872486488 0.1845369823919136
0 0.8770416300819905 0.13491133091627344 0.2459167398360188 0.2698226618325469
0 0.23401958993179195 0.5516235458910541 0.37519113889244665 0.37997904989686815
0 0.6349578952721069 0.09932398332901528 0.22413075268712773 0.19864796665803056
0 0.12345243048795938 0.27193664334624307 0.2246905573571728 0.23948671178661668
0 0.605726684160569 0.6207719298637588 0.33242241839890885 0.337448528457938
0 0.7464802147313159 0.8763489540231435 0.2780756830174811 0.20087415934426425
0 0.5046137739347548 0.8801832357424302 0.18393050582110193 0.13705593495136162
0 0.09212360882742628 0.7886125524423522 0.12132517274178814 0.23527489511529553
0 0.25400426035449597 0.10825267405692601 0.16185467455514577 0.21650534811385203
0 0.9595364204356898 0.3999140300108015 0.08092715912862047 0.22747566130427024
0 0.8659922938522483 0.7286450774513535 0.2680154122955034 0.24752672851648574
0 0.8295510230938934 0.41054970120090345 0.26332335114707234 0.29624441169879495
0 0.9350403515281016 0.9005241675947957 0.12991929694379678 0.13136669961943917