0 0.31019327413699666 0.31400448678195264 0.24705584289794835 0.2143075950251305
0 0.8900829037570486 0.7827900144674469 0.2037866121287177 0.21153477672714927
0 0.7553472097915661 0.0842739216003654 0.15973288112159387 0.0819742941193178
0 0.8351627098139469 0.6812284356702748 0.1678272303083655 0.15183987804185511
0 0.3136268016488376 0.473244074168726 0.20383576737238776 0.18284266834199442
0 0.1846541533852886 0.1529181962688479 0.1511965314739571 0.15316540596870867
0 0.9517260592162307 0.7088081004060562 0.09654788156753878 0.3740111612005569
0 0.8185314158812899 0.858312383138827 0.08560609883739244 0.08200657713604241
0 0.6346889191148068 0.0562159789732248 0.19726245361422912 0.0437276823409154
0 0.038313675998362315 0.20571333222591368 0.06014451562549236 0.20950358752875042
0 0.6349824620142474 0.29416630759292545 0.18985429417801022 0.15803397949853812
0 0.1443768463991993 0.33326938143510265 0.1608119160893417 0.15378158781270448
0 0.3285640249696218 0.7587626073629219 0.32049564196726554 0.2644479903171772
0 0.80464944337075 0.42460263844166374 0.22954193660614117 0.2634019551069091
0 0.7513951718281943 0.9130243154726418 0.20099031748984222 0.1739513690547163
0 0.5769700501398352 0.6527263405741558 0.4005087547947412 0.4537033716103028