0 0.6276316696765751 0.5920901116972116 0.28392596924780705 0.2761447245518846
0 0.5355208157423947 0.887919639268121 0.2376689934974592 0.19058305849092386
0 0.8889789244540984 0.10750147271422056 0.21772887818383205 0.21500294542844112
0 0.9067877568503829 0.671085036733817 0.10496303563619919 0.2531059338249871
0 0.2733599962092152 0.7495687905964081 0.466371067240254 0.31609438251313715
0 0.5249179945906804 0.05374310275418919 0.20016401081863905 0.10748620550837838
0 0.09095665425078751 0.44669183428941367 0.18191330850157503 0.20813494457305134
0 0.05282834017661854 0.6451503254237116 0.10565668035323708 0.2087759634208236
0 0.4715122040065873 0.18380640612358853 0.2139386228809954 0.19455130922429523
0 0.7463015066729117 0.742647176197672 0.2532635528863905 0.1719398983621791
0 0.7349630237811261 0.8821541972781808 0.2375149480364602 0.18817921233707743
0 0.8691932947440133 0.8834629398465995 0.12136010534685007 0.17213066201110677
0 0.26390234186614175 0.9345810002851299 0.28081646182241554 0.11533886471648867
0 0.9433002159184477 0.2884537774851182 0.07735293028934911 0.08424909395373184