0 0.7692367988650642 0.3012292573324523 0.30110225040812 0.33995095798852965
0 0.6590336010904387 0.8351077158106334 0.2909833145302353 0.3182044574744039
0 0.3157841375357912 0.7056521907286033 0.35689225333098307 0.2588914995348229
0 0.9542739877537929 0.43725466551196396 0.09145202449241416 0.2872045148851743
0 0.263839620206357 0.17846948611860303 0.29998324760256434 0.2918740349116065
0 0.44086303805096194 0.44932006353133136 0.20265444850288483 0.24027441438573297
0 0.22901685074097258 0.43856038253440693 0.28455306815448733 0.24843697644811022
0 0.09698220715171016 0.9125804430666438 0.15513501695064116 0.16041603694363551
0 0.6747375016056095 0.5800482819615426 0.2754991948199788 0.37570096619006815
0 0.8959008130688038 0.8262310439823133 0.2081983738623925 0.2525733579787399
0 0.8254154379527244 0.0834747640527995 0.18426092149818382 0.166949528105599