0 0.6531450124887305 0.14175848563029175 0.26709630494306325 0.2835169712605835
0 0.08843879620399372 0.13628920108302786 0.17687759240798745 0.1841523670647135
0 0.5966823145654188 0.6809877851748821 0.2791574950029869 0.31403462369013035
0 0.1889339466848316 0.9351471091554792 0.1868164847645599 0.11258344015777356
0 0.07887753746365675 0.4877971972530111 0.1577550749273135 0.3465209901093625
0 0.24883184690732713 0.5981159840344514 0.19528680194688328 0.18524528248160294
0 0.9215697421353444 0.29146795433395806 0.14989527347430134 0.3354483849381253
0 0.5463037137925674 0.8852609141259269 0.3005944805184929 0.1668176878464847
0 0.0966674182122497 0.7884959818038476 0.17575015109690945 0.3037982170485766
0 0.08906943307348412 0.94871605617358 0.09285668831109578 0.09346025917876123
0 0.407302959545233 0.6653297612408497 0.23711725024820302 0.24363033770125114
0 0.7429243999806296 0.7611315559979192 0.2627082055422993 0.3343941710883747
0 0.3459413199315678 0.19929908633674862 0.34569775349385345 0.39859817267349723
0 0.08477617132936265 0.2758944305755863 0.1695523426587253 0.17417267731036576
0 0.9125214316988619 0.7410782613879296 0.1512920966515195 0.27793822981529925
0 0.3463378271788845 0.8572014229084075 0.2035473226757425 0.24588789403620154
0 0.6779630744283727 0.3567403638515972 0.20586725024820313 0.2412623542979908
0 0.3081544836444778 0.43157578326701906 0.17837596028857455 0.17916252218753953