0 0.7279993661867515 0.6400598428014184 0.1766974788306563 0.2193552063108384
0 0.22597472227420384 0.191096158110785 0.18126742328549725 0.17876983788521333
0 0.9460734896131823 0.12392334907890994 0.10659435567030383 0.14798727925163285
0 0.33035323020101176 0.2174577290604382 0.12824295622273402 0.15165119825939694
0 0.5715605664212519 0.6816122920455263 0.1500593787889416 0.18416127111331482
0 0.8957371605790202 0.7216054300059885 0.13053492103406172 0.13256043712350765
0 0.2844571919480475 0.0653594332498206 0.354162539180828 0.1307188664996412
0 0.1557457326035179 0.28409870055460595 0.06772724734213617 0.07603561127201817
0 0.9754572710650564 0.23635594020060516 0.04679189034826063 0.19496784611040796
0 0.858595617765681 0.9100036283522619 0.1951730489994268 0.09066757876218426
0 0.7239057187927634 0.3110829399616947 0.12836882273306707 0.17328581364401235
0 0.7209898113033784 0.8122848630386178 0.13060484687313553 0.14457966789273813
0 0.2876270169111098 0.7462101703182621 0.21316074100497795 0.2911668661955733
0 0.5841128362777438 0.176244567358315 0.23183210352315534 0.19613308480076538
0 0.09156132123698435 0.37074160737661216 0.17886357713165113 0.17862982979033354
0 0.37575279499655073 0.46833334044105196 0.40089848885782947 0.34295288221157993