0 0.15758540897571194 0.15768088021515592 0.3071790650331904 0.22401560658415798
0 0.9176497434208684 0.7979282334055109 0.16470051315826323 0.30571584140324287
0 0.24440555296210734 0.4926282323012183 0.4400193512655263 0.42756415691012895
0 0.765510034946081 0.8801187043086519 0.2644503181326205 0.23976259138269612
0 0.2186960576386737 0.7876984329164285 0.26790571072307645 0.2681776886734575
0 0.5818620750383896 0.36421710720758677 0.39515809019102505 0.38046402931070655
0 0.6449058290438033 0.11238943248873354 0.30904242731837583 0.190529648745176
0 0.41122168955277755 0.1257975204450045 0.2083816421374641 0.16304947675199896
0 0.06798057202955786 0.2839629179107006 0.10777969955797674 0.2458104512060166
0 0.3924627511789869 0.9041018158572606 0.20255182469387434 0.19179636828547877
0 0.9621072766622505 0.521012795180295 0.0757854466754991 0.239354410161367
0 0.8190784305084043 0.21313350242847054 0.3487047988112529 0.2877747689456393
0 0.8499304229320865 0.5356266357522995 0.3001391541358268 0.3297848373533886
0 0.8361924862611823 0.06634626593483314 0.1820003571377491 0.08064715426177305