0 0.813492509480363 0.4153330640205878 0.3730149810392741 0.4077404288114363
0 0.6089339395659205 0.8516248945493718 0.3581015255880878 0.29675021090125636
0 0.2943859304858639 0.6785824127085535 0.41111212121136426 0.34507671217566666
0 0.9466284564932917 0.5978023837249004 0.10674308701341645 0.30549735210555085
0 0.3386545715474908 0.17429918996904498 0.36000145078728923 0.3301173114139606
0 0.4642231430250915 0.4667972546412067 0.254620382353326 0.28563542487259225
0 0.2568726942203006 0.3972042588841187 0.3376109539707069 0.31443416163696586
0 0.08717845475228597 0.8174939959091219 0.09876876630787793 0.19268029951055146
0 0.6719259784976553 0.6574344609303259 0.3583330428268417 0.43546651789855206
0 0.8527251322040291 0.9018126717447059 0.27917298646571653 0.19637465651058805
0 0.8994742815641336 0.21695648497605477 0.20105143687173282 0.21622761114170336