0 0.7410021994917246 0.7547124791593736 0.22820765434307333 0.19517263790696487
0 0.20666436079166373 0.251689355792178 0.18749631518868773 0.1956731481826578
0 0.2642040252860859 0.9561479452182433 0.15264238836357463 0.08770410956351345
0 0.25047090826873475 0.3555882118077791 0.1575109618934041 0.13915311637009717
0 0.754873660604255 0.5971782423456176 0.19030141650339352 0.16464707005067586
0 0.851236906224269 0.922820396382286 0.1384342381236338 0.14066127505187118
0 0.08710253404605808 0.31202913692148304 0.15756815830422902 0.3644428892275815
0 0.28722548996223457 0.18114473818026708 0.07914059459919945 0.07558617356966398
0 0.38256208654911233 0.9859754142006498 0.19477241968367556 0.028049171598700386
0 0.9912710779169162 0.8852085067078578 0.017457844166167674 0.20254217598747404
0 0.41236848098929685 0.7501911388924467 0.17945366820001743 0.14496845708387068
0 0.9106739809183083 0.7470367054740132 0.14820366820001743 0.14351296494175342
0 0.769071196552802 0.31383394572396994 0.3029418117954402 0.2393968505426198
0 0.2536555960189697 0.610982042055345 0.20755819294658892 0.24693764395149004
0 0.3622391401311869 0.11753175669487215 0.18734226972768886 0.19326930202881165
0 0.508714182837835 0.40236782051050807 0.3652840815231292 0.426844184002963