0 0.8074977654539693 0.3519811347563499 0.3157814812174723 0.32182861806929286
0 0.9458257387916186 0.599191121990391 0.10834852241676284 0.24688971402164922
0 0.9108268968241539 0.7624087571799829 0.17834620635169238 0.17400087624915928
0 0.17386678444430667 0.18302905425462984 0.29512366131035755 0.2796184870703792
0 0.049397154261773046 0.17245508986782887 0.09224666424384338 0.16951289718741916
0 0.8795482517071748 0.12254701377958331 0.17294722825136416 0.24509402755916662
0 0.40068686122481856 0.3298240862286612 0.13640874633314282 0.1294374390790699
0 0.24632560476704055 0.3948366890563732 0.2524954493888992 0.22628013177461076
0 0.6099015912280557 0.2139862908993327 0.3085165330101861 0.3884639371852207
0 0.6631562962434945 0.04269849750924681 0.33112028479468125 0.08539699501849363
0 0.4014461372311182 0.0931957400899462 0.22116150523146713 0.1863914801798924
0 0.4436394630583734 0.8352706450618178 0.3123703051744411 0.2928143709251979
0 0.6774688260350648 0.8032565485125576 0.34951927152875045 0.32658577039431474
0 0.835989096875142 0.5813215724930811 0.19421553259456695 0.20541896954710054
0 0.5423115829857823 0.5211320153901118 0.40808155520706346 0.42420191624696074
0 0.25231617435640297 0.6353893977389298 0.3191087131030714 0.34843901905954167
0 0.10302965893505596 0.36268688594259224 0.18843104480937387 0.24578007426866172
0 0.10353337482904815 0.7566402452351146 0.10552505737455542 0.2064110559848171
0 0.22295113930921412 0.9675739068808519 0.11913156805737493 0.04669811006065371