0 0.8713942307692307 0.8584669324234889 0.19471153846153846 0.28306613515302215
0 0.20192307692307693 0.12123400153198752 0.28365384615384615 0.23827079519237077
0 0.5336538461538461 0.8069788078288348 0.3918269230769231 0.3860423843423303
0 0.12259615384615384 0.3408196135674979 0.23557692307692307 0.23899575819757515
0 0.24278846153846154 0.8762668214391022 0.24759615384615385 0.24181932513858173
0 0.6502403846153846 0.4602068945853792 0.35096153846153844 0.35600584698508453
0 0.9074519230769231 0.3634196886613817 0.18509615384615385 0.29011754627611674
0 0.8942307692307693 0.6021406881031974 0.14423076923076922 0.19253664944592522
0 0.7512019230769231 0.961759810548473 0.23798076923076922 0.07648037890305386
0 0.1045673076923077 0.7187958016175264 0.2091346153846154 0.17797621861966834
0 0.47836538461538464 0.06718565655975432 0.23076923076923078 0.10902017757501871
0 0.7932692307692307 0.20438426426028064 0.25961538461538464 0.32156596900266526
0 0.4699519230769231 0.2039110827779728 0.30528846153846156 0.2822955233784903
0 0.9519230769230769 0.1642515017277214 0.09615384615384616 0.169223150912668