0 0.39299589945398583 0.23999077833700577 0.32182861806929286 0.32981649185279527
0 0.6614109122199446 0.1180560382534866 0.24448586786780305 0.14663382192028382
0 0.8167028924149681 0.17908376133637785 0.17400087624915928 0.19824317809463674
0 0.1381382271300631 0.8476009503508711 0.2762764542601262 0.30479809929825774
0 0.10866368329916973 0.9593552188828821 0.1696809904853603 0.08128956223423572
0 0.1558385633965522 0.13964328368917794 0.2830649596446123 0.18563487786569613
0 0.3141914095201361 0.6409181461672746 0.1294374390790699 0.142022750587272
0 0.35735188361550096 0.8015831916238546 0.22628013177461076 0.2622638167910841
0 0.22810612792638768 0.4199363433662739 0.38846393718522065 0.32569538602782144
0 0.05404479512027313 0.3414440676013283 0.10808959024054626 0.3367342890488105
0 0.08605177492744814 0.6106011039665924 0.1721035498548963 0.23081759254856932
0 0.8233360209079975 0.6546772305686391 0.2928143709251979 0.32505795478877314
0 0.8241001174572579 0.4190267729922938 0.32658577039431474 0.36366656224915606
0 0.6251939232557162 0.23839561331072176 0.20541896954710054 0.20319793940117356
0 0.5243257880509933 0.522687485801865 0.4242019162469609 0.4266077692456899
0 0.5975684057021753 0.8236094620291678 0.34843901905954167 0.33437880467430287
0 0.3053670713446666 0.9201575419627894 0.24578007426866175 0.1596849160744212
0 0.6974714043598366 0.9639289278679342 0.2064110559848171 0.07214214426413161
0 0.9240377427140991 0.8913575678690621 0.04669811006065398 0.12092804941869637