0 0.6720427632520612 0.43912388217681525 0.31950750015760604 0.30706457785094066
0 0.6994829557173594 0.13391233906133507 0.26281621301668423 0.22502613492824594
0 0.7504441735107839 0.9214080995885031 0.2623090748862961 0.15718380082299369
0 0.942867318828785 0.43228375201751834 0.08649905070819514 0.2576450786637971
0 0.39209356970255527 0.20305667687122486 0.5004150607604646 0.3730033264230818
0 0.36188713686260304 0.9275567652961171 0.2159642323591651 0.1448864694077659
0 0.1023346277923465 0.4417840498697868 0.204669255584693 0.22716426289361089
0 0.12336331074747899 0.2423697078591671 0.1688422911486662 0.21967302107577658
0 0.36614496628229304 0.7859963617628245 0.23844186867619563 0.21767474478855947
0 0.8432262922328739 0.32590616644834386 0.2737158344458248 0.20105759922885838
0 0.8776441595096499 0.18063430357052174 0.23911363428024976 0.2320978217116364
0 0.9699946478345371 0.21122780203837574 0.05038206400615053 0.20456467092977457
0 0.4520877043967428 0.05072011979391962 0.2881322835142067 0.09780409595599214
0 0.864271277601316 0.8033213610074719 0.09571263027250537 0.09428143637696215