0 0.6356476493702901 0.6107278299488882 0.3166452394580048 0.3202298084813572
0 0.6641641673274667 0.8945817182504298 0.40815700651658066 0.21083656349914046
0 0.5457116624034511 0.14497755173910531 0.41338436750078994 0.26174572670284946
0 0.10353641746380321 0.6512382289555945 0.20707283492760642 0.2517018410056764
0 0.2195559554991909 0.4361347925119366 0.211041621901196 0.23909491488695891
0 0.844892817569497 0.4086680009926206 0.27587552327562237 0.23933569780580286
0 0.1607332600452462 0.8795362868674564 0.2883144227213705 0.24092742626508715
0 0.9048985066091796 0.9009463727981478 0.14557821751199368 0.19810725440370439
0 0.8934187460671844 0.6019776277839649 0.18616382300970058 0.20926926879166066
0 0.24343443947069304 0.15311761632003434 0.24009761008560832 0.2474818440474707
0 0.07124468796330524 0.44058540058480516 0.14248937592661048 0.2657861857849949
0 0.8808862007432322 0.20556544322712808 0.1993278939032259 0.16658773337191646