0 0.6358464766440968 0.6177580871373837 0.3619792057917698 0.35783903560582075
0 0.8889013155582307 0.5633560810448629 0.22219736888353864 0.4316170524808672
0 0.16776782529518203 0.6589467333228074 0.320178550196788 0.44172191796976973
0 0.5283094961281386 0.10583835525315534 0.27777283841012346 0.21167671050631068
0 0.35559804008309626 0.2635831654990397 0.2662151598385138 0.24190899867642818
0 0.4970345392048801 0.8601767430839025 0.27641797452359806 0.2756187855015336
0 0.7845918469022575 0.12077108944632291 0.31437600149682265 0.24154217889264581
0 0.9401251854371162 0.8082686853808746 0.11974962912576768 0.20028841499904468
0 0.7004112949490371 0.8734180733266292 0.23458752622227846 0.22009257611022057
0 0.11571085289461744 0.362344444095196 0.22344944055759702 0.2705034195019157
0 0.31681299388037 0.10754294301626165 0.2848584989995834 0.20836703386510044
0 0.3130712862074327 0.9261574471594881 0.192421403595416 0.145335597488138