0 0.21062694127414613 0.4377455417919084 0.3876163771481475 0.3386222515428662
0 0.202224920249288 0.12142999504391719 0.31544214993133857 0.22768171410275845
0 0.2831515039505712 0.7496240031792993 0.12611038903803398 0.12326744190126412
0 0.6659329475814827 0.6628633816660999 0.4662491695793437 0.6057708334795294
0 0.4561009314143876 0.10607151458754774 0.24122367244273454 0.20322369752985298
0 0.8806216882474363 0.24322520716131793 0.20381368041780562 0.21501916561404705
0 0.9158212526643165 0.08830299674857417 0.14431903313290562 0.1666205836773836
0 0.7029610027549147 0.11592544841093332 0.257539532951709 0.22494222392135715
0 0.12842869640370425 0.7124614826142381 0.2568573928074085 0.2901817141027584
0 0.8904991444203006 0.8313222135559799 0.09491923163945816 0.2336066171253357
0 0.520435962444445 0.29163617155549726 0.20609766127763507 0.18620098210352276
0 0.9082533884574796 0.4634498410106295 0.12586847835883164 0.2578129006775747
0 0.11474333705463044 0.919701909115098 0.22948667410926088 0.16059618176980395