0 0.3206030073564294 0.7756434420139177 0.25634553820090894 0.2768355897762224
0 0.8931299267116996 0.9251943198844809 0.21374014657660084 0.1324929354159427
0 0.459482392471354 0.24843108199091188 0.26850477706501946 0.27937929234195646
0 0.89983109302596 0.08574852910937622 0.18402126301843516 0.1486765189981807
0 0.9310799714507295 0.5914784316702154 0.13784005709854094 0.3264212779709081
0 0.7864387890553052 0.4310509352813334 0.1895289958005263 0.16075169233216668
0 0.08537834766716657 0.5366302615311193 0.12679415354208604 0.3209702461685308
0 0.538565983745083 0.06143624920433688 0.29828581364401224 0.12287249840867376
0 0.9409183440541093 0.2883840316677681 0.1181633118917814 0.28273247796601325
0 0.9780735141551801 0.09680275063657953 0.04385297168963995 0.15437760821132843
0 0.6416372547498023 0.3196785147872766 0.23107071234941948 0.21408384823482385
0 0.32790201201200486 0.13945020614014048 0.25195787017785587 0.27890041228028095
0 0.6299754121872942 0.8009092717157379 0.33378123042172475 0.3690208820937046
0 0.9072035441851921 0.7976506173187468 0.18559291162961572 0.1487604328453134
0 0.12536075293241405 0.10926311487048958 0.21225996740328962 0.21852622974097916
0 0.7312462832556345 0.14423886041475975 0.19571306051612625 0.2256835097683905
0 0.33113068773899335 0.5433925753439879 0.19996072044429936 0.21612406771776094
0 0.7022911978250144 0.5763585988836405 0.17242205653384374 0.15574820104783116
0 0.15903045660053738 0.933879403062728 0.16864183797208993 0.09084435489398474