0 0.21934294394352097 0.5390505531777076 0.30167292867460177 0.29877147479318494
0 0.17352180918351606 0.8423914318265632 0.18611705796162534 0.237561942037649
0 0.31169361041736054 0.9422242589497933 0.18130273779923778 0.1155514821004133
0 0.6911683775524688 0.14053466583006793 0.2813752166433993 0.2233703823533261
0 0.8419915861803795 0.08369355495053582 0.18398317236075895 0.08877544097650981
0 0.06375145383818467 0.33905806631168467 0.10869347076285543 0.2742699787772155
0 0.5619897260912166 0.35317973506464395 0.13266601005226983 0.11965772187981048
0 0.7261493634266375 0.35099207372062546 0.24464575873165298 0.20705760185033178
0 0.3259649592782574 0.33121828706046597 0.28809287268394 0.36760115158409523
0 0.16780168161806144 0.1274940507250127 0.33073637653407845 0.20197750582674884
0 0.44077651428343734 0.1190192594708461 0.2132837977976439 0.20301601259389063
0 0.7705416956122583 0.8514015742956571 0.2982087675750177 0.2971968514086859
0 0.5404738776442577 0.8778719914409963 0.3343191264223669 0.24425601711800754
0 0.3005568114108116 0.7639208163720579 0.18639364636930025 0.19201484535323324
0 0.5273448011680272 0.5875649566839282 0.38995009861755064 0.39212309083863306
0 0.8337495581192313 0.5760461964633254 0.3053083451025469 0.32533976272415377
0 0.8548044852697161 0.25582051542785816 0.2171431360936073 0.2343919928325518
0 0.9858437478515076 0.6256042175463299 0.028312504296984835 0.19976096962726883
0 0.9885934185894235 0.9174195647613153 0.022813162821153064 0.13536104442806726