0 0.278368841061894 0.4223167082732409 0.3940860253211888 0.3867710303316842
0 0.2728431663162337 0.12367539611258026 0.31972479417092886 0.23022845069389244
0 0.34980601036748166 0.7475107551945194 0.12864204428264042 0.1390974733512526
0 0.7302821543518804 0.7041490287322714 0.483548726853275 0.5917019425354574
0 0.5265049160140074 0.14409441526980954 0.24531752433570703 0.22698556719380975
0 0.9213778036516546 0.36636620525722097 0.15724439269669085 0.236126219601921
0 0.9544125507411036 0.2152523399532908 0.0911748985177928 0.18258471944055066
0 0.7721187341725226 0.19743867030295867 0.2641597442247925 0.2715298659494116
0 0.17502002608324735 0.6719868464765869 0.3027925380146919 0.3295506160300968
0 0.9518079802106727 0.917493923406809 0.09638403957865467 0.16501215318638202
0 0.5883464061193437 0.3404094641060965 0.2087000273579696 0.2122340478823554
0 0.9537243936492639 0.5908167290370284 0.09255121270147217 0.2728020951192294
0 0.1755930864626828 0.8900082361986605 0.244421836863635 0.20775479796304042