0 0.3331198893628932 0.3790586844744513 0.2732149393476874 0.2732149393476874
0 0.41172817900765313 0.09047907344163646 0.2294282573693092 0.1809581468832729
0 0.09758492178941452 0.8527850001510706 0.19516984357882905 0.21269923046708947
0 0.05000447216991673 0.28816085735352037 0.09520445745273885 0.25054542154477705
0 0.6800778826660901 0.23882366646296674 0.4537131784033709 0.3103215192414894
0 0.457286169167614 0.9348078551956516 0.1954387671879079 0.12613279859299864
0 0.8813848108501667 0.5501419197826164 0.1814772008027193 0.20537581066303273
0 0.9233899866424571 0.35399071039130336 0.13340027772579624 0.20509610730673686
0 0.5061672393938879 0.796306997993202 0.205431751334292 0.19109258541810392
0 0.20782700219393194 0.2235429057847281 0.2461712694393434 0.16969571788634005
0 0.21223691857405194 0.08625176559825821 0.22937231669804997 0.17250353119651643
0 0.07765649687820432 0.08046591289867956 0.11391777547436058 0.16093182579735912
0 0.6823566636647526 0.05490306806840521 0.27468177925794224 0.10980613613681042
0 0.03183577433792261 0.6668715153429006 0.06367154867584522 0.08452620008342968