0 0.8245549773012908 0.6222564457788156 0.2738022349750399 0.2805326960724164
0 0.48614221949414155 0.6436659845134083 0.14760910853952203 0.15622712466593652
0 0.47492227183979097 0.889850354889059 0.16287265195230452 0.16875002037976009
0 0.6018806147574491 0.8746259789315668 0.1757828891939114 0.14761906993973695
0 0.8312545591604805 0.8522282070524416 0.22587693184612798 0.17814410693453253
0 0.7093631652395117 0.46921159096707715 0.26529649011264284 0.22748019237293704
0 0.5978694057324374 0.26328212077072316 0.16304074525024576 0.17115386653360595
0 0.6442478025471393 0.05873012104377738 0.1874659333672598 0.11746024208755476
0 0.9041246837172806 0.3245267369986526 0.14554144898155824 0.16095087281619683
0 0.9059649133532279 0.17818592616504958 0.14626436215599298 0.13699635543516736
0 0.8379255112296958 0.05305245275007987 0.19914897754060837 0.10610490550015975