0 0.6140680943835047 0.8757579970012851 0.2863302452440414 0.24848400599742987
0 0.6453900617177222 0.5500003434020668 0.15797289583190485 0.1445123176812642
0 0.8901627007335128 0.5687032679758126 0.17281564143149863 0.15918715034849823
0 0.8721024952806216 0.6934515122316557 0.15400454087724677 0.1732745529460325
0 0.8416640864252748 0.9046339435537771 0.1838299216352737 0.19073211289244577
0 0.465130936923508 0.7524871409806829 0.23344562985942596 0.2611557117866644
0 0.2623170753402313 0.6142632573657149 0.1752894323647645 0.16163295579303713
0 0.05940393223328774 0.6357902447547839 0.11880786446657549 0.18504202797110628
0 0.3156543092362755 0.9295809250115863 0.16271064336017774 0.14083814997682745
0 0.1694393625281772 0.913275451422235 0.14107602797556235 0.14181475649256825
0 0.050701442841021245 0.8267911157588211 0.10140288568204249 0.196851462286873