0 0.9044644717170324 0.08915693992885129 0.15260951810439685 0.14919413211687804
0 0.8346693530870515 0.6508387337603411 0.20936721801657507 0.18621688811050555
0 0.2602562518296195 0.7562789972507555 0.18984260111106244 0.1786696753234245
0 0.9134432934793218 0.8133859808876289 0.11434387809268724 0.15333047577348516
0 0.3805832129289723 0.5779626223748571 0.20514722105836938 0.20055604645219668
0 0.08723538078454082 0.743537645478755 0.17447076156908164 0.19781652597280797
0 0.06664863366566526 0.8994309915078661 0.13329726733133052 0.19971686063834027
0 0.15930289365496536 0.872389087161504 0.13642335513285975 0.10567314560349016
0 0.3466335275830862 0.9048680731759509 0.26514542567960875 0.1902638536480984
0 0.7912471168197102 0.9157930088638048 0.3026274718920027 0.1684139822723904
0 0.7437517003226861 0.46161840284193506 0.2946241593442643 0.27418196553252333
0 0.5084380023991145 0.3624915303410753 0.19082209336020683 0.2027081368618859
0 0.49738599344870177 0.1614347021693788 0.268234916407856 0.21607006493328726
0 0.31337137122004904 0.19069771915364672 0.16133517940866696 0.24543189685210987
0 0.6761705039486124 0.05389982766768596 0.22938976133354425 0.08807878870974148
0 0.7530038119336593 0.1755187512435499 0.22496568563862512 0.21531479770081632
0 0.5128559964332946 0.7558770304658106 0.3100797932723852 0.24082183441352684
0 0.06506104890424763 0.4990857086657493 0.118172078151235 0.12937593281640913
0 0.16611235630381624 0.3805717726011549 0.22555338098811198 0.22973787462389325
0 0.20309039444401475 0.565242250248203 0.19504209031841252 0.18836897852019463
0 0.07748833003805608 0.1215559846398247 0.15497666007611216 0.1806119692796494
0 0.7247638126369064 0.7800231199998182 0.19067925966627733 0.14025009615257852