0 0.5426492948669206 0.5478043598404194 0.3671187761936501 0.3214918331487643
0 0.6493773109866143 0.9005590898287766 0.2946118068794513 0.19888182034244678
0 0.20815645499272906 0.051786470837948115 0.2961206022931504 0.09587066862594845
0 0.8351625252190029 0.6159537749666376 0.32967494956199417 0.4395275043870865
0 0.31129967963337574 0.43325638019990426 0.24428487449464475 0.27277013002243294
0 0.17326652419757224 0.25019694276911764 0.2781065426622685 0.30377292032257225
0 0.03814228366724641 0.5671375053383311 0.07105411457175893 0.23523654913820052
0 0.03962471145561483 0.8219451976460234 0.0711100552430181 0.24485193375358513
0 0.44500843240624693 0.8925863160192525 0.1960401294039441 0.2148273679614949
0 0.29745858988491175 0.9414657494178951 0.14970974959357175 0.11706850116420989
0 0.19291225994432626 0.94230400749638 0.07010312316035275 0.07177501067666206
0 0.8539070189968521 0.9432711775704925 0.2124754677820529 0.11345764485901509
0 0.9655428080519524 0.29021463720646523 0.06891438389609525 0.18715962606127745
0 0.4691905327861661 0.10576001874095019 0.16434260403387066 0.16191739904023666