0 0.4419680351897538 0.46752431287725754 0.35306780147496153 0.2848420972054685
0 0.3083867362858278 0.11312719270799873 0.2774572966591136 0.22625438541599746
0 0.8093061905799709 0.9077670032723415 0.2894154586049758 0.11114549455452377
0 0.14839741721598934 0.46429303395645516 0.2967948344319787 0.4054225672330439
0 0.6785484586170514 0.5295085098997032 0.22946431773962261 0.2495709511875957
0 0.8292581442265339 0.6799736405405741 0.25914991316009733 0.27512117558999116
0 0.9529570607357362 0.3327694055966765 0.07528238726374042 0.23189283129789706
0 0.9485920154986673 0.09884887885852581 0.10180863911348034 0.19769775771705161
0 0.5163194285935201 0.10044062467434205 0.1828678550847929 0.2008812493486841
0 0.6604128439211094 0.03612413283303945 0.1405448853813784 0.0722482656660789
0 0.7654838165580097 0.01561228777527754 0.06708639424708042 0.03122457555055508
0 0.10245343655066337 0.09469996259960077 0.1989392807448271 0.18939992519920154
0 0.032829620835967785 0.8197217600808226 0.06565924167193557 0.17786417214604702
0 0.5446465483904399 0.8940435888751685 0.15432694345668302 0.15925308248929929