0 0.8338588074793422 0.13308878896555856 0.2697823850413156 0.17529075594173332
0 0.5825927585115125 0.7771387569355725 0.19889936411392276 0.18990016134253387
0 0.8535987353550818 0.9382700072337234 0.17045446542862855 0.1234599855325531
0 0.8746439246954579 0.7584416196013313 0.17276514734361278 0.19301335357923768
0 0.8175604292245213 0.3685886893119822 0.24247668580515125 0.19748067194820743
0 0.6258186518300817 0.1402735716273407 0.15664757034954743 0.1656467731209363
0 0.4885111564585277 0.36198456080870167 0.1613012171962408 0.16355101788908805
0 0.6899434987931953 0.4955788236079185 0.1764945214243126 0.1764945214243126
0 0.44688615882954225 0.12639333862907237 0.17572429411931786 0.16447529065508176
0 0.8540087624016794 0.6472950967998432 0.18860691643240501 0.14136110188261386
0 0.8873310065025409 0.2403053101059171 0.1069693114404977 0.10021990936195611