0 0.780693622836377 0.8714052672763954 0.2734274559959398 0.16305721860017586
0 0.637493959843578 0.22770348796434486 0.20257107741010627 0.20128365043117274
0 0.9228707018293291 0.07473074730775697 0.15118102604688352 0.14946149461551395
0 0.9146964113733733 0.26469505001855825 0.15703789004586846 0.20289757007798356
0 0.8027185701532621 0.6503607377628551 0.24605014251759572 0.21152086825565153
0 0.5781281810717331 0.8663783817216518 0.16100624500052654 0.17438760282771207
0 0.47808156038811067 0.6358777642492629 0.16574399252879943 0.17231994326974814
0 0.6986722352159364 0.5160980130932828 0.18058673812839332 0.18775157998047176
0 0.3981544710406594 0.8681680713749288 0.17783316807744962 0.17556425591329974
0 0.8839046655302647 0.37480119986795823 0.19162674198575103 0.1549382003163313
0 0.8516513055006754 0.7824799929004578 0.10870691150485029 0.108357643570948