0 0.03265992027997741 0.8541388377724898 0.06531984055995482 0.16191463214732812
0 0.7649534641508353 0.27436041465017336 0.20238152849476165 0.2079909089988878
0 0.5390334207343023 0.8309930626057239 0.21307523133713874 0.22549020526757546
0 0.3087350982338062 0.5036909358126197 0.27184585725643917 0.24635136749508554
0 0.5196610627395841 0.6851736437194791 0.17905241303915764 0.1800357616251098
0 0.019266737058806147 0.6441132159154984 0.03853347411761229 0.25023510663054166
0 0.16243164475963282 0.4088477694095624 0.32486328951926563 0.3510109585113291
0 0.15874701039270797 0.03353629283857535 0.18250597921458406 0.0670725856771507
0 0.5107439697731204 0.15214163077472714 0.34479235039895567 0.30170684236614764
0 0.8765459818269579 0.19476487827640837 0.12370307027855887 0.1378761706088666
0 0.8786292803617559 0.34897248870977965 0.21224043799869463 0.36183706284504163
0 0.7031056138228682 0.5299580334649009 0.256466224550644 0.3051027749577105
0 0.8632247342618604 0.589357104094395 0.19113252503052564 0.219169673278413
0 0.8083412126955708 0.8109646901593942 0.20638671048073468 0.27049090899888795
0 0.652200518442795 0.8948718756219931 0.21141301428287507 0.12486485340191923
0 0.47587249917653157 0.9203638402178497 0.19048774498111734 0.09707779932608236
0 0.2594760783996346 0.7308879040173815 0.3971825463838496 0.3723764006326626
0 0.778371560766107 0.10354723284187316 0.19051634318652988 0.20709446568374631
0 0.9124782268790638 0.08828808774979308 0.16764936411392276 0.17657617549958615
0 0.14850298723627742 0.18465121057640577 0.1318388815060912 0.15280352742576692