0 0.9725624166473975 0.795395696930951 0.05487516670520493 0.17228514899072314
0 0.4729779546311153 0.8602137571813604 0.22455921436227982 0.2321772241001636
0 0.23814112114084784 0.32401931284047747 0.2090160726801649 0.21235875951990785
0 0.3336474687211379 0.9502253260608428 0.17034564365153712 0.0836815734421738
0 0.43888486195266135 0.39896914331764227 0.23657844513151075 0.232666970224736
0 0.20975167596589886 0.14686931664272046 0.22584299575708797 0.21304440409430897
0 0.08368976098385555 0.15441549710457517 0.1592590524646846 0.18155362117546506
0 0.10265124672007989 0.252434468675238 0.12859279338509375 0.1491282304764917
0 0.12459919795532912 0.44309946639389225 0.21363633981119723 0.29168568259683086
0 0.20057329472466112 0.8580608657505393 0.22976322241372144 0.28035209640200137
0 0.6363006065730044 0.7270574391355116 0.32390953815747064 0.33215109002567333
0 0.6780901412260133 0.4723517861961758 0.23333455040838602 0.21814594407674465
0 0.868300516048585 0.41518802743671657 0.2633989679028298 0.29614646247388055
0 0.7984128458932165 0.24215598882880857 0.27039600792112684 0.19567467013691425
0 0.9744773560443949 0.5642346692620624 0.05104528791121018 0.23880924749909974
0 0.8937088620721165 0.667520456743598 0.2125822758557669 0.2549872301837527
0 0.29703310875961775 0.569803406025714 0.2956234166908359 0.3405910839420846
0 0.4427503035579913 0.07231747183480115 0.14938736020043045 0.13558669657764477
0 0.5818459472095285 0.14375539216266897 0.2714923641392748 0.2556728747581537
0 0.4105654208251523 0.2230210701968083 0.2214553277340349 0.22006004410601854
0 0.807376728691213 0.04214082316541792 0.20609961122857984 0.08428164633083585
0 0.32271498305007096 0.7832069929809923 0.172678364182713 0.2060818288384988