0 0.13421193557072328 0.9185210064004807 0.26006477022865093 0.1629579871990386
0 0.3704474169598279 0.2695455295756414 0.18815918206673046 0.1797889300321583
0 0.09447547452613292 0.09839185176495734 0.16117140359541599 0.1479234784891027
0 0.07876655594474725 0.29394163739161333 0.1575331118894945 0.1840371209370728
0 0.14800226961004453 0.6828072227900108 0.2314703721266541 0.18319987871100452
0 0.34490512800315076 0.9062290595032055 0.14691616383511039 0.15720316226282066
0 0.47627412712746947 0.6820309553994662 0.15168189685210992 0.15491121638952993
0 0.27050233829045794 0.5533931913423614 0.1663567295193438 0.1696699941542736
0 0.5239077478833036 0.9152050372615924 0.16610497377518685 0.1552469172311967
0 0.10354874188587394 0.4052179372220086 0.1801084577913354 0.13154415653440188
0 0.08081164211343912 0.8123061843871261 0.1001941046447127 0.09604395575138916