0 0.937475422378165 0.09487441628315268 0.12504915524367005 0.15532863181216705
0 0.8979459475632988 0.6572074306542011 0.20410810487340242 0.18258210669342548
0 0.3289810510764862 0.7288383702198618 0.19181653660315698 0.17274295181901997
0 0.9637938501308828 0.8257415465407051 0.07241229973823429 0.1504929682220972
0 0.4437530112099712 0.5578707527665059 0.2106057021052267 0.1969772123341247
0 0.15023800422238984 0.7056538748592314 0.1909824843894281 0.19194574976741144
0 0.1350540128528406 0.8586197753758047 0.14570185595138055 0.1962219877099291
0 0.23204191122041554 0.8382421835675534 0.13804911049330842 0.1024719877099291
0 0.42064552380999837 0.8937946881579742 0.27148675292143926 0.2072918790089494
0 0.8567489634192238 0.9150762942516132 0.28650207316155235 0.15485480414237593
0 0.8040849515328752 0.46224499271657815 0.3028346666766136 0.26769571696125694
0 0.5638969571229404 0.3495456204402131 0.1961826251821499 0.19680938463985898
0 0.5463103097960423 0.14883845223524808 0.27428304756031474 0.2121275425990194
0 0.3624896135262338 0.16661724097832384 0.16625703963608232 0.24209086360964943
0 0.7217668981371423 0.046355426112729164 0.23140666200827908 0.09271085222545833
0 0.8024669941795023 0.1771374819444105 0.23101381679108413 0.21162405951622246
0 0.5828565790491923 0.7439302317240593 0.3145106042044853 0.2342096985016765
0 0.1254154391782012 0.4605175097316789 0.12097680793020057 0.1286905251432161
0 0.2220602426704998 0.34750792715321804 0.2297873160923259 0.22601916515692175
0 0.26621188743279794 0.5346722717646867 0.2000091962772687 0.18484609643538347
0 0.10792749907080923 0.08526661025559444 0.19181653660315692 0.17053322051118888
0 0.7963327053909655 0.779944282977557 0.19368086527312903 0.1367412020760829