0 0.15933017808735486 0.06289757034954749 0.1648142023285559 0.11593623119516185
0 0.7059884364936527 0.8343527867365209 0.21085988645449197 0.20749731172445196
0 0.15768003588398072 0.5896641104722155 0.2282468419109341 0.21819101456682907
0 0.4982465340883116 0.372001200584946 0.2509778135136976 0.2795195321009745
0 0.30538842052108445 0.5763783905926123 0.1806136516595405 0.18161030465400266
0 0.3698185789142182 0.058424724763609444 0.24925254244382097 0.08542417548343194
0 0.6000029471878094 0.2276449840985903 0.35515953815747064 0.34127790300139227
0 0.9713401497552757 0.24116685924411754 0.05731970048944855 0.18429364352443442
0 0.8411779509094622 0.5855671665104941 0.3053788094011002 0.350062179089645
0 0.7820703432722206 0.9419313505409328 0.13921194320552688 0.11613729891813443
0 0.6259603513671004 0.9165549043785677 0.3645660322057661 0.16689019124286458
0 0.45283825435885794 0.7642455203310912 0.3075500564469671 0.26398585393418017
0 0.3852957197927255 0.9111633132436042 0.21977523059547777 0.17767337351279158
0 0.17208901538615176 0.8576159338955621 0.2568129795673284 0.21523186779112427
0 0.09348696289974805 0.7005043847573617 0.1178099269288908 0.21350876951472322
0 0.07251906832865719 0.5255323340290202 0.0949152386903575 0.19048774498111734
0 0.2710367770433003 0.31553064228923594 0.3780305178551139 0.40501026668938384
0 0.8783534648257318 0.8537804987364079 0.21015984598009313 0.1954780809552212
0 0.890581586162052 0.9517616618394535 0.19109279338509375 0.09647667632109301
0 0.8261163480146726 0.2241734340091454 0.15631888247220943 0.13455081858193524