0 0.9209668814740893 0.06837827797490846 0.1580662370518214 0.13675655594981692
0 0.26137448428144733 0.7001939329436794 0.17920484656946536 0.17850183816065301
0 0.36428573320977703 0.13435208604142182 0.18708793829046058 0.19785848526350075
0 0.668509676523895 0.44293497565381956 0.2451160226124965 0.20848089285551333
0 0.4161973826557022 0.2777646491036808 0.15673078961052903 0.1540857430059561
0 0.9621566050521705 0.2753255507058683 0.07568678989565897 0.23940738511432544
0 0.8397589248819647 0.5253343637668598 0.28942311768259654 0.3077518931049838
0 0.921821641203652 0.930283625755382 0.15635671759269615 0.11106826798088211
0 0.5427542300564059 0.8023187887148112 0.31144691944268826 0.2504791783196045
0 0.16699873263951714 0.7872298226782773 0.10515874633314273 0.12195459790140663
0 0.11487722280001177 0.6378076442314029 0.1966804475717817 0.33496163461411727
0 0.2668575084380071 0.44393256181490687 0.218536361017009 0.2728812275210455
0 0.0932196811319333 0.3964518818686751 0.16528543459098094 0.19267315933957294
0 0.09572651723846448 0.15828229582978806 0.168307424258536 0.2792116208780345
0 0.231833799942974 0.06372898601444689 0.19443683065517878 0.12745797202889378
0 0.4052732045224993 0.0381170510750042 0.18073871673730635 0.0762341021500084
0 0.6677465200293853 0.2144437131663564 0.35457879630873906 0.31609633241522866
0 0.2853633656129716 0.87055231518656 0.1649496579612526 0.1830577747241882
0 0.1301206955021566 0.9021258229277478 0.19304031439051766 0.16192667082788695
0 0.9003664027503321 0.7455651055254637 0.1128739497392738 0.13650355269656209