0 0.3313421330659724 0.15924835927251127 0.2652103986431626 0.25702152517250265
0 0.3476165893134619 0.49752790300139227 0.14725207680576935 0.13905041996762968
0 0.10139020896506451 0.4889497817105377 0.1596070084166668 0.15424372419570134
0 0.1020585958312503 0.36297892682511307 0.13830809387371806 0.16728039196978764
0 0.09883945288717959 0.1215464338245736 0.16402505962051303 0.24093623119516183
0 0.49754522840112203 0.2875119121589018 0.21232578325854726 0.25363252503052547
0 0.7177789120575324 0.4168376417639227 0.16201085457051298 0.15439776965670035
0 0.931898033010497 0.38638462486867375 0.13620393397900607 0.17960771366101638
0 0.6216749864096689 0.10344565201465361 0.15200381897318385 0.13695466473578138
0 0.7683375768644232 0.114044348212513 0.12802130757500024 0.137818056279638
0 0.9277872051086539 0.19399990983048201 0.14442558978269232 0.19193503535224507