0 0.48219856779047177 0.4630864877855517 0.36383704587257487 0.30098392919171274
0 0.2790503702990386 0.12574406482828746 0.29071401285110904 0.2514881296565749
0 0.8914352379568438 0.8597392564194171 0.21712952408631245 0.13817829057200862
0 0.1798737570759014 0.496285474095365 0.3310855150454959 0.4208905902708085
0 0.7296860746299642 0.49521981754940253 0.23978539988430386 0.26116117099671526
0 0.8866176038671088 0.625196163121476 0.2267647922657824 0.2892844116684341
0 0.9618529819616815 0.2686034991789095 0.07629403607663712 0.23648440289922917
0 0.9253754361514553 0.07087283813007604 0.1295970261490646 0.14174567626015208
0 0.48625531653567233 0.09996617363599916 0.19288075268712773 0.19993234727199832
0 0.6151080269769404 0.026762580904699705 0.1484852847231116 0.05352516180939941
0 0.08897858274417891 0.1240084735287233 0.17571794680817762 0.22313689909639958
0 0.11613905102340696 0.862493522653316 0.12126587834743606 0.18578500038784868
0 0.6629054040167456 0.873699236823496 0.16134753642475766 0.17181566337592466