0 0.4147486848987515 0.6529988622295936 0.2791729864657164 0.2417873886477566
0 0.4812154020129525 0.8507276885099355 0.30763097797660255 0.28086437865235053
0 0.22895618933394474 0.37281492971201907 0.2695473802310477 0.28718071486944463
0 0.8472792366849033 0.4856717393936424 0.26739549455452377 0.2919324570368591
0 0.9299241928477788 0.3288892081219543 0.11369576418559947 0.19952124064732912
0 0.8807304404554572 0.14516383271260608 0.2324920676333503 0.2214935667517096
0 0.6511001426438188 0.15170899418605716 0.2889143513197621 0.2444150353627139
0 0.44688897818627277 0.11462677614324239 0.27196144800417793 0.22925355228648478
0 0.1302214086911704 0.14942709770325843 0.18012159482266366 0.1842609214981839
0 0.19048608965674763 0.056713180237446544 0.2247970514557355 0.11342636047489309
0 0.043577410152616056 0.6296947870880876 0.08715482030523211 0.2790719642853634
0 0.13931332411453756 0.8337679246556623 0.2786266482290751 0.25196227466591925
0 0.2968853512180497 0.8862298991710467 0.2073197839469383 0.19929944996431623
0 0.4916104321061234 0.37750569704390985 0.30268708381096504 0.32396575900074814
0 0.6872072826443065 0.6538600597696042 0.3525277302291442 0.3587386079601498
0 0.8621892417300732 0.6821996475361103 0.17619576418559946 0.20097594429455137
0 0.2166152367547935 0.6312004161803416 0.19467065198440173 0.18700046849369684