0 0.27342616847771184 0.4669277675349016 0.20400429598428632 0.20745311798730107
0 0.8966412432393105 0.07035235212134894 0.2012052726340611 0.14070470424269788
0 0.11768975631384289 0.1999192079557729 0.19489604949928993 0.26946337186272884
0 0.08164549786449322 0.8480455039486124 0.08962070115105694 0.12121668441046733
0 0.29993422027011457 0.1828596822468902 0.19701667939076598 0.21196696262025008
0 0.16138730355292868 0.7761566403044486 0.24716156581950816 0.20681235788191488
0 0.43572868676889365 0.6939300432883684 0.11561516510732858 0.1126787412691417
0 0.11642191098787252 0.04724435466515027 0.15111305274497583 0.09448870933030054
0 0.2325869389832034 0.009841905586605375 0.13344310873563756 0.01968381117321075
0 0.7548110062350399 0.031150059257788857 0.20058617356966396 0.062300118515577714
0 0.5710125230609848 0.6510873220836294 0.1847142323591651 0.1538828580282847
0 0.15015493510015634 0.4057194595498549 0.2161354876875262 0.2103467102657195
0 0.4088713183161212 0.32412953249571846 0.1847142323591651 0.15388285802828455
0 0.5726687395796868 0.3246805236630744 0.18432568301748115 0.1970541395726009
0 0.47046237513465883 0.09582329429697209 0.19852483807254004 0.19164658859394418
0 0.6299032617539156 0.15737243305192278 0.16867103582030515 0.1700241365308065
0 0.8100897041404109 0.30296431962731324 0.1705150773041062 0.1581028549864902
0 0.9593948123045046 0.30010544001372885 0.08121037539099081 0.14324309669474042
0 0.8556080953718648 0.5046200812535966 0.13071000763445978 0.12768951354170519
0 0.9524698040326839 0.5421817245998396 0.09506039193463231 0.1898956658669619
0 0.8899403349844601 0.6212331520930847 0.1191386206012648 0.13681515203251765
0 0.755492891770089 0.6303240779190631 0.12579035439275815 0.12508976893803012
0 0.9089289557467997 0.7934775067582349 0.1821420885064007 0.19773978414700202
0 0.7591052888555534 0.7337384371469048 0.17415049373205158 0.18464311190371227
0 0.5915474126695955 0.9368511667165783 0.11678744098707565 0.08633438280174816
0 0.3434671400355344 0.8072719868974035 0.09845235922837844 0.10478155823320197
0 0.4681903734789072 0.4084151618611477 0.11242759241541943 0.09575386896730406
0 0.4077946118825976 0.5337049193924488 0.09733274988828838 0.08074309669474043
0 0.41522675828480643 0.486438122492791 0.07318232741581782 0.07735975829174972
0 0.4696821406728956 0.569717727231126 0.08553744098707565 0.0850610428778606
0 0.310389490039519 0.6400312229897746 0.1815266596672558 0.13695798572644696
0 0.11522347998724933 0.5347884425272466 0.11047158999760921 0.10527130435777411
0 0.05339524559130338 0.5517581992980992 0.06066258637089409 0.11763744755764777
0 0.45844018673598497 0.9230076048561038 0.18107881593121972 0.12734260111106258
0 0.6791920496898046 0.3107063985389968 0.09442839345874941 0.12141258286029616
0 0.8610380225223495 0.18167212822643908 0.12293866450287592 0.11537643509773102
0 0.8931409852368074 0.4055502005868244 0.1657600515360709 0.10752413653080649
0 0.7994801049772879 0.9283785587614785 0.2345759025255372 0.09113389482255649
0 0.6556312572335075 0.7873270491969868 0.07715362664579026 0.1111115536705103
0 0.5540835808320954 0.8047110451020045 0.17213519691988935 0.14137388113448152
0 0.40160397753653054 0.7627559485822346 0.10108012725024264 0.10968719976580871
0 0.7205152198232679 0.47399857092865605 0.07329428834982685 0.07976360444559588
0 0.6684143309767158 0.492980376953697 0.06815071324010748 0.07235616753422856
0 0.6027564054819825 0.5052893652542291 0.0812895533494283 0.09688437519726224
0 0.7572774607105858 0.1256898418266921 0.07821394159152817 0.08236334904927095
0 0.7521108662583855 0.19574420257543113 0.08324555576723852 0.0873669398067922
0 0.13742452789660492 0.6494874133374609 0.152680505821102 0.13578259502747378