0 0.08044914263328354 0.5052751336741118 0.15205936003524315 0.2682958864979301
0 0.5512919364197199 0.05795085849163796 0.29489156514713205 0.11590171698327592
0 0.30420431804824716 0.7159520812528655 0.12405066052978939 0.1321404128388683
0 0.8844542934436314 0.7615370534637645 0.2223862667090892 0.32524073663405884
0 0.6781117539048924 0.3934900411259727 0.16066777848503375 0.1823174573389878
0 0.9592193712970623 0.2555048511134895 0.08156125740587547 0.18518874485925338
0 0.8666861220804881 0.16481132065995424 0.18219050874013887 0.1739621455775211
0 0.39444223797922934 0.20193829591921325 0.16089154874405479 0.201548226569757
0 0.8888933066885305 0.39425047452782724 0.22221338662293905 0.260756914764852
0 0.0795104205430056 0.21787551019461665 0.1250016841306281 0.2138711820696374
0 0.1831737139499253 0.7542724900442936 0.10476394873426499 0.12621265577213756
0 0.23141678059048593 0.5590246277441262 0.14101744001860056 0.14513970027225737
0 0.27243516519363337 0.4664302553144996 0.10705590975860073 0.11673727925163281
0 0.1862183734025143 0.49911477749940203 0.0948688512951043 0.10161416185415707
0 0.1998302831366406 0.428563190468585 0.08746151385692258 0.08436721449259466
0 0.33236264928020753 0.34507158735660404 0.11205940104293624 0.1338442185183155
0 0.22157594158545238 0.3334831135672272 0.12623073642461471 0.11304965170297866
0 0.7019849139450305 0.6879730492425716 0.17953492104489419 0.1521875220980259
0 0.6207724555035609 0.840639866977462 0.15331638361160746 0.1698782022851177
0 0.3940556924178271 0.788896781742314 0.10943178463006926 0.11447344119266653
0 0.5117602401091558 0.774824846631667 0.15068876719874041 0.15050742495946862
0 0.5773896554741917 0.6266738507442642 0.10965555488909008 0.13370421042343578
0 0.323967383709505 0.8639404820797286 0.15597197130685198 0.19165282576461296
0 0.4880023334597844 0.9036987777817507 0.17707513232629288 0.1472398216954538
0 0.15716580319978457 0.896507583135411 0.14828492104489419 0.15036741686458902
0 0.06971743291873674 0.7199874858882581 0.09003318770503438 0.09893029951055118
0 0.4428565005753118 0.4348550651934207 0.13120625642657274 0.12775274481581506
0 0.6467062277211876 0.17521821518760683 0.1677114892523067 0.1683144047005501
0 0.5481913344023757 0.2879997049712711 0.1270698748959429 0.18516503631836329
0 0.4148083703422338 0.6084801663794178 0.22822721233412466 0.20787229938023663
0 0.8688136236718145 0.554374405677911 0.13615380514615302 0.14005199177480543
0 0.970175693335944 0.06998418668177463 0.05964861332811193 0.13996837336354925
0 0.8591241005239156 0.04685521697241636 0.1479772369387406 0.09371043394483272
0 0.6856318185378986 0.5229477131964656 0.17671150565538396 0.1159898216954538
0 0.48985484515006894 0.13263604904709944 0.1166153518092301 0.11248961932345962
0 0.7659542483351689 0.9139701505154452 0.22694053334475447 0.09729537630331354
0 0.043471766268386336 0.8417898866716832 0.0699369928511874 0.22988176511817215
0 0.0675759456862217 0.32922247779337843 0.09014507283454479 0.10854568412593603
0 0.2439920687460127 0.19265995569535257 0.17277092310139752 0.1902290362749251