0 0.6934870728027657 0.8561609205600398 0.11393427248905943 0.11989027973067988
0 0.40001205280487223 0.18958136747500762 0.2902029317656971 0.31915236700729815
0 0.6928688410789149 0.46384425135854446 0.19556937328682641 0.2024495272297799
0 0.5469706684330023 0.10170832096987456 0.25702020159553385 0.16893851476986327
0 0.5775428991827941 0.8706901269949155 0.1013554834844727 0.10016976437533852
0 0.781987601255638 0.9163244011097161 0.12347971232502448 0.11787823047649172
0 0.7693794755068037 0.7292917049997809 0.23127734169742098 0.19189953483426608
0 0.775770174087562 0.5923704234554646 0.17479981890882795 0.14878131804584882
0 0.9136359683911558 0.8169973769503316 0.09010564528885659 0.1261223259430738
0 0.48100999238760317 0.673017669551436 0.12438899445747828 0.1491282304764917
0 0.56852565828314 0.9600977470599912 0.15678383458177322 0.07980450588001767
0 0.700947031082937 0.9559716091832579 0.11874196479675174 0.08805678163348428
0 0.3795660666514572 0.9229442611871745 0.2404031128568692 0.1541114776256508