0 0.9013533414532907 0.6538429727744207 0.18582509131859973 0.27454657246665204
0 0.5712063179381124 0.09477185750184325 0.30470274873915987 0.16506304220685816
0 0.6231348573300048 0.7984435539104079 0.13377793027468435 0.13846234748345765
0 0.08583749534839327 0.6997033414539064 0.17167499069678654 0.3320989906001206
0 0.34764609943447794 0.39846806403111196 0.17523071181999883 0.19013217796435852
0 0.09634796099986133 0.19277158211004602 0.12718176002545334 0.1911371285298145
0 0.22689689229056023 0.13284667712177647 0.19678141335748142 0.18355014251759566
0 0.6771976348357358 0.28541937257572114 0.17785832823286588 0.20943289197454723
0 0.13100877331930133 0.3440611384167233 0.26201754663860266 0.2743809592542302
0 0.9514590245679042 0.37756266520387044 0.09143175182391489 0.21653026453082952
0 0.7305666952700751 0.8652929920612089 0.11449121847915987 0.1330950969404091
0 0.7376820183739201 0.6671155739277403 0.1531485559173418 0.1510411364880446
0 0.723203840951402 0.5681032405538211 0.11437933334964967 0.12347971232502476
0 0.797135674790703 0.6207522979465951 0.1021643036037757 0.10630306535100406
0 0.8039704430054577 0.5500136983566823 0.09475696616559376 0.08926630793582237
0 0.697070059430562 0.4374911832828045 0.12419051694167749 0.1405864145196258
0 0.8086950635313314 0.4539647693719655 0.13598597745188729 0.12170536918595413
0 0.24345387785832584 0.6731746140647233 0.19172197950839062 0.1617756375741412
0 0.2799853978358094 0.8401591151508202 0.16787931694657235 0.1779031128568692
0 0.5155763065539213 0.8458117804570089 0.11913108309258674 0.1188119095761713
0 0.40424500091811677 0.8040978097524631 0.16284785437985916 0.15853245406726083
0 0.3820386583753886 0.6459464388813452 0.12178667078783133 0.14051646974020626
0 0.5639321003893064 0.9169901367315592 0.1703670769475513 0.16601972653688163
0 0.39071532090049527 0.9263514658828486 0.18931813335454445 0.14729706823430286
0 0.7172607855114745 0.9637694682985569 0.15971675488419515 0.07246106340288623
0 0.8496549793737814 0.860341797104013 0.09732864001370564 0.10375932963831885
0 0.5653331907041289 0.49617919280444117 0.1409614974538453 0.13626833566787006
0 0.43776404305195915 0.196694125403001 0.1798985477158032 0.17825283675396675
0 0.5035612861112607 0.3284602715344395 0.14398071181999883 0.1892228958319049
0 0.545290412219095 0.668731530035718 0.24527790567006874 0.22100673041367816
0 0.11798005018853458 0.5036021561401047 0.14831289232727182 0.1484974007753594
0 0.13296592102041982 0.042343473719321234 0.11387585026685265 0.08021048155579387
0 0.26886714255986033 0.03908381529498506 0.1545734071879717 0.0669764658828486
0 0.3041522563409123 0.5198401842374244 0.1841188430935657 0.12791195708203665
0 0.6036993558732878 0.19551069979833177 0.1263426215541252 0.11902174391442986
0 0.11544418250870885 0.8894194638324125 0.2308883650174177 0.1462077205267692
0 0.8606392726950408 0.9359945967066139 0.13397372925132783 0.12801080658677222
0 0.9525901773735692 0.4870076099832899 0.08542129437398535 0.11302499035660592
0 0.8247544604734984 0.31375943804848255 0.18736182771874008 0.2000972864768407