0 0.2874502844037566 0.4929962305303203 0.2022543581280076 0.20563216986216032
0 0.8877828053217692 0.9669146757704267 0.19810071178051694 0.06617064845914665
0 0.12925607789844415 0.726696020172042 0.16852878647299008 0.26589204034408404
0 0.09431580849201415 0.07609376104901294 0.13596501691948018 0.12040119825939691
0 0.2982180561950155 0.7772219633341307 0.1954071248054323 0.21001983788521328
0 0.19110860804732244 0.16908444922238886 0.24756312991212143 0.20348463135718367
0 0.4620533147211504 0.3021337931027451 0.11618778998026627 0.11206959503882039
0 0.12368675137879308 0.9058644169514654 0.121323924676336 0.14826729544139228
0 0.2210798027684246 0.9594016557286994 0.13454365911421326 0.07006043712350764
0 0.7433340207709326 0.9914205786753078 0.19853674242065175 0.01715884264938448
0 0.5952128981889591 0.36972038002496654 0.18622777083018222 0.15204751400314614
0 0.16110349091621418 0.5311088703298897 0.21667743505108453 0.20647221843143898
0 0.4162410450205606 0.6608443154396814 0.18382392467633607 0.15190750590826624
0 0.5788470341688463 0.6906575501043182 0.1845166722036766 0.19263288242877125
0 0.4652509205450141 0.8970394206731184 0.19875759655727193 0.1910690848442038
0 0.6280197114792119 0.8658345946044377 0.16827206958578403 0.16775437232103102
0 0.8149166208283355 0.7582548697217543 0.16976515289222233 0.15587514964668012
0 0.9623548600465887 0.7946377521505253 0.0752902799068227 0.14373961932345972
0 0.8722776473157126 0.5677435741066088 0.12911778359690482 0.12478886628244996
0 0.9613053536596546 0.5526893391813424 0.07738929268069064 0.1889926719618973
0 0.9119755521964833 0.4599668129272811 0.1178271631056004 0.13370421042343578
0 0.7776692591859066 0.4246221369396631 0.12653178487357708 0.12224501203372394
0 0.9239159604231596 0.2950696307056097 0.15216807915368072 0.19461670429797806
0 0.7868457743446036 0.3246406551422829 0.1741726773103659 0.18245746543386746
0 0.6312290501129592 0.08702288199438862 0.11731656814774126 0.09538268005677704
0 0.37565830418503154 0.1726535340665925 0.09881440919489844 0.10387799991312349
0 0.47892177818176557 0.5879114692206778 0.11250887584004915 0.09510266386701743
0 0.42572523237578896 0.45438170812822665 0.09681073093060114 0.0774356922208158
0 0.43057020684234354 0.5025286352525896 0.0727722693921396 0.07603561127201817
0 0.4896451707727793 0.42938577689126645 0.08533795786981511 0.08394719020795531
0 0.33266514108657635 0.33169296326897324 0.18254885668996496 0.1350805828313433
0 0.1318543303639583 0.3977772671093132 0.1108336399641292 0.1045780403875223
0 0.06494680594581484 0.36755474085525175 0.07364716948896177 0.1191648339463692
0 0.4969779706365377 0.08399012098881393 0.18145594127307546 0.12065750590826638
0 0.684307173333269 0.7243221289533788 0.09287793871973093 0.12028489870540736
0 0.8605373230338105 0.8865569142218739 0.12358148101128617 0.11489346547730588
0 0.9041486693418819 0.672509039670791 0.1659399489331093 0.10539438041591062
0 0.8408011155459858 0.12076819758610392 0.2369265553810186 0.12628153824434715
0 0.6867935793221964 0.2518026430868398 0.07790840408820926 0.11223331167459022
0 0.5859589798959843 0.21601423427369243 0.17329777721354353 0.13932824275951652
0 0.4313483530213186 0.2285483234911229 0.10140040791822603 0.10642185416184938
0 0.7349672563169667 0.5717123394202529 0.07295442196162118 0.0784394574258642
0 0.683775808183564 0.543601788859833 0.0677824245149657 0.07335174892841241
0 0.6185255882660474 0.5194588820378269 0.07903718225568458 0.09554639669254687
0 0.753148069922815 0.9221838495497121 0.07794426683879507 0.08112331976946982
0 0.7514714146386186 0.8526823232304933 0.08311626428545055 0.08621102826692187
0 0.16064385126768047 0.28816854642610346 0.15129885668996496 0.13326047759790632