0 0.07837703290929728 0.6068085587856143 0.15675406581859455 0.2767674978133866
0 0.4413413272226106 0.06597873698156494 0.3048173455547788 0.13195747396312987
0 0.3356158855602851 0.7543791784782992 0.13365465517576533 0.13977197558504584
0 0.8891521145225945 0.6585453976264695 0.18966106198067578 0.33261599173136713
0 0.641208259334141 0.3550166483939892 0.17358503400511335 0.19249287433389142
0 0.9063492815236669 0.14999192799312813 0.12557805570760977 0.19209655859014224
0 0.7809038891935669 0.09108672300013793 0.19493987027205095 0.18217344600027585
0 0.3205709638226929 0.24050427966429633 0.17647849361489615 0.20945980550569432
0 0.8611473205842727 0.30141052714454575 0.2623617284849992 0.27445624267264
0 0.0411837492134369 0.3291406194754935 0.0823674984268738 0.216718761049013
0 0.22329034299787429 0.8209157046889223 0.11428399638615712 0.13384421851831535
0 0.23146463345383 0.622458388901735 0.15083130214978596 0.15277126301843508
0 0.2535631386407991 0.5227806318350046 0.114004217268479 0.12422883390293074
0 0.175241166129332 0.5753378139480801 0.1014953730433117 0.106701870351609
0 0.1749006909683614 0.5045643605044984 0.09379422112583669 0.08945492299004656
0 0.28855518433974287 0.3923547573707983 0.12170536918595413 0.14147578126449317
0 0.1764965590682187 0.4084805183980921 0.1354989430942554 0.12068121444915647
0 0.7231689509112891 0.6310163448359979 0.18950267494958312 0.16222293099804988
0 0.6739065796748989 0.7982699561297353 0.16595382686705798 0.1776497731261754
0 0.43981135879257693 0.8023053607651279 0.11867202001733232 0.11970115778499818
0 0.552604404248006 0.7609392151224494 0.16299042247785558 0.158278995800526
0 0.5871988918333509 0.6029391139364523 0.11930152303210785 0.14133577316961343
0 0.384583593297408 0.8859143850063289 0.16870739691800168 0.18980901199028574
0 0.5560039522311812 0.8915288062224255 0.18943273017016343 0.1598190848442038
0 0.2259076365806435 0.9371522229132615 0.1590477911767804 0.10525437232103102
0 0.10464968227958725 0.8158268746162401 0.09661773595619988 0.10401800800800323
0 0.4152024997467659 0.45217201660242307 0.14072630407846468 0.13538430756199288
0 0.5654927411334495 0.15304615438913208 0.1803769037901349 0.1784898216954538
0 0.49087220628575395 0.28458023934193133 0.1399311878512674 0.19053276100557467
0 0.423387629474715 0.6244788951575073 0.2416621188864204 0.2228554086828325
0 0.8612687126708578 0.4621882032624785 0.1459536650626741 0.1500874006748294
0 0.8821194831192007 0.020319757479393904 0.11076103376159861 0.04063951495878781
0 0.7454150038573577 0.014122716918118549 0.15340076151605386 0.028245433836237097
0 0.6736288231120189 0.4779165269707927 0.1836458109505979 0.1258852225005979
0 0.4011790034920856 0.1506174781191654 0.12588355847887078 0.12012118206963739
0 0.8368214217278727 0.8487755554766248 0.2346161936373038 0.14565231556999636
0 0.08385801733867047 0.9118288584047615 0.12975624500052663 0.17074195939528636
0 0.036401780559327426 0.44105947372421944 0.07280356111865485 0.11307336024386877
0 0.17097294404887536 0.26841555077761114 0.18581409911260274 0.20040445326982878