0 0.7620170506780624 0.2400617852173685 0.11282930254487138 0.11479703174603205
0 0.4489090038433033 0.8414928296845283 0.28244865294017035 0.3049444027884267
0 0.7493173098678765 0.6276828987278888 0.19125396577991438 0.19153378019138528
0 0.5930934610318358 0.9392373973791072 0.25321348191125337 0.12152520524178566
0 0.6465125699994299 0.20397549470426377 0.09912759747706527 0.094796035210268
0 0.8528679426522076 0.19927158092682726 0.1220240685856125 0.1106055212823355
0 0.8353027569784894 0.3810091752420727 0.22583949307635282 0.17701753902944659
0 0.8376750017404551 0.5174122241673076 0.17220408453575467 0.13772489204077615
0 0.9691169512072292 0.3210795235539679 0.06176609758554172 0.12271791629042816
0 0.5437160005078341 0.3814463982309694 0.12016070630042709 0.14395127651418377
0 0.6403389573697293 0.09242771674191606 0.15567791473945858 0.11276215773632092
0 0.77303104705292 0.12005396359712836 0.11649500442264937 0.12937415413010786
0 0.45123112636851836 0.10301764105403756 0.23659686812165218 0.1633646894113644