0 0.7029456010023581 0.4527852023454097 0.21492377686912625 0.2555032786515862
0 0.8694811192037939 0.3024867653793168 0.2610377615924122 0.2757552377980735
0 0.5027276384416637 0.7397027021911846 0.264018136950905 0.2376938672260838
0 0.4056928569724852 0.11230453367044484 0.26811648317573966 0.22460906734088967
0 0.22864119252065784 0.06946449696611705 0.18922309827640096 0.1389289939322341
0 0.0817736665388879 0.16409765304644738 0.1610826057017925 0.31122777083018216
0 0.1639306043246171 0.42841030290121407 0.2179438048669683 0.2653008158364524
0 0.18830391258483287 0.6391290778770085 0.21686548663997568 0.24847389275952927
0 0.3255486843285937 0.9149682949184398 0.16937614720163593 0.14201191446295797
0 0.17399891329471798 0.9059201382033459 0.18882184311554126 0.1841523670647137
0 0.817489895831561 0.8644058643285629 0.2711079129681693 0.1616815531504148
0 0.9251975917028715 0.6548861736131385 0.14960481659425703 0.27863097734263975
0 0.932826526833632 0.47128310307342286 0.134346946332736 0.1854632978016702
0 0.4238988195757744 0.48963097669001326 0.29936648317573966 0.26668631089113365
0 0.6186929079847806 0.19346239736781687 0.33098545531987456 0.31214137249414325
0 0.5894957659085103 0.046142131497243895 0.18860691643240515 0.09228426299448779
0 0.7457024284578488 0.6488256029191978 0.16897489204077615 0.17307976189347632