0 0.7808948868160285 0.8791674839434833 0.1354142101257919 0.1353998848532777
0 0.24843787666467973 0.31321056900630484 0.3592763085441698 0.3449753105022607
0 0.40820925354232507 0.6980953156314607 0.23005619987506082 0.231602489518628
0 0.11773450979640615 0.400583479490661 0.2021952000170379 0.2819361897505527
0 0.8333962309538026 0.7842153625004774 0.11270127651418377 0.1168069435937224
0 0.8068266336002523 0.9570484930198789 0.13347250035494249 0.08590301396024212
0 0.6344447575034806 0.8794512176080426 0.22228936079166373 0.24109756478391484
0 0.5016331787063086 0.8312631993176544 0.1729191928046118 0.19824317809463674
0 0.6773344018371823 0.6064784112129552 0.1650305912769405 0.14977380653268432
0 0.9337874685592193 0.8278031105231494 0.13242506288156128 0.17724639068123557
0 0.8950148554959275 0.9363948996647954 0.15014537797086655 0.1272102006704092
0 0.9262777523355203 0.6369671000343171 0.14744449532895926 0.264324369703571