0 0.27056933723203413 0.4858638250816085 0.19043029646054913 0.20374744143444581
0 0.9005932715979175 0.8576841506330375 0.19269130892046576 0.141611746573409
0 0.12023708505247396 0.7612892010830278 0.17855389938524785 0.26515452601755657
0 0.05878810125743199 0.11128618257127994 0.11267874126914156 0.11877378870359398
0 0.30140708961516555 0.7692623737565251 0.1833167072239251 0.2056048298798475
0 0.1533176049133054 0.18248938493098008 0.23340567955503652 0.19981464922357575
0 0.4298272393091357 0.25195929906405207 0.1074792520617914 0.10879409894924622
0 0.12002891617231858 0.9337106587914725 0.14432053816879933 0.1307571567222391
0 0.2369317445431079 0.9622269508409723 0.13166872758106685 0.05550931567508199
0 0.7604804599569973 0.9104984599247582 0.19725821830931414 0.0772543581280076
0 0.5651017361209718 0.28752290838090155 0.17615823351828597 0.14754821704857643
0 0.14917101631936122 0.5541389131791404 0.2024495272297799 0.20465820428185375
0 0.40875577841335403 0.6224800491447373 0.17375438736443982 0.14736606447909498
0 0.5724132153247213 0.6149013667276824 0.17070978110520776 0.1902709901093625
0 0.4746492886205257 0.8489686945311511 0.18493695957845568 0.18655621321855984
0 0.6321542764533482 0.7791632409683185 0.15771105808683245 0.16532176572349316
0 0.8103674521775409 0.6258054924799011 0.15962515811610617 0.153484687523744
0 0.9622526300081091 0.62035742736247 0.07549473998378176 0.14226579253361066
0 0.8526694611279537 0.4212591346746341 0.12249002433435517 0.12431009128921253
0 0.9532596534070452 0.3778421946782309 0.09348069318590947 0.18608148101128621
0 0.8840255906397524 0.3031422307477951 0.11076464123986768 0.1306108669033432
0 0.7500734083642614 0.3000305445078687 0.11998822895559431 0.12172409256588478
0 0.9078528960221135 0.13001009413671694 0.184294207955773 0.1939499042495797
0 0.7519201816900127 0.19741170154570323 0.16070259959016517 0.17992699521605154
0 0.5821939829773918 0.020919678257152116 0.11150335057016815 0.04183935651430423
0 0.3349814457440114 0.14340540503499574 0.09045643053503948 0.10271133865518288
0 0.4667235816893397 0.5361043893921879 0.1067936074873904 0.09196717587232314
0 0.4038399650765662 0.4130722049058995 0.09178283521482665 0.07645118353235685
0 0.4130104880363937 0.46060267027437785 0.06774437367636511 0.074629657837541
0 0.4649197013153067 0.3734804688686093 0.0800574521203393 0.08275195914648738
0 0.30448032687849297 0.3120941544773448 0.1730687427900387 0.13053914140217182
0 0.11142983509705795 0.42679028055944934 0.10237771207935581 0.1012182553487446
0 0.044540472066973126 0.41256870698942344 0.05989207510944062 0.11717027832884543
0 0.44691539602211355 0.04042509575042031 0.172676945890381 0.08085019150084062
0 0.6788680906683532 0.6237135767474162 0.08633438280174816 0.11917395659314287
0 0.8634397857251007 0.7447585949364235 0.114886688973159 0.11414824896538314
0 0.8915901231926724 0.5183775378017667 0.1599720705467488 0.10318607086245621
0 0.78912065065799 0.020080640910915586 0.22727976285444138 0.04016128182183117
0 0.6474549133660616 0.1486628011332856 0.069213612050082 0.1106873501452333
0 0.5456608064927504 0.13588051674381943 0.1637472058493975 0.13702206958578397
0 0.3945347887096936 0.18470682029051486 0.09295822591380005 0.10529733737851063
0 0.7167276718327819 0.45808413882739163 0.06784232290127953 0.07703350399138714
0 0.665463308802697 0.44267857355573553 0.06283873214375837 0.07186150654473167
0 0.5987698442224411 0.43326469229340187 0.07333565978337311 0.0942247322072734
0 0.7610273609809111 0.8055668470934874 0.07274796443388627 0.07980165528419647
0 0.7545810642276228 0.7361285374861712 0.07775155519140771 0.08497365273085195
0 0.13196865691654905 0.30949306319527736 0.14432053816879933 0.1307571567222391