0 0.6706730769230769 0.5318338814620135 0.21394230769230768 0.25987487616530175
0 0.8509615384615384 0.6871681548078814 0.29086538461538464 0.28179185843389776
0 0.4723557692307692 0.2388507961661741 0.2644230769230769 0.2448107803944525
0 0.37259615384615385 0.873166606447631 0.2668269230769231 0.25366678710473806
0 0.19471153846153846 0.9082417844443066 0.1875 0.15558610581816404
0 0.06490384615384616 0.8015453384045125 0.12980769230769232 0.3146291383474865
0 0.13221153846153846 0.5406746209664571 0.21875 0.2696581490955505
0 0.15865384615384615 0.3312614682366715 0.21634615384615385 0.2527472818611954
0 0.296875 0.07046325728901645 0.17067307692307693 0.12615234286998578
0 0.14543269230769232 0.07839592921694888 0.18990384615384615 0.15326620382175019
0 0.7872596153846154 0.12484748078977735 0.2692307692307692 0.17045943794008592
0 0.9098557692307693 0.33585940204958303 0.18028846153846154 0.2827381194997141
0 0.9170673076923077 0.518803542214187 0.1658653846153846 0.1908883007089677
0 0.3918269230769231 0.4872405899691223 0.2980769230769231 0.2724283062908094
0 0.5841346153846154 0.7872253533329199 0.3293269230769231 0.31919265726050344
0 0.5528846153846154 0.9431128208809181 0.1875 0.11377435823816384
0 0.7139423076923077 0.3374314147573295 0.16826923076923078 0.17654916794332298