0 0.4646682354260704 0.8833327539966498 0.3120018957889663 0.23333449200670048
0 0.8510712843513054 0.9119280133316306 0.19896024533605983 0.17614397333673865
0 0.4677648460118692 0.08307752574041068 0.13233330090581263 0.08508748635602158
0 0.46152600484141143 0.1804332949711799 0.2744037488712844 0.24740614055711801
0 0.2995657084930561 0.5043543278104333 0.13905041996762962 0.15254922412471272
0 0.5720904712212843 0.3383759526365123 0.23021024533605983 0.23021024533605983
0 0.1626022718715368 0.973494968679899 0.23221652114035848 0.05301006264020185
0 0.7833586520714412 0.7139723081608336 0.33440673847857627 0.28716092392878534
0 0.9280192746684826 0.6411761756680038 0.08080281165346347 0.17754424144589262
0 0.17776838015730945 0.3710358729164897 0.18632483272283326 0.21782204242269396
0 0.47112016087400804 0.6710328370389314 0.07464099321350495 0.0813903952920464
0 0.6771272849192135 0.714405846338418 0.3785393607916637 0.26604932614930377
0 0.1418398199165159 0.6680344777664201 0.22774551796007655 0.19174870687452136
0 0.6476986345089019 0.08133275873867903 0.19979503867450396 0.09180460541783847
0 0.27060287927705357 0.052339929054150684 0.17212036729420463 0.07087933611608074
0 0.12006155329102418 0.1403759478944831 0.24012310658204836 0.2333843187949008
0 0.7713159101712234 0.29924796540023485 0.19880619987506082 0.22580380818922724
0 0.8758795330522189 0.11767871564869467 0.20016401081863905 0.13491979072607027
0 0.4126557834710495 0.5852198630916898 0.11975876951472322 0.11300936743618177
0 0.11187845881250438 0.8526846367379395 0.22375691762500877 0.24756018601811675
0 0.7111394889258006 0.9181308866740514 0.15945267166425345 0.13470486404293425
0 0.8451294796689088 0.46569724884289065 0.273386311866429 0.26888671048073437
0 0.5853923326092499 0.5262915069000782 0.24595885018599015 0.2144616404861295
0 0.38248041688672996 0.3781201217167855 0.1948296160945005 0.27582244103699965
0 0.9204761341539592 0.2315676161370953 0.13051335357923768 0.16875996535764012
0 0.05022110283385835 0.36547593721782107 0.1004422056677167 0.26460572058948834