0 0.3828424595507832 0.7328739023505987 0.18533967873470245 0.1569091820667306
0 0.10949167536984863 0.4459046484774699 0.19322828026237382 0.20507002372503919
0 0.5528311037851027 0.40334934940456624 0.2073432662634527 0.20051408716150393
0 0.2932498445920989 0.575961366760505 0.25686747971150364 0.2614074675308216
0 0.34480016016412296 0.8956160495781815 0.20432323826561083 0.1908567432554263
0 0.8775154344492692 0.9571516096467956 0.07550438475736161 0.05414339410540018
0 0.8451313220745649 0.48829062812788604 0.1716868291166203 0.1686766570918043
0 0.5506850816225113 0.19328554633253117 0.19144061595252337 0.21464344904973104
0 0.8859321406565002 0.3387066958104177 0.19732662648720842 0.23155429070803976
0 0.9041256465627393 0.09227050575049409 0.18805161581054636 0.16175883366511562
0 0.45691753785103556 0.8696474606678498 0.10308589189879915 0.10985144855079035
0 0.7434835085186129 0.06986237325687554 0.21776116120055689 0.13826584290566088
0 0.7388570576142186 0.6666307124179451 0.1730123570434737 0.15189169330557398
0 0.29900488065422903 0.1676641745775479 0.236003091631883 0.2730490646838168
0 0.16665403597694056 0.9215365959056432 0.19597250035494257 0.13548436313557927
0 0.8428870485986862 0.7668640465845366 0.2058636928756003 0.21489520479388785
0 0.5552764449839541 0.9459682111680581 0.15218025198057789 0.08909797827072416
0 0.4851258411278629 0.5606063723811943 0.1831507592639923 0.19769064810072942
0 0.23079826911718596 0.6887052766002862 0.13029842689610158 0.12233223151764222
0 0.020456203438679117 0.8982202553699513 0.04091240687735823 0.15067487387548192
0 0.5381377461737209 0.7637794149640644 0.18749631518868773 0.19056302822057675
0 0.019788833461112095 0.41291606768253164 0.03957766692222419 0.1500874438057823
0 0.09870550942016622 0.25294050387186134 0.19741101884033244 0.22223262112750497
0 0.10715748232387748 0.0719475474526133 0.1943388815060912 0.1438950949052266
0 0.7245179329017228 0.23467269231276197 0.22959406349206388 0.21050710539312403
0 0.7488630830990689 0.9413885651903622 0.17877660513388458 0.09196337662219142
0 0.08914039173552474 0.6722438205552439 0.17828078347104948 0.23897562562304234
0 0.6982817800068134 0.5316735701848405 0.15824890618167423 0.22126755744156987