0 0.7540398902699442 0.4584218737446975 0.20758860405605725 0.20058689993277723
0 0.6444514428410213 0.345122739915876 0.20023717603567967 0.1955693732868265
0 0.2446709029183945 0.9187789322332878 0.23022817000612847 0.15320942465004952
0 0.7602356388940332 0.051575752583765115 0.19106718375039505 0.10315150516753023
0 0.9526020046902203 0.44423796790412645 0.07185410296996043 0.1582084538237463
0 0.6078506672154288 0.5299262528175603 0.18856766916354645 0.20723888015895972
0 0.9066398999133383 0.5380450508567546 0.15916195708203637 0.1871687735751564
0 0.5434307988720568 0.7215437460671844 0.2760853576138812 0.24341073837190821
0 0.06402953641110229 0.10388072172490402 0.12805907282220458 0.09512317193480735
0 0.1023694667765899 0.6481898754493005 0.2047389335531798 0.26350656860929433
0 0.9020014339087324 0.7387312323131986 0.15850673041367822 0.24719498264189074
0 0.2871892385862645 0.7782367388394987 0.22999261201428717 0.22765871063986046
0 0.46779606472277835 0.8858667324446755 0.28224772438412704 0.2075628804024744
0 0.8557893187773511 0.2633163902602248 0.26425023752932614 0.33193337738769874
0 0.9385415134910323 0.4734688180370875 0.09955541669181947 0.2022470771665916
0 0.9257987018098901 0.8701384058114127 0.098322134315851 0.07731702194601116
0 0.7295704887640408 0.8866562130264104 0.20350608319614266 0.14282464746105022
0 0.1374167888828295 0.2495839444141474 0.274833577765659 0.404678265017859
0 0.785166475628561 0.6268438558995586 0.23508008343965733 0.23741398481408418
0 0.5368214492358445 0.17518249264083735 0.39270325537446493 0.3503649852816747
0 0.2778685174701473 0.4794824785312989 0.24807854112076144 0.2714175548650279
0 0.44970854508043756 0.47568334987972705 0.2584633183097607 0.29813964167501356
0 0.09048788700193452 0.976105041111042 0.09013136894243932 0.04345334145390631
0 0.0829270566622299 0.4974120431614782 0.1658541133244598 0.17825283675396675