0 0.39206925944823373 0.5712226966810293 0.2975191190746301 0.32246868506291054
0 0.6062415210543363 0.7345346478563286 0.24153139914542868 0.20131131368466762
0 0.12562692848621757 0.5097744087171644 0.22726215906831454 0.22750186563281824
0 0.723166107608878 0.061769065936238654 0.17866778478224396 0.12353813187247731
0 0.12965065004113188 0.851015664336586 0.21518698762782457 0.2176766845639696
0 0.005890741458189614 0.094847024850191 0.011781482916379229 0.10838287337654107
0 0.447338345945272 0.16552089722885036 0.2687848465709945 0.3310417944577007
0 0.9058444301333709 0.06234768294494667 0.12581113973325814 0.12469536588989334
0 0.5420011690165434 0.8281946459827656 0.14016429081726114 0.12983748501403022
0 0.32214714211432394 0.8152069980042366 0.2055855881802548 0.21991269355504445
0 0.6775457659364625 0.8726989460586208 0.15483910076100435 0.17335847152741807
0 0.46807550652429203 0.9340417120412046 0.15932513420895644 0.11815392857034204
0 0.22408512190890748 0.9383005800465269 0.2530751342089564 0.11979034090736271
0 0.5776183285380696 0.903286410468527 0.11597199243283694 0.10297558441479446
0 0.8731733328898701 0.7118483204355783 0.24688451299789832 0.2951452322660534
0 0.4427659974249829 0.7397917257772874 0.15236532876808426 0.16129728146749456
0 0.9609354966121264 0.5000012475090979 0.07292652434864302 0.14068185564386185
0 0.18691881418053652 0.3031965802959974 0.3211380255786477 0.2507728933544542
0 0.5512529392687433 0.8905268088199942 0.1811835122786084 0.1569931006481161
0 0.05453005705586484 0.9556817869634485 0.05338808142594806 0.08746156593370376
0 0.14080360176099466 0.7931345398361606 0.27116072238921113 0.33643020978836635
0 0.35259299496497315 0.9528826810713836 0.12547549570570304 0.08391265234679651
0 0.6014214462891279 0.3236028334207149 0.2275698327602401 0.2803864810174338
0 0.8205979939074791 0.2464672302753596 0.3069806668440519 0.29619421453337413
0 0.2217404218469182 0.10188799638014392 0.16930413318752568 0.18082176573311354
0 0.08404371179381921 0.17401219405652016 0.16808742358763842 0.2913986888100366
0 0.8279120170621804 0.8484418750057034 0.23454362336892678 0.23964697427412757
0 0.7229267570457275 0.5089629095953805 0.37435828499081825 0.3093883054420041