0 0.9888889004884006 0.22285148990723155 0.02222219902319886 0.15982923685281955
0 0.23829026241588055 0.7253840149162328 0.1640131542720849 0.1649225965483709
0 0.8950130130902715 0.9842259775364829 0.15063979737058839 0.03154804492703424
0 0.6089248801715106 0.9578938894994161 0.2805083709004178 0.08421222100116775
0 0.09734471479683254 0.5649977052353184 0.1370764271800557 0.2309569489321754
0 0.42656785934349983 0.37102277747793505 0.23495705642161505 0.18699389330165908
0 0.9158492431070222 0.2247207054674904 0.1683015137859556 0.2330138826553787
0 0.5233609583297858 0.777758433459065 0.2572364518556387 0.3101777424972995
0 0.8472123380611642 0.2754769702819376 0.0899883429025759 0.09477437671815957
0 0.9194688712979551 0.9353551817472143 0.1373559198966413 0.12307771968384174
0 0.727892193798451 0.5834978383138227 0.38987784368344935 0.39709982064853466
0 0.07715554737768876 0.7176194937700416 0.07020227304994778 0.12273898754008336
0 0.12771009467018796 0.10350412816587196 0.16888172780191438 0.20348208423482375
0 0.12101788900247126 0.3357956620647188 0.20700289232473024 0.2745649118451645
0 0.17566525530283675 0.028735934190912894 0.1734458952210581 0.050223625738156606
0 0.9474018068120518 0.739045833165653 0.10519638637589643 0.11527848587281671
0 0.5477526906465628 0.05468639713250288 0.1003130736008179 0.06882181515042408
0 0.9564563635886094 0.6707321162308665 0.07975677644319526 0.08476719520311732
0 0.9599334408950226 0.40537443152766 0.08013311820995465 0.23709104591965485
0 0.8406220685180473 0.8086676026891613 0.10006586390095698 0.10237771207935581
0 0.3700235229860598 0.7607213499846899 0.14120705642161505 0.1831738735299956
0 0.4017019740892186 0.132650211347508 0.32744240971689875 0.2459064761619552
0 0.1499765932646188 0.8812238659255096 0.17766600389016704 0.1534910611286267
0 0.4004834693613904 0.9714262473527302 0.1238893987562827 0.05714750529453957
0 0.991110804107392 0.6728380245665271 0.01777839178521581 0.09801488142722056
0 0.30886150760996334 0.8912942840006325 0.24851674180083533 0.21152210096469304
0 0.7483193588891749 0.8648457875387372 0.14610791296816927 0.14741002889704682
0 0.3634318511798294 0.5830326330499035 0.2260187348723634 0.2345810702540099
0 0.205286723528411 0.5657996511256994 0.18694101456682907 0.22339849803999415
0 0.2570035412584841 0.40007710020424436 0.22682124519408284 0.17227696870383888
0 0.6952004306442916 0.2417109129555538 0.3252212072294639 0.36089929464691284
0 0.9403433926086843 0.841872497044008 0.11931321478263147 0.12548156583768788
0 0.9407778519890968 0.5642017338968276 0.1184442960218064 0.17905182579670453