0 0.9286067363873851 0.48019263346822644 0.14278652722522978 0.2556747727122096
0 0.4090335857843469 0.7080289857720969 0.18803330419465206 0.16934608869097026
0 0.859772365752484 0.98187704483476 0.18075001373608265 0.027491195278417334
0 0.6288149419296845 0.49038221131916715 0.18638472527327685 0.2126013342923861
0 0.3933733335403804 0.15517933330701864 0.1563637112877237 0.1451258199709162
0 0.7843516339879064 0.44860779079582075 0.20312772976881413 0.2078915381593973
0 0.6754375624309785 0.9577065255572074 0.22249654345601672 0.07820971236203834
0 0.5084663399044113 0.8264529710909824 0.12051581543349545 0.15693527322292494
0 0.4158011981702474 0.9580150006042824 0.17926927197747886 0.08036182549521807
0 0.9342718643854663 0.11475906999625926 0.13145627122906753 0.15461533807596764
0 0.469594645351485 0.45885330931802054 0.2106329832652024 0.22476041673976474
0 0.6424733148047499 0.7908140324625845 0.26228861263537095 0.29236179757156794
0 0.9364625605624851 0.6760921098388732 0.12707487887502986 0.2243128913696913
0 0.41425876498470227 0.04486892977372613 0.27563291458478917 0.08973785954745225
0 0.9644877784713146 0.13982464001395892 0.07102444305737084 0.16628493964982854
0 0.13849599524992248 0.7035927017666462 0.21333054445389846 0.24160132498450274
0 0.1381609446789288 0.2023418306023714 0.23007354894943585 0.236891528851514
0 0.2634154301919 0.42278942578157036 0.188033304194652 0.16934608869097012
0 0.07687503434020669 0.06598689530434346 0.07201929944964415 0.13197379060868691
0 0.023917419449462497 0.8881722057588021 0.01871509115810046 0.10827097309778057
0 0.8367300081153934 0.2127022162752499 0.22787949924905385 0.2488967744529299
0 0.7803919405550622 0.6349478232223421 0.1906889060926553 0.18378315078186183
0 0.3257110932760643 0.8239100746141378 0.29514523226605327 0.24688451299789804
0 0.14708673076669593 0.3693741753751421 0.20586725024820302 0.22713629255798132
0 0.5612527641090209 0.26959897211241307 0.17896339035827433 0.20054014801971085
0 0.8972478608827408 0.9251628975343387 0.15387594655249176 0.14030414249540912
0 0.8807477990703689 0.8062564239258427 0.2141399375614172 0.15026915630616353
0 0.9622876454787552 0.2997013869964503 0.07542470904248962 0.16392304899942675
0 0.17781496940184974 0.5458960382529643 0.26736022727157505 0.16980759922885832
0 0.10113421140738922 0.9045516034656517 0.1606259328164092 0.11390379030654593
0 0.6461189373119467 0.10605822096866366 0.25133053071781575 0.21211644193732732