0 0.7333795198531778 0.25758100023553754 0.24466446303528416 0.2549872301837525
0 0.602199337536977 0.060236996022786655 0.15632175199703083 0.12047399204557331
0 0.7527544168325578 0.07586608616622882 0.2218549875112695 0.15173217233245764
0 0.47861987012835583 0.2018088742332426 0.29506131368466765 0.25223647159926366
0 0.6456263448988895 0.8805873030724144 0.12072561188695975 0.17306874279003856
0 0.1318387406283824 0.8690475395147262 0.16065572552274723 0.25877054577328534
0 0.13169586038886968 0.10288381877769671 0.1559441183807954 0.12646105808683242
0 0.2784171241236849 0.30859430143374855 0.19068890609265515 0.1903323472356347
0 0.9451548407826275 0.5121336476767626 0.10969031843474507 0.177876435097731
0 0.6382022802150727 0.6619842269097862 0.16138120004888026 0.1627146488443536
0 0.9070723008217315 0.767502502955992 0.18585539835653692 0.18812439953161741
0 0.3740519386814991 0.6883836416503755 0.4299162874598545 0.4090659866618661
0 0.8874895960278436 0.1286181467699445 0.15724485639227317 0.20098028885606314
0 0.7973657211494102 0.6158071419145137 0.21763472527327685 0.22025594255584746
0 0.10198618756014963 0.33021664638803744 0.16403680194688328 0.17723567499234497
0 0.25200460913771533 0.4491927690557989 0.15914519105780534 0.17223208423482378
0 0.6069759896292333 0.871337182978738 0.16209450799065822 0.2035800334597382
0 0.18173543331281522 0.5579004765724631 0.21945114135742327 0.1867000456269158
0 0.4185358828665568 0.07835561111466292 0.26976407342542125 0.15671122222932585
0 0.24421991320509723 0.9679072597840462 0.09935491883085606 0.04968899514456929
0 0.9010552372605317 0.28562929833475253 0.18588121378496297 0.19013644878580577
0 0.8195850368349109 0.44170175197598904 0.14008225898980753 0.18106387505089272
0 0.049586833787316 0.566893453173527 0.08272562562304236 0.19794386288371527
0 0.05891458666002821 0.4811161431998735 0.10448611887973626 0.20603694436948372
0 0.3388781212471705 0.9472113423230024 0.15523081043901732 0.08559567347144782
0 0.04677891483425954 0.13039947780062117 0.09112419080833489 0.1286241213218346
0 0.9489223638839905 0.6742953138364636 0.10215527223201885 0.18969976741713276
0 0.4096453490227561 0.4535944025162102 0.20084976148704653 0.22197414413529243
0 0.0561358366587608 0.6664571701083134 0.07505253496388277 0.17120770751666414
0 0.6649565528187623 0.4720579385214325 0.26713826423375625 0.3039456962849056
0 0.21255429757608107 0.18739187897090454 0.21228156218657765 0.18881004410601854
0 0.021400485762441628 0.26133358619482966 0.03667491508372997 0.17444821222572535
0 0.7749934646543071 0.8500576603116496 0.23412597402465707 0.20171081789947956
0 0.45489820928435576 0.9100088818377287 0.20203678821080062 0.15236055489866865