0 0.607903793428532 0.0823058961723025 0.20138450993398707 0.164611792344605
0 0.7781912873030744 0.11354966782377744 0.23699846941614994 0.22709933564755488
0 0.15375244125782386 0.0370446887014793 0.14404334405410926 0.0740893774029586
0 0.6346012871944787 0.22836213994661508 0.20661222652631867 0.2168046054178385
0 0.5746773395288485 0.5458686174290812 0.13820817800047835 0.15254922412471272
0 0.7570529466448311 0.7151428285061173 0.2498103316728792 0.34171144117897667
0 0.11573239247135396 0.24713585986881312 0.15657519012107887 0.18006985004401316
0 0.7954004287028409 0.42073439828775683 0.20929608886992448 0.22176634318652974
0 0.5973123553928212 0.8930703411988514 0.2247466395389399 0.15809486072067522
0 0.5936614122307327 0.7268198429309695 0.2122599674032896 0.23153577326291325
0 0.8609653877940594 0.8629041866428124 0.24551749781338664 0.18576953210097466
0 0.9034470341643286 0.5861860710452315 0.19310593167134288 0.25455679779651924
0 0.15088627855662073 0.829991529446006 0.21524755447754498 0.20059386418491124
0 0.10301424280295478 0.11162664309850333 0.09111131158771367 0.1662952379816568
0 0.4634907238401654 0.8738986107845631 0.35777451802886695 0.22170177715308023
0 0.5227157526066271 0.42011268922679257 0.1962730928956452 0.24488053195899753
0 0.5379348257428938 0.14286971361842155 0.12604893913636772 0.14937515066587187
0 0.263069291480829 0.012098095905386365 0.15594627526935037 0.02419619181077273
0 0.12659375251975058 0.537184435059772 0.10684187844648872 0.10743144782349458
0 0.9359243481449874 0.07476872301729037 0.12815130371002517 0.13828019266263486
0 0.9036587286694939 0.28854084374023675 0.19268254266101217 0.38793981872391226
0 0.7196781532814565 0.5498470436152977 0.22388288242877125 0.18438312295198392
0 0.39528595476142997 0.7178169553482684 0.2724724208034331 0.278502095096119
0 0.34716722247887877 0.19804149978703448 0.3770267526500653 0.39608299957406895
0 0.28179369180815234 0.5091426339409938 0.3134303964319173 0.3649473923957186
0 0.08714142469883912 0.4190717410909502 0.13424053426206467 0.1666642101257919
0 0.14772536372661133 0.6721544927165854 0.2304869714290104 0.25665255302836754