0 0.5914448590707725 0.22181311793180042 0.26656359037863847 0.2598179927723141
0 0.8511985378899946 0.25223866496035563 0.18298215180937305 0.16616366120531648
0 0.7883989301398387 0.1276490849007458 0.24531752433570703 0.21598920376772732
0 0.745389718141545 0.4308962860092501 0.2712066552126649 0.30796486062865674
0 0.06927677228594051 0.5480162270336305 0.13855354457188102 0.1296863002211071
0 0.24602503054477556 0.9647687832185503 0.30635540433889474 0.07046243356289932
0 0.9407827858402279 0.7061772786598071 0.06267788318305634 0.16026257608049504
0 0.727709832350164 0.6554460670556069 0.20148848889643142 0.2027109669689454
0 0.26315854552445417 0.11236615059758298 0.18505011516119213 0.15902206752319753
0 0.2561477314395006 0.46961708356141485 0.17118684290816025 0.1706216296159113
0 0.07317238563377504 0.263055540633732 0.14634477126755008 0.2039956966520794
0 0.3383657552365724 0.7199410838049296 0.4315465432313414 0.45186440343458234
0 0.6456533002483626 0.0657251180535578 0.2038857071955823 0.09955541669181928
0 0.234858940638955 0.3065181308237654 0.23156621301668423 0.22999261201428717
0 0.7787667977387639 0.8254289449206158 0.18572188076524626 0.1734451444462747
0 0.6084065842752332 0.7362233330280858 0.1781744595016806 0.16602377164647755
0 0.015565705605647904 0.15437073969180018 0.03113141121129581 0.0972030178451388
0 0.09068746580253786 0.5798957300484061 0.18137493160507573 0.1742145370198891
0 0.5348587268602123 0.8424029837377068 0.19791236686283808 0.22901338510241395
0 0.8911023127842598 0.4291183297795151 0.19294004708147974 0.2768804738410786
0 0.10841966183567128 0.9510230435267503 0.10326005153607079 0.09795391294649938
0 0.49865315486454426 0.09514730505252363 0.19980907488629612 0.16665327466125307
0 0.3871179359938494 0.2158678116811421 0.18711807851301124 0.15188047384107858
0 0.580719450599436 0.9583801071925901 0.2017057829097542 0.08323978561481973
0 0.6617257876864943 0.9312365451607552 0.2108206572494457 0.1375269096784897
0 0.08983763886647524 0.8619500950117304 0.14200480625997935 0.16257075380133848
0 0.9453039479582027 0.815832057777485 0.042663387414223965 0.14287609476821572
0 0.10805117420702515 0.16080927248905955 0.20048084049035014 0.18107635158432994
0 0.5404370681455296 0.5934300448660811 0.23329829356647627 0.21563947987062967
0 0.48596180219335494 0.9788606337167836 0.17084433225143797 0.042278732566432956
0 0.42087380129966184 0.3697011037005046 0.3181639689494978 0.2853252946785854
0 0.8655391229272863 0.6678813534106903 0.2022722154344943 0.21953789004586846
0 0.877571431256955 0.9005169826613295 0.1684997804919441 0.11292932192360347
0 0.06637572978374898 0.41920062346460274 0.13275145956749795 0.24224740077535933
0 0.09107435818054802 0.7390391896581888 0.18214871636109603 0.21452036339991748