0 0.9190185173680487 0.7904286389925281 0.16196296526390258 0.18621496727133782
0 0.86154184672539 0.5948088659781774 0.27691630654921984 0.29259954542441946
0 0.3698103862053189 0.14452285504458112 0.20137652796242228 0.19583035188672218
0 0.1885903184408186 0.87413991217939 0.2063554755984756 0.25113279859299864
0 0.9912771670782922 0.8537179996189147 0.017445665843415652 0.09407165885974021
0 0.44476438315014766 0.3857387865590275 0.22882648406081102 0.21761880411730034
0 0.46495676210203624 0.5611496299507227 0.18035438378750884 0.15725693208266528
0 0.4293174444821562 0.9833462888104629 0.16720891582349273 0.029811130425375046
0 0.6028913857584723 0.4509425124657423 0.19874875994055807 0.19100867441121508
0 0.9388666396250651 0.40203966313259687 0.12226672074986968 0.1306048468731358
0 0.24673709772385755 0.9868130077182337 0.16217730164778238 0.024975467782052892
0 0.5571194254618246 0.21677029739905684 0.23156621301668423 0.22484432774665358
0 0.09266666571178112 0.1052587721439907 0.1792874409870756 0.08275168648124936
0 0.816662438122419 0.3943953858239491 0.19081278933530862 0.22701042604764815
0 0.8588748460222116 0.9135212662961073 0.22048870840448734 0.09020097279563927
0 0.7135277813786998 0.9420185923020407 0.17973528472311173 0.0923670710966342
0 0.7801570802276429 0.8238105757291353 0.22597479417092878 0.2079894343341008
0 0.9088631225722283 0.898706604674216 0.1822737548555432 0.0877691563061638
0 0.358983493028873 0.8671373498799242 0.2646075879608284 0.2634876733897843
0 0.21605648787804083 0.27646248408888047 0.16375138257860375 0.16196672821565408
0 0.17800651810066717 0.15645897616207255 0.1852740370292101 0.15968874857214108
0 0.22960026881683135 0.07681039422540913 0.10683617356966398 0.07512059298526702
0 0.4380927657945687 0.0892421874451764 0.2559932238968297 0.1784843748903528
0 0.6388962333775555 0.06451845268378983 0.1864463129089571 0.12903690536757967
0 0.7755236008777546 0.05572039903042139 0.19527797098627858 0.11144079806084278
0 0.7894231481826578 0.17093558969096037 0.2823828650494805 0.23234955473230276
0 0.07522744957410833 0.5826529889513963 0.09934804670045058 0.12073772923708476
0 0.1176669151203143 0.7194624422034052 0.11321131895348244 0.1088024094747427
0 0.16369889418789912 0.6494642078016634 0.11857881593121977 0.12084961057960325
0 0.2830481809477916 0.5790394257815703 0.27187179296202374 0.21306284483027432
0 0.09463923776632918 0.3541127897383268 0.16733413246689213 0.238889805138731
0 0.05714575873165299 0.19443183510524253 0.10511072087456706 0.19286709902028415
0 0.47880364286728244 0.7293838978004165 0.3379018763106551 0.3408163201794904
0 0.6076729229452885 0.9149827163327535 0.18549795889722823 0.16449644087983345
0 0.6893048088024868 0.680069287371884 0.19382910669885683 0.18857685792173923
0 0.9160399538710933 0.30123895410092855 0.1679200922578134 0.1860331600897452