0 0.48170229425106764 0.883577078906157 0.2093624357019233 0.21872371284825057
0 0.6988357698173071 0.6407309906723122 0.18247252688739343 0.19918525951132765
0 0.23671887625737162 0.20632350150566584 0.309598632217949 0.29198592004111706
0 0.48123877732729675 0.2839852912158073 0.2154010310957267 0.27166427079762107
0 0.20674166033707192 0.8747605599691622 0.1501035240818377 0.15074470976349566
0 0.29295346548530943 0.4231583107281137 0.1726333417108976 0.18945798976643255
0 0.5324088739210464 0.7700368840278357 0.12595316226282066 0.14565730463202714
0 0.29503953647713593 0.9530385599569251 0.1750911281269232 0.08855239386964933
0 0.9579455932920934 0.762682120893153 0.05356003682414549 0.2361363487244752
0 0.13317157207446503 0.9380996984404905 0.15423981470619672 0.12195449848209705
0 0.07165170446837535 0.8450909374234971 0.08273988163386764 0.14755766770307643
0 0.13326554667537358 0.41780686254468624 0.25794291004134634 0.24091775388041803
0 0.8741887229659723 0.029974780455876746 0.07373793868344009 0.05994956091175349
0 0.034155387538247796 0.26881119999510517 0.06831077507649559 0.21237760000978972
0 0.3010662358255875 0.07460061842042147 0.16139540302745736 0.11963456617538362
0 0.02135084492702973 0.48406731589384633 0.04270168985405946 0.09436536821230736
0 0.009388569237125931 0.3928750041007693 0.018777138474251862 0.12771153025999984
0 0.8555953507141022 0.3072660019341313 0.27929978460267135 0.33248767798559276
0 0.49122185761068377 0.06519586048818295 0.2627485924709402 0.1303917209763659
0 0.16777958543018098 0.7418365958723089 0.23854429038974378 0.23348244515985866
0 0.7122777094074245 0.7859678840033613 0.29249195843963705 0.2797708902952432
0 0.6851780691784721 0.09641704714049129 0.23060540010459418 0.19283409428098258
0 0.37364513736474303 0.673353267639443 0.23451990004594045 0.2670803487489496
0 0.8577423965414526 0.5763988716765789 0.2649326578198721 0.3347236964451733
0 0.3289471681403305 0.8384922409783239 0.16273820639412406 0.1773268738676913
0 0.05315883892123375 0.6351180256328676 0.1063176778424675 0.18406290052881058
0 0.5116734805370722 0.5251522604416816 0.2558747647291669 0.25531285952111726
0 0.6704672020416128 0.5172965404201442 0.12550556114059847 0.12642653540125792
0 0.6551249675601493 0.3504530029868573 0.19208791150277804 0.199297144640838
0 0.5455301867552349 0.154666254284409 0.1282451081361112 0.1408775836067125