0 0.1025389333197074 0.1854281009370717 0.19791236686283803 0.23010533658739502
0 0.30180163739430105 0.9742330241565598 0.10493283769151077 0.03726344492342603
0 0.8429237268532751 0.5989887488630851 0.17347872812799744 0.1692536853243523
0 0.82645221384456 0.05446423622058316 0.18175058153527382 0.10892847244116632
0 0.21509523445482598 0.9736492445933457 0.12930718203199934 0.04531442495928509
0 0.49751715403666846 0.06866984462185863 0.18734200038102927 0.13733968924371726
0 0.49911111853157536 0.5062575673687015 0.18650560730330928 0.19130802149612813
0 0.540971073992603 0.7588140346315697 0.17509884774378046 0.1525107064048612
0 0.25590463860320606 0.971020270840077 0.17268837373523915 0.0492292659469088
0 0.2530627123464144 0.677373291362402 0.23743422027011452 0.20268623341758657
0 0.9191221934836887 0.19302872387528694 0.11841418845755396 0.17213066201110677
0 0.6598294359609407 0.015502862353262651 0.20427425653726614 0.031005724706525302
0 0.8836176779913464 0.4020526902295964 0.23276464401730726 0.34029307328884195
0 0.19301241903627003 0.08595846056465817 0.1920903982943694 0.10510533658739502
0 0.17520122319365122 0.8666933579530339 0.1695140567527203 0.2387133913135944
0 0.6972310157746459 0.9086575737938573 0.22993946554620592 0.14482603741041472
0 0.8882723415710893 0.8038727466303484 0.2234553168578214 0.2273962482155048
0 0.18059818921961238 0.4656135317633285 0.3329822230689539 0.3476190903194969
0 0.9794225637827273 0.7440245957176803 0.04115487243454542 0.12519842272654869
0 0.35185426830416755 0.8340391826107519 0.305696894444231 0.2770681102836377
0 0.33778991537664627 0.32528994444256204 0.25314816186164263 0.2824328772816701
0 0.6942605589471071 0.35377356583671393 0.33063767130945976 0.40033581738924806