0 0.4682623645390486 0.6265660993366786 0.23994304389668825 0.2976500282190769
0 0.7613997594699783 0.2108606922882534 0.20863508387831223 0.19104146009681217
0 0.42011257058124996 0.07131463274272475 0.24150562806826933 0.1426292654854495
0 0.8868733257842412 0.2900863112867117 0.1795091793307692 0.1781828919745473
0 0.03208724222606832 0.2309919269342807 0.06417448445213664 0.19666999228528476
0 0.9279285062563029 0.5903701080060139 0.12030822772906 0.21489581095059804
0 0.43600023731880266 0.9289832118282757 0.23585868365641033 0.12216925898830766
0 0.803569922991399 0.6696584456025627 0.23060540010459418 0.20609404003466464
0 0.14913428279423008 0.8172192500560189 0.282319082299573 0.3637429356230548
0 0.906107109832158 0.134583593297408 0.097554609538889 0.1661893848588993
0 0.881133411710523 0.7947191416458552 0.2049463943761755 0.2389784936148964
0 0.1694131938277777 0.10076817904073584 0.16396709960213687 0.1296863002211071
0 0.6480303540744123 0.08767766601729408 0.30490083031271376 0.17535533203458817
0 0.6137170022825847 0.9310188366127705 0.15116456686901714 0.09568273017016356
0 0.3795388327126061 0.8777772711497286 0.19862804828098307 0.1739347579022111
0 0.5053881342072646 0.3216052511323963 0.45002881166602593 0.34460060864395897
0 0.6956725770135143 0.8673776095791401 0.20555983604113265 0.16212536147123877
0 0.15504506210592936 0.4845663368660047 0.3100901242118587 0.36740578780645217
0 0.8323162358255876 0.06745842113852482 0.20555983604113265 0.13491684227704964
0 0.2886712698759609 0.70505932070603 0.26616155102788486 0.28880403617730693
0 0.6690124983943905 0.5678760672602439 0.3437560296342951 0.3198884229648852