0 0.20090037792925036 0.8325690968728675 0.33096005555743796 0.3348618062542651
0 0.5557043527868115 0.1336966262506201 0.22753360211868476 0.19945034408461262
0 0.17294717730196446 0.3943978292415112 0.3458943546039289 0.36091104309840694
0 0.4484087580791617 0.9391601433171802 0.30800520898797257 0.12167971336563956
0 0.48107437108847545 0.8559240370377862 0.25663158843713474 0.20884771337992994
0 0.03675589949062319 0.8930288461538461 0.07351179898124638 0.21394230769230768
0 0.8134728640398909 0.9332541184256435 0.2706349445730514 0.13349176314871294
0 0.1397550240139948 0.10458807788415372 0.17313799190029175 0.15217375678678718
0 0.7714933809932254 0.4766311979127828 0.22322957475558497 0.21350911586872648
0 0.3606990097742608 0.12735572966107406 0.34110198045147844 0.22483843792716973
0 0.7224014689494963 0.7091115273085191 0.22060443054112686 0.2756448107297633
0 0.8275449990261966 0.2519088646870297 0.2969398983621791 0.2646467698762506
0 0.9249198140522188 0.5003081931288345 0.12967799748213338 0.28074224385869423
0 0.45451002764822973 0.37427990617173335 0.2726496043514213 0.2556137057198964
0 0.05478285634976395 0.6358366584758771 0.1095657126995279 0.25003870156713887
0 0.8285981305329082 0.11822217429434582 0.253861431241876 0.12952079030300692
0 0.644955681286574 0.47668357263038474 0.35007634621909084 0.27586566486638375
0 0.4096229316043262 0.6588983092988658 0.3252823872637404 0.2524095237869525
0 0.8926815299582868 0.7678085129495287 0.17384007957143274 0.24093391190961347