0 0.9168908327559324 0.6891663420081188 0.16621833448813506 0.24688312295198392
0 0.4679704344127484 0.1781032268790637 0.3468522713142933 0.3562064537581274
0 0.35072327388192814 0.9147460114859295 0.19529669773712208 0.1464768851123041
0 0.19160978807954826 0.6797672863389835 0.26672217364171924 0.26827052863673856
0 0.9089617788165292 0.843920627111904 0.18207644236694165 0.14089896549961706
0 0.4869959629979398 0.9120520583241037 0.17275131950509875 0.13307124519408284
0 0.3893792186551347 0.580134960615611 0.1582923798314363 0.16324292696709009
0 0.5357255126267879 0.7422585144532458 0.3768272033279222 0.36383679115200135
0 0.3111230213949784 0.3762074502938914 0.2336506479469035 0.2422294761052906
0 0.8464643571669307 0.24295908865036553 0.3070712856661385 0.40704514069909503
0 0.7363914529387868 0.6967897499219109 0.16550391829297476 0.1637050633500871
0 0.9481946268818111 0.5511153751313262 0.10361074623637788 0.1582811891983988
0 0.7623991493992365 0.8328076851946484 0.22148512735877682 0.20795944810744843
0 0.02001601245112725 0.12070102619473547 0.029102870733359973 0.0999441014566829
0 0.19423732718656808 0.9694611884885138 0.10923012958938069 0.05245107720703091
0 0.25241945964488877 0.8606576306187349 0.17417267731036576 0.18339796896385308
0 0.6887463022771683 0.40273415033932314 0.24894862496680267 0.28626893417951615
0 0.8918656246440619 0.3485133927364602 0.21626875071187612 0.315577224408667
0 0.14214453113139072 0.4413852619473547 0.23729369933653505 0.2903063991822137
0 0.8329520430912617 0.04082617211857817 0.23801947079790808 0.08165234423715634
0 0.21594882477315824 0.1721563351222416 0.2842777069965686 0.27896423147911587
0 0.060646869779428375 0.24249651212482598 0.09907112608210457 0.20250697575034804