0 0.5128559964332945 0.7780360602120583 0.18174951962529398 0.16406674477237687
0 0.8455498973394395 0.5371817603105625 0.18851619643127512 0.21242368403905956
0 0.41373504252791976 0.43131144898347845 0.20274337490452318 0.2084560403006458
0 0.6354664122270717 0.6369899143521885 0.25086518245046135 0.2712123479495153
0 0.5158598083669539 0.9219546151674242 0.19975183340119046 0.15609076966515162
0 0.004520033402536602 0.9388300769013578 0.009040066805073204 0.07958323072579258
0 0.10484490190213114 0.4723546476555388 0.16781618882678925 0.1752459269723291
0 0.4594672658676349 0.22554888214642255 0.1865041471770868 0.22189906055956438
0 0.09571920985689439 0.31845034403239014 0.19143841971378878 0.2397060403006458
0 0.1196576770987204 0.07925579745425278 0.1981846458025592 0.1554314168211507
0 0.9298294450441299 0.8637655496916548 0.05684746885020841 0.15919016999247512
0 0.4126637898234484 0.9011115096950767 0.10056156127499637 0.11377340071826744
0 0.29187549938592094 0.08085291469969463 0.21432592430508116 0.13958455040838597
0 0.1730729400423297 0.6606591334134821 0.16943644118131979 0.1561551658364396
0 0.715623805089622 0.23685397502034858 0.2297203131904181 0.2819715058648281
0 0.6899692884489208 0.9607887608318216 0.19220156279589362 0.07842247833635668
0 0.07481108692667743 0.7454949108477269 0.14962217385335486 0.22175905246468458
0 0.29679351845770297 0.9565487104017166 0.15055258438119332 0.08690257919656666
0 0.44803782907403633 0.5947492789041268 0.1786069641411472 0.20465211319800203
0 0.6739361309754943 0.757298521598486 0.12749361509187634 0.127332720531176
0 0.8813199307419761 0.9613595259065554 0.1229797704589273 0.0772809481868893
0 0.35231458262812415 0.7855524449794768 0.18312080877409626 0.19772059092622302
0 0.9535495180471951 0.5181717359173276 0.06136131348315743 0.15225864772069614
0 0.8953551937999886 0.3497280558171123 0.1940095333133687 0.22953062330574212
0 0.915357286399747 0.15451463475304963 0.1679141380517039 0.1776497731261752
0 0.2781503374675717 0.24028865964582455 0.22476978718879642 0.2193314977699483
0 0.10507352149949736 0.9397460566532987 0.17758258742298771 0.12050788669340252
0 0.8339388240436352 0.7630032906772212 0.20431056250315457 0.24691757876218426
0 0.24201514665217574 0.5357635786970268 0.153144148697984 0.22715048569278606