0 0.4103121620937751 0.8926624841630338 0.1898629596767094 0.18898811949971409
0 0.5861078819211971 0.8805249452858761 0.22414670702386139 0.20218256847299407
0 0.012232094771807422 0.8546359846438976 0.024464189543614845 0.17053572301989725
0 0.49270515777932816 0.7398198306672545 0.19530055317770753 0.201175238583809
0 0.5431773657944388 0.4177311509247437 0.1299030076885009 0.1437042289521132
0 0.771328226003621 0.29938939328535275 0.2306976794342416 0.32718256847299404
0 0.04060665292479469 0.5942651026116242 0.08121330584958938 0.16723902554598225
0 0.7090836368869601 0.5942955351245092 0.19808234004753716 0.2084707212027797
0 0.6870795124032543 0.07988205752315826 0.21757529137491277 0.15976411504631652
0 0.6228464539198506 0.24818749058818954 0.19858626100218182 0.21808610581816418
0 0.9063538765964672 0.1495076606337599 0.1804893139193628 0.2390491679433229
0 0.8777682444432944 0.4660331506516896 0.20440179521916343 0.23748476336379773
0 0.2225600720176872 0.06297313053290818 0.23757216365693326 0.12594626106581636
0 0.5517661256655912 0.08338672609594786 0.3483908255918944 0.1667734521918957
0 0.4522347067124788 0.5276823223597368 0.1825152193572256 0.2319215736392165
0 0.37322107382858305 0.7991795838411722 0.11775779668060898 0.14088066201110677
0 0.06474643565490247 0.9027663174665684 0.12949287130980494 0.10856992237617401
0 0.1177970227541202 0.31621258872226476 0.10131903593895358 0.10191545860497578
0 0.7580612044694539 0.9417047141010262 0.18343796750499036 0.06639196565356023
0 0.8153346849686416 0.7645450617216152 0.2763605347380342 0.37436664022984856
0 0.6805847588989372 0.4513239282552213 0.21504546498240545 0.16587304369300562
0 0.4317934531891278 0.20806999526147246 0.258294252513068 0.25856230405807273
0 0.19930483596179413 0.7296702976449928 0.3516254253199478 0.436981118798965
0 0.25476859583294664 0.38101339397402617 0.29382758062754727 0.3413843473354591
0 0.05235347997813479 0.4161286547547126 0.10470695995626958 0.15812730587519014
0 0.15489999304222188 0.18054790213897903 0.28119889190357916 0.2377671302477782