0 0.9098246259411897 0.646169930298557 0.1803507481176205 0.26878718786474376
0 0.4861292551309502 0.25569284516164487 0.20490497878453298 0.18974001548920955
0 0.9568927693525265 0.12078866539342868 0.08621446129494686 0.10062784749797017
0 0.6265243327845712 0.533865587446367 0.20849788618851078 0.23066135024487183
0 0.2979724379267252 0.7748437089381942 0.17041179527765274 0.16011055967916668
0 0.7590948438793341 0.62579620294829 0.22532480926543413 0.23105300122681635
0 0.8240959490020493 0.0902680270951382 0.2298784461090308 0.13987469780149592
0 0.6173044837279874 0.17566453545315122 0.1369677834620651 0.16653879617681638
0 0.5733044458655162 0.03527037058760663 0.18507043019257097 0.07054074117521326
0 0.8225889551727966 0.9478546324843476 0.19666999228528462 0.0718396536701924
0 0.46469724790326433 0.5111719391526706 0.23295601640348942 0.24564392857072684
0 0.7338652985359431 0.25473767302072586 0.29267672269896283 0.3166982703989319
0 0.9488603910102078 0.46121264686404834 0.10227921797958436 0.23339888736228637
0 0.2775711049180781 0.900403210340972 0.283252674949583 0.1579325239645301
0 0.8596387362191535 0.9397758668485034 0.14660889173103278 0.08508777764743605
0 0.22983061189252985 0.16904750803787374 0.23825332216711828 0.26258275192820535
0 0.10655553027923265 0.6445924352644764 0.1828949158492372 0.2588920525479702
0 0.25925120835562904 0.4774661626147434 0.20490497878453298 0.18974001548920955
0 0.7345945150933169 0.8584947086180551 0.25246656475193663 0.25570691430833337
0 0.8140500564381541 0.44771475713365316 0.20772849361489612 0.2042190425525643
0 0.4425488859449961 0.12891048018514945 0.31779007958229993 0.2578209603702989
0 0.13212714131946096 0.49004690466485035 0.23062211502906274 0.24799182458429506
0 0.49365395456400984 0.72097695128157 0.19853277767602862 0.21841831891453012
0 0.9673824637106551 0.20950717252462528 0.06523507257868989 0.15787255406805561
0 0.9243801502323108 0.31751340396591804 0.15123969953537836 0.1719619400275643
0 0.901032319770849 0.832971558484134 0.13731750735916284 0.17855802694604714
0 0.2165580107392103 0.33292867255149555 0.2821078348252879 0.2011458045934832
0 0.2577710966968945 0.01721656418076916 0.16938834723994292 0.03443312836153832
0 0.5189478090413581 0.8875686827815167 0.27029843839431567 0.20807759235363277