0 0.3695330759565849 0.9123779234925422 0.20040164476229805 0.17524415301491558
0 0.5452100694298688 0.9127442345339549 0.23444793940117356 0.17451153093209015
0 0.4620316009038259 0.7779152109355792 0.20619045828256374 0.20615081920636577
0 0.5326005790044308 0.4597566393865345 0.1365772303083655 0.1461920192633916
0 0.7669016477728428 0.365483928646689 0.2476441188933265 0.33224209325298265
0 0.033875441482527476 0.581215666619145 0.06775088296505495 0.17204671785367467
0 0.68546620673626 0.6543346534837036 0.20918297716395393 0.2134463018253362
0 0.6967968673619434 0.13160876405247104 0.22748178042581974 0.1733364146268403
0 0.6217630934628395 0.29773741880718363 0.21237172028785878 0.22314563059815276
0 0.9034788780812082 0.2280221017562344 0.18048389231664486 0.24360502777871898
0 0.8596465440366831 0.5434982898062629 0.21634536038182234 0.24246034398635422
0 0.2365828202774144 0.06973446474500156 0.24318051329132506 0.13073873711706618
0 0.5632607160803894 0.1136867373901204 0.3590554909161442 0.1995040145127883
0 0.4340187058070693 0.559974118098216 0.1943182965121776 0.236897154261773
0 0.3389205071956332 0.8242407443734604 0.12436177529662004 0.14336845232238515
0 0.04633677189566495 0.894806940665762 0.0926735437913299 0.11346155884129826
0 0.11541018483686492 0.3138049639790078 0.10679911049330844 0.10440324891625402
0 0.7113945663969433 0.9857715672140608 0.1870092410276303 0.0284568655718785
0 0.7803206127901744 0.823141836723922 0.2970454564241824 0.3537163265521558
0 0.6672896964853205 0.5078526592081102 0.22507793427197378 0.17325247046940825
0 0.43497425756739305 0.2381792429067174 0.27320361586040115 0.2636218288380613
0 0.1798232720183415 0.736424023728865 0.359646544036683 0.44461237804766385
0 0.247548387165064 0.3931509838005835 0.31132146434841457 0.34884771826929384
0 0.04915675150900246 0.4072306250163112 0.09831350301800491 0.16061509618646852
0 0.16125451164845567 0.18040676964638844 0.2956722834587453 0.24523050118161294