0 0.7837305545105948 0.9450442854851702 0.1537966018703179 0.1099114290296597
0 0.01454675849658381 0.7169915861803795 0.02909351699316762 0.20321394159152817
0 0.05906726595249067 0.8804564385692656 0.11813453190498134 0.17918210790776193
0 0.08258979579849889 0.15586476458566365 0.13696967879339483 0.15245658395308398
0 0.118524401630933 0.02603073900814288 0.137951196738134 0.04713519691988925
0 0.40936739065139444 0.6753986336428885 0.1552193268115907 0.14133304065592528
0 0.7693800202565257 0.6547652169586115 0.2576031934822363 0.2514687478515075
0 0.5923542330735571 0.7394200480340529 0.2176210163242505 0.2017124107644492
0 0.375417819571196 0.2636098813367901 0.34011846295089837 0.382231422025624
0 0.13243253869197108 0.0773512152439797 0.15781939720795155 0.14384884774378046
0 0.04658096118535234 0.27093983043808045 0.09316192237070468 0.1725237462615732
0 0.9222924228390302 0.1708446885493426 0.1483510815914117 0.17453904307373536
0 0.48214557759199406 0.8332194006463621 0.19544688345576125 0.164759030984685
0 0.8040139957925306 0.3487226760792628 0.31038949837951135 0.3114002742239954
0 0.2575332295723061 0.8505072450197595 0.24681046341176363 0.23659782719239458
0 0.4962979039427195 0.556385229685023 0.22704017669712043 0.19975640834663913
0 0.24639621443005977 0.6026575221084116 0.28698886481226393 0.28875801043329885
0 0.5663275629255334 0.33403277438160145 0.23837242425146693 0.25057306037943544
0 0.18217816129460043 0.29563035216546274 0.17876702937768266 0.19511334351261278
0 0.8560415682702455 0.7903092501705917 0.1512944452291314 0.21059673538142767
0 0.6017712114195152 0.09197205891419845 0.18107296177635435 0.13535307246848596
0 0.7321186195771643 0.12096644874623254 0.10238386667064549 0.11013570719558222
0 0.07010478041089939 0.5654406314814103 0.14020956082179878 0.20780433988589758