0 0.20686817408334873 0.29656171616018556 0.2849206675929483 0.2669740295804838
0 0.22653398225652027 0.7216218668163109 0.32894539577906795 0.292394212136894
0 0.7790445765727024 0.046022322337108894 0.2552045377607894 0.09204464467421779
0 0.8225390368401548 0.8032992436735771 0.2207417844443066 0.21342906503319023
0 0.47232916625669474 0.751958166460827 0.2158501479791822 0.21060460030470032
0 0.9525068819609909 0.2262426808517112 0.09498623607801832 0.21493283143632455
0 0.3721002498779816 0.9198656212568384 0.2198718084583015 0.11988937432051253
0 0.7049145831283474 0.33496877220263666 0.16928421973603655 0.24966764532749258
0 0.8331120692389878 0.24297806988974516 0.2276480806878012 0.2739458374539882
0 0.05936741225153863 0.319111121945869 0.10211388133152426 0.17908544841595428
0 0.9591193991281729 0.736849679256697 0.08176120174365419 0.27367668556524194
0 0.5563378144557624 0.3612291018627503 0.21761297528525603 0.2610853695354697
0 0.7576580660203722 0.6715377450873946 0.15731839871255351 0.18151871587051252
0 0.424435398700478 0.7959329683893882 0.15293042719202177 0.19311732806509951
0 0.5804526629728344 0.9136930986727219 0.19739775149936525 0.09395812919615337
0 0.06596085814876783 0.6114938935691596 0.09249849671613962 0.17824421126666648
0 0.9307539839431485 0.07373547614690255 0.09409343570734936 0.1474709522938051
0 0.33522976991944264 0.4854603279196587 0.19729093200786968 0.22815289523689422
0 0.8877404151850244 0.5336037239170957 0.22451916962995108 0.3335309287321933
0 0.5395986141256821 0.11867710077557017 0.295543382097518 0.23735420155114034
0 0.30605922616119247 0.0395220752917025 0.13763737428293968 0.079044150583405
0 0.0809676636856592 0.14361564206474375 0.15689867792539328 0.16949948510128174
0 0.18844258437520492 0.9082048963240743 0.23622560100231635 0.17643969158290565
0 0.6234089924464002 0.7628522975416678 0.1858593103406635 0.24392827187720748
0 0.5886714803741582 0.56214585434587 0.20209862431556197 0.22857351381153812
0 0.22897209046206185 0.1354893132021372 0.13775185285205613 0.17022085695655245
0 0.7423917179841639 0.5450802907264971 0.14585624263366326 0.12779286333660933