0 0.5347624615745248 0.6138766813114712 0.1986677382428271 0.2748587595199078
0 0.19309625157892946 0.2697103435511604 0.18362931393589904 0.1685018334011904
0 0.5080428545913694 0.05562111202148108 0.2242989062018765 0.11124222404296216
0 0.07952111271603138 0.3764774186606011 0.15472721941848605 0.15771105808683242
0 0.9462063487074228 0.11765800538370731 0.10683210352315534 0.18700207358854343
0 0.06077982435878003 0.6861552432291474 0.12155964871756006 0.1998048981570898
0 0.6074915908634616 0.918532563031431 0.22181114904114152 0.12199209792289824
0 0.21082980649836608 0.7328200828316954 0.20293000900574226 0.18130465796973666
0 0.8740605896909603 0.7454495582937691 0.22564148231209694 0.3672823548401206
0 0.040731724165994625 0.22785319625630482 0.07062057436950024 0.159090527522519
0 0.11910765583151155 0.8808708718341282 0.2382153116630231 0.2094121024855899
0 0.7616765941577683 0.0412572350694668 0.1472359776006516 0.0825144701389336
0 0.2830734616895321 0.0967721640247247 0.2751992304670896 0.1935443280494494
0 0.4306830320454361 0.9473664464472584 0.14223249294355214 0.07549054273149107
0 0.6535982079887972 0.8421522969888257 0.1763058941318423 0.1489772164956777
0 0.45955256770876046 0.32253990266257976 0.410248155284733 0.29068982977391783
0 0.34202042770942437 0.9029136446921698 0.188255199061999 0.13744773185101933
0 0.8460263769332141 0.4005200774513536 0.3047306575361685 0.32964929464691284
0 0.09435755344479423 0.10196756308863265 0.17186181618733462 0.2039351261772653
0 0.7219967433860437 0.6519097186912213 0.22742998108209195 0.2616110732958043
0 0.3305544124240275 0.6017696731215071 0.30445095417987267 0.2815723715699899