0 0.14900177715189597 0.1794640734135731 0.21256369213393927 0.1909200425851214
0 0.2291512866515005 0.831596115823724 0.22019525488011696 0.19842542872140329
0 0.3044806110548268 0.2839681445458003 0.20957610505968396 0.22197414413529243
0 0.5780742181925286 0.4306456528821341 0.2545254329674718 0.2525833840299064
0 0.628658311131612 0.6165294906710457 0.2141037811776168 0.21736235027742895
0 0.921617009988285 0.34378890991712496 0.15676598002343012 0.20897542111691722
0 0.3898493476020092 0.5913217200943497 0.2851916920470628 0.28500877472887964
0 0.13144549718353182 0.8295534440481439 0.09874287433389145 0.17189335209106543
0 0.3527975012092526 0.8446295515069333 0.1606828419543724 0.16482464732345647
0 0.7903804811023678 0.683431124131457 0.2114199188340109 0.21245670874482223
0 0.6924454572521113 0.22237831857412554 0.1947330038519677 0.21417491032426725
0 0.1839789707557174 0.9454808703132309 0.13314417804391662 0.10374900122815808
0 0.5460208540098155 0.2319589905246761 0.20504842894175113 0.22658593799315588
0 0.9371466150371094 0.7944121145383642 0.12570676992578128 0.20877952266708852
0 0.29442373676437367 0.0699278876285782 0.20227197558504598 0.13774157952576263
0 0.9169724735287473 0.12648570605633416 0.1309492224571597 0.23076105048234646
0 0.297939796650645 0.9577041798191749 0.1744532954848306 0.0718582411227719
0 0.7458297120887901 0.4563390794399602 0.21762769209050084 0.23669106873311277
0 0.4827637853336523 0.08812200971086138 0.17706603220576606 0.17624401942172277
0 0.600207351453977 0.7899716782696768 0.20068446945958826 0.1928341426143953
0 0.48116954975681203 0.8767468325835401 0.1673343480363917 0.15550311038281514
0 0.08003320994561486 0.6087648624160058 0.09888288242877122 0.17429719824491158
0 0.8909631659667544 0.009056320269993092 0.07519556270273962 0.018112640539986184
0 0.545547804767244 0.9271337427328371 0.1696218946362482 0.11242977806341323
0 0.712879271135034 0.11488878759930429 0.3151816191931449 0.22977757519860859
0 0.08536873654718237 0.3073535755485493 0.14637606458528513 0.20740823351828605
0 0.8347568007849614 0.8454723988317359 0.18852523059547777 0.18994055033597698
0 0.6776311894043475 0.8988610222885468 0.18642510917228125 0.1538828580282847
0 0.8998999754981695 0.5527990436988761 0.2002000490036611 0.3024764579111889
0 0.18520796709922183 0.5321927880670138 0.29788725474980227 0.338285187013153