0 0.9505281669427625 0.8404558065264933 0.09894366611447498 0.1540550444132429
0 0.10479951709514096 0.7616929190729215 0.10832220555852601 0.19776800800800323
0 0.18496689692657717 0.9115488422150018 0.21562038238478076 0.16093914960324168
0 0.07494158825890224 0.19241325916646737 0.12336346569121903 0.14359961122857984
0 0.07382790265016674 0.03825152631921881 0.13323272837725655 0.07650305263843762
0 0.5293860354455185 0.6295203081484094 0.14150131950509875 0.13029659906454108
0 0.8747008442531281 0.5345598955267326 0.23550803639230475 0.23389458278790512
0 0.7231330169337706 0.6532454338362371 0.19821113884882718 0.18385754638266524
0 0.3896826326268362 0.2356502918500542 0.2999041264048453 0.3573070766624473
0 0.10453286434999862 0.10497659928173235 0.14168347207458037 0.13270044521838725
0 0.06472737121747098 0.3125237085408901 0.08690560549397788 0.16780178940281124
0 0.9148456141079431 0.05397360363324006 0.17030877178411374 0.10794720726648012
0 0.6411856517912107 0.7666688143173054 0.18123792595300833 0.1493636516595405
0 0.828639853182689 0.22939958781270572 0.28038077753628426 0.2891593357854765
0 0.4263519320350646 0.8310922432590565 0.219809891482857 0.21622761114170322
0 0.5832517197704365 0.4960024013264033 0.2076443708947302 0.1820137326083381
0 0.3502622148251178 0.5916639759977094 0.2596927877496623 0.2688085017956692
0 0.5935003801541769 0.26482500054297825 0.2162772671615358 0.2327745180288669
0 0.2091402930177218 0.3065270690019502 0.15974960038728886 0.18161741686458888
0 0.9640114548430774 0.6471799118250877 0.07197709031384528 0.20143192701576743
0 0.5642856629442301 0.0413226540742047 0.16943671050384482 0.0826453081484094
0 0.6995385815528002 0.03748428573545614 0.09160287073335983 0.07496857147091228
0 0.13346067955526 0.5982550891522731 0.18932436451136897 0.19291289861853073