0 0.8350169562166116 0.7332058000823444 0.17690231556999636 0.24124432211715977
0 0.2598891544108512 0.5748794310276278 0.18754517393131934 0.17726474872930736
0 0.11049138077427645 0.5491427846068657 0.2209827615485529 0.2572687348723633
0 0.3981069435313138 0.19601399539994782 0.20280829942367484 0.19261209841837804
0 0.8934652110098522 0.4492600045148626 0.1637867285826174 0.18053198642701018
0 0.6757652717214504 0.4452492953119214 0.20252828323391533 0.18780440611068572
0 0.5692530696969624 0.8759676102166551 0.25018518202619905 0.18367377686912625
0 0.9262423242078541 0.2771234957122956 0.12259391069569311 0.25452819959110684
0 0.5552444091823726 0.2530006418207101 0.20378835608783336 0.20943902149530105
0 0.24971598056640837 0.8317828785671685 0.1886652386903575 0.19649551796007658
0 0.12708426390891933 0.7785721883465369 0.2423661941033614 0.2550189341795164
0 0.7374562996625854 0.036742124996449736 0.1806610687413204 0.07348424999289947
0 0.20305611752779054 0.11152102216259138 0.16322669620309832 0.1709166018116255
0 0.35405068915073673 0.9113122716301775 0.1947804209337479 0.13701554595791848
0 0.4582138300726823 0.08957024510179692 0.15417134396723278 0.17914049020359385
0 0.17790832392550548 0.037630429934406545 0.16341412137975825 0.07526085986881309
0 0.5793161903817085 0.08212855965158808 0.19347293099804966 0.16425711930317616
0 0.901389765791465 0.5804702474799078 0.11629354642610351 0.1463551226680299
0 0.33848784217156364 0.06254842452508703 0.24610123873379577 0.12509684905017407
0 0.012861522488970215 0.5451804999290115 0.02572304497794043 0.1644466924496693
0 0.34581904491278304 0.3741905601981988 0.2173713844416316 0.19594021733821781
0 0.48078444976536705 0.3595543989976419 0.13454425899271433 0.13076056327909846
0 0.332949032879059 0.4923641353891577 0.24199358690050232 0.16638471740920643
0 0.5594079676422 0.017201422438026474 0.17445329548483074 0.03440284487605295
0 0.5151242389727062 0.08977087268222678 0.20577217795704003 0.17954174536445355
0 0.79277632076855 0.9239103141522538 0.09627014570783607 0.04927700374819001
0 0.046072757392517386 0.773485003322259 0.09214551478503477 0.27033768566317423
0 0.9503378139480803 0.13068950790811007 0.0858835949953822 0.1587756085981204
0 0.09658684628416093 0.1303182532157762 0.10355056664158376 0.17427700374819005
0 0.6658472839506466 0.5332977708493039 0.13172038855422896 0.12339497935656113
0 0.8181629598731072 0.3235649575347112 0.16096285814413192 0.1731664025044727
0 0.8007274657596544 0.13966059353437177 0.34076016977528395 0.27932118706874354
0 0.4814760006950122 0.6971873202714585 0.37380656646783067 0.37360622122838494
0 0.146116072951654 0.2964774296504525 0.292232145903308 0.30710103924241205
0 0.7123056243916985 0.907513244441603 0.1757133683387485 0.09747568926938754
0 0.7256538104870567 0.7605705381349896 0.22640302813660704 0.22765235372121467
0 0.7603328872363806 0.5763377758326924 0.20647221843143898 0.2144007592639923