0 0.4605929601896798 0.4880651663728467 0.1831507592639923 0.1996776178003237
0 0.48413515992276374 0.3266227777783471 0.17439876619246433 0.1754293219236036
0 0.8613116226964236 0.5063974927431558 0.20007084657977714 0.16417948372798735
0 0.4063920289064916 0.9407226634798285 0.24864218905642183 0.09841057656752437
0 0.5920467280432736 0.3462768287762979 0.1187413325098677 0.13062130600714353
0 0.7691039197120694 0.5786620156535064 0.12897289896924818 0.14051646974020626
0 0.7192107341198835 0.6832864062984422 0.12068304228071697 0.12347971232502448
0 0.4885042269784459 0.7451846494920473 0.37678029468722585 0.37566649795928314
0 0.2996192200925688 0.060863523864970515 0.13239418212794987 0.11902174391442988
0 0.7519850472215107 0.621148992022331 0.14555261234631034 0.17458998457056932
0 0.9355315344293944 0.17192601528823429 0.0762423290456318 0.1413815307468232
0 0.13119594386233902 0.06816350457818234 0.24220087789987815 0.11021997299849653
0 0.6512130819064653 0.08945200915636466 0.24084306695630012 0.1789040183127293
0 0.587984349646476 0.6343186985613194 0.15905141650339366 0.16058657632400963
0 0.8700511590709016 0.6321098023641423 0.13448993735979814 0.11428399638615719
0 0.7265707908254525 0.3999473116519838 0.12897289896924818 0.14051646974020626
0 0.2586790952948835 0.9618162181013417 0.1311009372178211 0.06139938100154187
0 0.6402329568674208 0.4180553513213764 0.08308489536303518 0.09839207909527058
0 0.017428805818212673 0.17969393091339572 0.03485761163642535 0.1742659843270547
0 0.17306490652241566 0.9499111532373671 0.3060264058267316 0.09528155896590025
0 0.9343102251753395 0.7526076128277108 0.04326554595791849 0.18840928213245378
0 0.20272742965045248 0.49929491656034247 0.40545485930090497 0.3983502850351913
0 0.1811361517164985 0.7865195595552481 0.3378889028594152 0.29295650181664085
0 0.03288107531163856 0.7172461872424805 0.06576215062327712 0.3418100436485076
0 0.788401097381944 0.8204362778903851 0.33261907416872616 0.28560507379626354
0 0.800299967970014 0.18545830755111142 0.1902082522645319 0.19748360598473597
0 0.9060728835505569 0.36953101335955546 0.14130022066047696 0.1456738859449961
0 0.4775038354771841 0.06394109415942893 0.1796077136610164 0.12788218831885786
0 0.8970985941732683 0.06027419686643576 0.14200956674333462 0.11930152303210792
0 0.9157579212738166 0.007737714843051347 0.09156108052928993 0.015475429686102694
0 0.41707099250361995 0.17501485687361756 0.20370705642161505 0.18348019773817617
0 0.16286518293721725 0.2291990863229563 0.3106154866399756 0.24177628479167657