0 0.28122287078293645 0.11074103280237647 0.24994574156587288 0.2105693251385818
0 0.8070959775130734 0.5964630198094999 0.3765401046613964 0.35195365209428103
0 0.06928387804188382 0.6884386529375952 0.12486182771874003 0.19899269049057497
0 0.2971055067815332 0.8561851729669804 0.26744397541985854 0.26884924193291393
0 0.12892828104342577 0.13545865572851595 0.14149295181901986 0.18275337651567639
0 0.06651556315181474 0.5537812962434945 0.1221782687411178 0.17487028479468128
0 0.3945714770111847 0.6625534708850274 0.16044400822601299 0.15938646823667157
0 0.23302344519657028 0.5115384921081014 0.364856529280697 0.3803800851532743
0 0.5985915580472683 0.7465698291111156 0.24063804105664188 0.23667585620116108
0 0.7279754707927262 0.19842805862141302 0.4053023446604176 0.34574944352192755
0 0.27636092004111695 0.3124122772531572 0.162931768226992 0.16668195085564202
0 0.4202823210351045 0.08435979393343745 0.15787233437790127 0.1448794471561625
0 0.14024991388384442 0.2824290477428597 0.20684433849090775 0.22348140722788118
0 0.11613174882482026 0.7909951303903432 0.1822744225872717 0.1769688887304833
0 0.5701616051755223 0.36832654138294857 0.2840750995201384 0.25260992795801557
0 0.6216468143759434 0.14665759261747816 0.3154090133672713 0.2609127404661712
0 0.5331859129412531 0.8960546653602116 0.2886310502864322 0.2078906692795767
0 0.9440130984674122 0.23847692794593986 0.11197380306517547 0.2419261446300773
0 0.8028074380599949 0.8474131104141269 0.2772551590118863 0.28601194163956534
0 0.7299524985922317 0.9735272088454077 0.20279018667678272 0.052945582309184565