0 0.10533817421383798 0.8172846729652115 0.1624924020616587 0.2547616536227306
0 0.9378969473518963 0.9484592721213974 0.10183151444754356 0.09834039829436957
0 0.7358516818326823 0.28266625946080287 0.15432694345668316 0.15838388560086641
0 0.17989927516298548 0.06597741680897454 0.18191393494135555 0.12366972450128225
0 0.9208067541356454 0.9866374161716134 0.1368818768660511 0.026725167656773206
0 0.10016411991533333 0.3598558048605597 0.16676589501307412 0.17096292104014227
0 0.5305708895617217 0.5550976789439195 0.1738095451597485 0.16649111153447704
0 0.7814255983418849 0.6255798663830828 0.13526406254077783 0.16229589043648657
0 0.9317347108582589 0.9557792794406448 0.12944904034390048 0.08844144111871034
0 0.6069178459992054 0.851445835398398 0.17806016277710057 0.21948768785310144
0 0.3821848335886646 0.05139965419427446 0.16340812871579075 0.07480907488629608
0 0.07944523118484997 0.17889557771804407 0.10776101521353744 0.1994138976899169
0 0.5748588369377695 0.13957149105790942 0.31798690464476986 0.24040449894870092
0 0.046829300281272856 0.653763840109321 0.054540623199193686 0.1873353725263342
0 0.7567995786507983 0.9661980960092258 0.22451161245112963 0.06760380798154841
0 0.13357384362390384 0.9385965899976092 0.15619659025425225 0.07447319208426907
0 0.957604574755585 0.5466843955544102 0.08479085048883005 0.2209365521405234
0 0.9233592899609037 0.3109098838792975 0.1532814200781926 0.23575480625997938
0 0.38194837022100986 0.83496787268394 0.31586542537490436 0.3171036540037599
0 0.9326694323582442 0.18023615129670917 0.1145222984762313 0.11813097219518376
0 0.7885608517236121 0.829906789460006 0.24506261286674877 0.2826067869174986
0 0.3062195572972351 0.6250462168339139 0.2622787223191479 0.22581016669726303
0 0.454910753589537 0.3127800804839748 0.3748703051744411 0.28865267735398514