0 0.4517322943285348 0.5494542839125348 0.2634946064754335 0.36300801044031294
0 0.9284609006169222 0.3173273031981464 0.14307819876615552 0.2812183986081194
0 0.6935131074609152 0.5490609065474346 0.3382904256523392 0.3240648307115379
0 0.2903783081980343 0.7089063253101847 0.2524763962575886 0.2806463133475778
0 0.6969310517265854 0.23693630312542602 0.32174671883778616 0.38007466410527
0 0.5752931936742033 0.34958798782044054 0.152291956479418 0.18569548031623903
0 0.6620097165446734 0.9215341999567304 0.27589575873165295 0.15693160008653925
0 0.4479617194751474 0.16009113963646637 0.2197709041154715 0.24666229261239275
0 0.9057166176742595 0.5697164387016365 0.18856676465148106 0.27205305386809076
0 0.9887547321357418 0.7896073390859667 0.02249053572851632 0.21114726426452973
0 0.6174726404494724 0.7925865406371072 0.2675119443903675 0.24365693989729317
0 0.31483147419905594 0.20590097259508486 0.12461807851301124 0.15693977046339008
0 0.3281583174224282 0.9645721455086893 0.15798870840448728 0.07085570898262142
0 0.1365188986424901 0.4895569988400995 0.23989736081831278 0.26757553614173746
0 0.9370226872157402 0.9392380467632471 0.12595462556851963 0.12152390647350586
0 0.166603072468486 0.18455348988632447 0.3307430043887737 0.3162223643880336
0 0.6168270299662945 0.3161139396076199 0.24906490169766143 0.2588013886756405
0 0.2095299707299468 0.5150970466905267 0.2795311751595983 0.24470848633390274
0 0.4438259709204614 0.6110078921195861 0.18544529235757123 0.2292948856668088
0 0.16872074473051896 0.9401740880881767 0.18840231532676727 0.11965182382364667
0 0.17312994591448452 0.8387003970131051 0.10622370235996201 0.1218137592982902
0 0.3090888617379773 0.8793238709492873 0.2166359979632192 0.1793546003047006
0 0.4851887300331437 0.9366565827595438 0.16123557549074866 0.12668683448091236
0 0.11109749506565386 0.714767744145655 0.14860387351181586 0.20931332328005675
0 0.41504556117440256 0.3271889586750705 0.17761465483163563 0.16397042093831876
0 0.16420916809668257 0.33876032966011366 0.16453510911666683 0.19155471906054103
0 0.850294832822982 0.7549335478873916 0.29941033435403597 0.26207589327948655
0 0.8627338280202703 0.14730095483297553 0.22546765604054067 0.1633689143770651