0 0.5269666593728652 0.6055898317715889 0.3388279978936245 0.2542773050799338
0 0.290763345247028 0.07497583993525929 0.269026690494056 0.12992576994065436
0 0.5242363515055871 0.3620615835392011 0.2915795530850321 0.33036927347587886
0 0.6861469558334143 0.8051985419683694 0.2569013302130264 0.2442320670982771
0 0.21183839087394374 0.28569933445495127 0.3578098039186655 0.30824023869154193
0 0.32579047206697315 0.43445830327682733 0.17375438736443982 0.14539856688531147
0 0.9147511854047706 0.4873157227191437 0.17049762919045883 0.2713228396513051
0 0.13740074875585875 0.518288512550757 0.2268797856678992 0.21353736772013576
0 0.5429182281951459 0.14388118326376603 0.25513824416456643 0.20096283632904627
0 0.7647883414447849 0.08737097232870686 0.2070695013745276 0.08040155649260355
0 0.7682185558340874 0.4951775684470588 0.21922338555080365 0.26099810895306297
0 0.18404513764119584 0.6627342084646622 0.14633258742298771 0.11966560527586151
0 0.9570868041525203 0.8305874448277846 0.0858263916949593 0.15581646182241554
0 0.46878659707328196 0.8959457967529889 0.24247825328994949 0.20810840649402215
0 0.9295762845861107 0.1761251091376348 0.14084743082777854 0.1941848360450922
0 0.16612850265988735 0.8114341384700574 0.2795603223158014 0.329599046170884
0 0.2925814875686842 0.3843787892069178 0.23507081637858215 0.23803796564159418
0 0.4933944018701648 0.8407977827043769 0.2197131316753758 0.2730173397222936
0 0.5877974324058773 0.627469814450409 0.21348926574986613 0.17911329426129485
0 0.932957524362956 0.946121018598973 0.13408495127408807 0.10775796280205387
0 0.8156260878015293 0.9505060070917464 0.11209104591965485 0.09898798581650735
0 0.856009906579226 0.8256741315841801 0.15967004258512127 0.2116279409660109
0 0.9286140951149588 0.6681433433711016 0.14277180977008241 0.15470586057869823
0 0.6921443007877032 0.957773119629725 0.19720515355341478 0.08445376074054997
0 0.30461089014209597 0.5913406266291855 0.14608362421725937 0.17239617519947784
0 0.3173483795244164 0.8451004413209536 0.17664797964285825 0.1575718431155414
0 0.7292346572092883 0.24453094599199438 0.233103651593409 0.3074414131811347
0 0.10247566130427024 0.10246971005480332 0.18572055337777124 0.20370705642161502