0 0.2595125924029178 0.6913385559078125 0.2202064085898943 0.22870882032273399
0 0.3610642907029701 0.927903712129268 0.13970462537357192 0.144192575741464
0 0.2128081593345033 0.9007593167658192 0.20063996503358242 0.1984813664683615
0 0.5040004052144389 0.7971726850392223 0.2729651461024311 0.22334405332470142
0 0.42207871316128676 0.09521907370446117 0.1013270054934191 0.16209555660856168
0 0.9305280506982638 0.18384475246109286 0.1276732280199866 0.295146536644421
0 0.8360337025410497 0.95476004724992 0.14603501873056118 0.09047990550015984
0 0.7154610314636922 0.7312844352796544 0.17352630869018937 0.16942157363921678
0 0.0657545747975086 0.3950854780109322 0.12059973401488121 0.16517095602186443
0 0.40303949050744947 0.31196968113193324 0.1467063673816462 0.14686357252284826
0 0.1444283990998786 0.1539911668269546 0.17837596028857455 0.1719933081079269
0 0.6677772621107226 0.3392323846033089 0.393187246501077 0.3668803939619505
0 0.09064376497963257 0.7887439053455191 0.13780429070803973 0.18739318050850456
0 0.2399346060168001 0.3266941707342438 0.1980682817169649 0.19910716905969125
0 0.8934715247203862 0.7447078413911672 0.14695812312580342 0.16128664944592522
0 0.7587843881079706 0.5982639896554793 0.1396626660828789 0.15622712466593652
0 0.026813858016365766 0.09102564442226767 0.052788530218874925 0.13397436576761226
0 0.4584091408584825 0.11210323606594247 0.14265394230642497 0.18996491497721482
0 0.8412196522195263 0.5038462659348332 0.2046504308181111 0.1633013092242953
0 0.5462024038398168 0.9325320784550646 0.25500532217680166 0.13493584308987094
0 0.8299982717280083 0.0674222727756081 0.09268885114832442 0.08011295490549619
0 0.0963088929777137 0.6315857868196082 0.16876057567318992 0.17165753147819848
0 0.19601773601064462 0.4945284135104719 0.12064169330557405 0.16757480217571058
0 0.970988738759889 0.5229702156741068 0.058022522480221994 0.1921703384045125
0 0.9560770467016672 0.6053572709584907 0.08784590659666563 0.19566545860497578
0 0.7352141858138567 0.07372186317242532 0.1435052947046365 0.10110655144233924
0 0.9414678827392867 0.9490461511857222 0.11706423452142654 0.10190769762855549
0 0.07135676385955048 0.23432159025425225 0.1375944942545756 0.17537394973927373
0 0.6032118200512333 0.5628015145780328 0.18132527722142747 0.20332725226535905
0 0.9762221072666871 0.42221853760614864 0.04755578546662584 0.16771215607889053
0 0.3533647608608356 0.4940171404376582 0.240318322925213 0.27986114281295976
0 0.7658037562380281 0.8627710107359884 0.19271511863026583 0.16768928074482703
0 0.9773848008217315 0.8307884396025627 0.04523039835653692 0.1678800443937547
0 0.2900350118625196 0.10021752966108108 0.21687945804080583 0.1757402607806864
0 0.6154414710284772 0.09356311683928255 0.1876137112877237 0.15069446935303984