0 0.7722581064400645 0.3910714350171772 0.1990196992629276 0.1975738361870692
0 0.7022978071644237 0.5400005908084147 0.19175221066111126 0.1947078536502262
0 0.1533456174008014 0.12378562022602681 0.22317006108194462 0.20392198310475113
0 0.9072452064796482 0.81214760950677 0.18426092149818382 0.18222648649799866
0 0.9651612331214477 0.32667999217707105 0.06967753375710445 0.15862156313712147
0 0.6143026321006414 0.37952679732799344 0.18001273059326933 0.2059568571144622
0 0.903852183480449 0.2526371968935434 0.17235359100950867 0.18626395150069616
0 0.4986912013377673 0.22202644972598332 0.26481874766121816 0.24019460209557955
0 0.20918168429668885 0.9712345536956579 0.1570333019638889 0.04366680111877814
0 0.10391499985090892 0.9478874543260355 0.07429744008621803 0.09837136382996875
0 0.10345835427724398 0.46281924975154026 0.19091496843504296 0.2618615004969195
0 0.8632345547401177 0.08999755493085627 0.21685372486485066 0.17999510986171255
0 0.24092116641250022 0.2662305675526019 0.21886592003675231 0.22524850756736858
0 0.37760168152291673 0.09866791925774453 0.2739305810141027 0.19733583851548905
0 0.8993222319960471 0.5388489346622347 0.20135553600790573 0.3308636928756003
0 0.9489907192537395 0.30244090305817967 0.10201856149252109 0.20389338489933867
0 0.6261190028055557 0.031208945097537442 0.19935339022649584 0.062417890195074884
0 0.2080047214727571 0.8172343543885051 0.3468872276117524 0.3630665638470066
0 0.7526326714102033 0.22019773051367048 0.22630125905940174 0.23532602856575008
0 0.6570483760496267 0.7679951608740081 0.37668453384262846 0.4057804939943787
0 0.31740267184765003 0.5526286337990167 0.23435204962510703 0.27184585725643917
0 0.4808632053701393 0.49039382741289594 0.2469867319373934 0.29905839225374165
0 0.015878785509348386 0.11333544227219806 0.029071964285363346 0.11467526930175773
0 0.11302080356949838 0.6150783668682737 0.19370845569273515 0.17563112988045596