0 0.5916019177560599 0.8547241037836 0.3674069342406065 0.27275964782446604
0 0.16658284139116716 0.8778484324589209 0.20302201004731493 0.24251273059326933
0 0.3605274447687851 0.9202474212366984 0.2093635725228483 0.1489865311543803
0 0.92215358829457 0.8105536411356297 0.15569282341086021 0.25900395282852584
0 0.1927198049666315 0.17955809489770283 0.3834249501548929 0.3187684255892097
0 0.8581921736677296 0.12172239456802852 0.22250461175038055 0.24344478913605705
0 0.8795406435789536 0.3163404608981831 0.17979245567149002 0.1963361024076925
0 0.6530677810952017 0.10936997530475405 0.2724817160365572 0.2187399506095081
0 0.34268926036506725 0.032603273615064 0.19457418455835865 0.065206547230128
0 0.6152511419696457 0.5329993652111106 0.27147438614737207 0.20807759235363263
0 0.6059333914440839 0.6450859371364845 0.3550519268416474 0.2628645125076925
0 0.46959710065194177 0.22002680383589704 0.2805326960724166 0.2611300581590814
0 0.709638280329208 0.00714955868696555 0.16927656065841581 0.0142991173739311
0 0.8891789035284016 0.5227355292872856 0.22164219294319693 0.29394465220876087
0 0.1576351295470291 0.41494019742270283 0.29445210805090094 0.24704268207767122
0 0.3848138582913328 0.4445366534673608 0.24671096160370615 0.2555390638875001
0 0.27611807062841043 0.6732117737323715 0.3222680566738063 0.35577526040352586