0 0.7059976214317533 0.8193660701753733 0.2756345087646132 0.3564015855430185
0 0.9190465322186055 0.699410940060474 0.14378491284335565 0.17487492587576242
0 0.07029725126084013 0.4180222895587319 0.14059450252168026 0.21104457911746374
0 0.9071794593718235 0.8826019229158485 0.15191950362335513 0.23479615416830305
0 0.23173002968468806 0.4449223827691184 0.18727791387160722 0.1961209919186939
0 0.4177788912623086 0.16496987529226478 0.17503491284335565 0.17633041801787955
0 0.5074450840351779 0.5202978901801547 0.18255413541104779 0.20310860851221418
0 0.47117508091371146 0.8469114175710329 0.2598688102874111 0.240345204554349
0 0.938909181498813 0.3359559938238401 0.11837754259901946 0.26258566329397104
0 0.2524021620232181 0.21859862823572443 0.19250517541496362 0.23240260609440425
0 0.7959905363438492 0.5265216637996976 0.17039504822992876 0.19052957307293858
0 0.4239991333300701 0.04379956639105205 0.17123250257062905 0.05602614939156288
0 0.4611252993561599 0.9740451250229472 0.1810996287274121 0.051909749954105584
0 0.753042975321961 0.4968621362183046 0.2361100615727255 0.2632640567527203
0 0.09539693739902268 0.27622501367898483 0.150856594893006 0.1631915779085587
0 0.9180865753684623 0.16181544187383146 0.16321148105076808 0.1925975364247576
0 0.5504519558830776 0.1314642651242989 0.18210659489300612 0.16464707005067586
0 0.31700809938552915 0.7639687834812979 0.1728548369485303 0.1954492263146399
0 0.023672308671610524 0.7777298584334112 0.04734461734322105 0.1900751014822072
0 0.7033750574107704 0.2179566879777987 0.16049995079076823 0.1660432677984409
0 0.1545526850242705 0.7732383435126129 0.1842027569406985 0.13831672329237732
0 0.1069283548572734 0.11200939587655935 0.19960482874699167 0.22312310428104662