0 0.23507313172104397 0.8645258863660101 0.3223060153770019 0.27094822726797985
0 0.4311857852367814 0.9122100634087794 0.3806486675011837 0.1755798731824411
0 0.8912004722896338 0.3841708053954417 0.16620243885423136 0.2026584219172997
0 0.7579929739417158 0.16206081238302306 0.27728328288579907 0.22130012168835916
0 0.8473252339716821 0.78374898278386 0.2516819503869828 0.41787598881986987
0 0.4100720836393625 0.720293827755702 0.24033350728819444 0.2470066876542782
0 0.05682079723972929 0.9135104953391256 0.0982648453532333 0.17297900932174862
0 0.40307327958163514 0.2550025279876267 0.2498229116649179 0.2453877384704908
0 0.6080879831615525 0.23552578417242398 0.23285978673004948 0.28708717529960415
0 0.8815578732224133 0.5451303855818767 0.1973264586155702 0.2028054909161442
0 0.4829398992806974 0.41240509745479675 0.2214909003926929 0.20717157949513712
0 0.5447384467524023 0.10844105037026777 0.18936926034134907 0.14231688858496103
0 0.7955574479024654 0.9493830620187235 0.19607687784824288 0.10123387596255312
0 0.7098190750803586 0.5745658072538232 0.22085077758010302 0.24062920140646846
0 0.7403982874099161 0.4056587485133783 0.19630839508699685 0.2290515743659372
0 0.185950801064946 0.16002682075320013 0.24438531816391992 0.2329760592162306
0 0.14668572348103626 0.6295373384675067 0.2933714469620725 0.3456131384734749
0 0.3353332176542874 0.5802087419717417 0.262209861530848 0.2990572508251648
0 0.6949687393472684 0.9183539630661145 0.16026092439858858 0.16329207386777092
0 0.23059393243653978 0.36766497833103756 0.31155680861366686 0.2815433445333575
0 0.08081147148902099 0.4170179540825547 0.16162294297804197 0.30518975431895556