0 0.8664172722338536 0.6534289530572858 0.1647364009396351 0.20360115161555006
0 0.6912310377329393 0.7216502470289392 0.31995572775122594 0.34914569039982896
0 0.09252429276557346 0.5291717574179782 0.18504858553114692 0.20724420300518148
0 0.6842868776203429 0.03341222182537966 0.2948877832208525 0.06682444365075932
0 0.3282492766717556 0.45650565686931893 0.23680263031134968 0.2377297299766696
0 0.49489935989111594 0.375791819329438 0.17057436970357095 0.1873206862470716
0 0.8918029405533368 0.09367917297480226 0.10007793427197378 0.17242287711672136
0 0.44792684286810736 0.5561354944020547 0.20800563170886585 0.20687989786621833
0 0.5362325127856983 0.8791229402977083 0.14099247413102844 0.14685546952123582
0 0.8397028254066142 0.00516490040527245 0.12347896457138702 0.0103298008105449
0 0.2170842759655372 0.6476859904178127 0.24421039301540273 0.2406800338389605
0 0.4793492829531185 0.7711513667276824 0.24327842704649946 0.1999968017930572
0 0.9361038363413913 0.5167546766434488 0.048910181826320315 0.21871413724941446
0 0.9261445633863986 0.37536520361493675 0.08884360047280146 0.18112749888469806
0 0.8516257293493338 0.4980717845294008 0.2221833291457582 0.23423296840593394
0 0.7411701074529228 0.12461208585263761 0.30464984010291585 0.24922417170527522
0 0.13959591374025393 0.32387885795949206 0.1740084923136605 0.17085806830911168
0 0.05141333029792116 0.3570428793473252 0.10282666059584232 0.18976039515150342
0 0.0031403813445663106 0.44445624098260894 0.006280762689132621 0.10627982572708984
0 0.07795414684365198 0.6223394369589477 0.15590829368730397 0.2649365106974892
0 0.09288046991609891 0.821548156715094 0.18576093983219782 0.19486066709698754
0 0.11367072793689695 0.9195041777801863 0.2175231025690761 0.147876659436954
0 0.26582419973375815 0.855417179372454 0.2525992769320292 0.2556495684704819
0 0.3641828906737752 0.041782274333885705 0.12804127739289448 0.08356454866777141
0 0.5049795372944548 0.024853889876298826 0.11504092541109046 0.04970777975259765
0 0.45891421025243145 0.07034055600506436 0.13181869324434337 0.12227055027432956
0 0.44152358880196524 0.21021901435184526 0.23552697436892125 0.2806346556069371
0 0.15151643728997868 0.1485802412982044 0.2586334699384797 0.24177294925584983
0 0.0454524734248101 0.18857356463332 0.0909049468496202 0.2045836399641292
0 0.6532340936932722 0.29451359270581956 0.368032650828149 0.3527887417894606
0 0.8750257678183324 0.2992080191286484 0.1877937412655234 0.193403446541135
0 0.688949087857854 0.5008427746387633 0.2054055613125051 0.2042938991428906
0 0.43348037851969273 0.8940759629622138 0.19848855758082146 0.14882328503494774