0 0.8423524477788109 0.24402392948172008 0.25098032774824175 0.2650828005163851
0 0.17473313542562893 0.4703742805665945 0.34946627085125787 0.3418624264371194
0 0.8049233678004278 0.9052918303639583 0.19539772821209092 0.18941633927208337
0 0.5020143731600603 0.9052524190926812 0.2682488545538642 0.18949516181463777
0 0.9342876710846746 0.36225126047686934 0.09806653660315699 0.1770484168549321
0 0.8516752813251697 0.7816851321641608 0.16198926154442989 0.1699473054617039
0 0.4973531547529638 0.7221835525192238 0.16321576224318785 0.15570638110810855
0 0.7045497086021018 0.6580663689940123 0.36719859861442 0.37183735845074833
0 0.2800013020724016 0.7032948988272951 0.2434254960453441 0.2310646492235757
0 0.9492007135157896 0.1795589527845616 0.09257225781274606 0.10974072454723977
0 0.3953595545404358 0.1641972457808478 0.406396275534513 0.29597133419397514
0 0.7499768109407452 0.4571271998277912 0.16380443497073188 0.16291791956964702
0 0.7266487200425055 0.16511368626136208 0.16076276084567154 0.18418822981529917
0 0.8766203377463676 0.49091082383351703 0.1945636759983622 0.21780621321855959
0 0.6902503132525317 0.9403925119777341 0.183623876929045 0.1192149760445318
0 0.4654151797076651 0.3726778152052614 0.28747962378463343 0.24395878008962876
0 0.5126083002289405 0.15010403065442493 0.31612955338827275 0.24374076476956147
0 0.26469581115625734 0.883715716568038 0.2924835403348405 0.23256856686392388
0 0.1376572571065278 0.09145800032274067 0.2102624088638675 0.17599420300518148
0 0.09723407131809134 0.7026172438586941 0.19446814263618267 0.2802344877173883
0 0.07231299742047957 0.8992772470503747 0.14462599484095914 0.15658128120493095