0 0.14351053308830722 0.416341738481118 0.28702106617661444 0.3374911692699282
0 0.19550789167183244 0.07199119797531348 0.24359960127171976 0.14224817644321527
0 0.9327738146337482 0.6166640452553088 0.09695100071928965 0.138138082064335
0 0.8367178646546056 0.5987182708832814 0.27093695970417453 0.29640201439552283
0 0.4828839769174253 0.6751353385276193 0.16434260403387066 0.153344354893985
0 0.7089512054927242 0.4529910380453102 0.24903662613107777 0.25047719593104745
0 0.01637160376779277 0.687709784617832 0.03274320753558554 0.23599649231258724
0 0.39688554705013235 0.16809078569503247 0.31680582897665843 0.33058731491454346
0 0.5009781603918864 0.044293550837269595 0.18073598690853496 0.07902092310139748
0 0.582971442390539 0.8265505170028635 0.2343618161873347 0.20704013746755123
0 0.3638874010732827 0.4682079282548929 0.08701395724416454 0.08273773539636299
0 0.3711137260577854 0.25914324107622144 0.3027883219202106 0.40013102568181635
0 0.28630621990776095 0.7870383713215366 0.21295096348775597 0.245249934387691
0 0.9590281239157056 0.4426788975664276 0.0781118161873347 0.2052220041130065
0 0.9135911921351814 0.8147715683297846 0.08994923977497311 0.1741118605248946
0 0.7916375546533587 0.9041423785070608 0.25356461508247435 0.19171524298587828
0 0.7965595323690178 0.27010377344167336 0.24164328048794695 0.2191432820839146
0 0.9603637074420187 0.21311158987411988 0.0781537716907792 0.21243354257454497
0 0.4331444215808403 0.5471440954438435 0.12335135290815284 0.13123422770895024
0 0.11470553339044832 0.7958277610414678 0.22941106678089665 0.2983862913137048
0 0.18168537560964235 0.17520274053762122 0.15001742328549733 0.17000345027664243
0 0.651770157780806 0.15783458778090503 0.2901817141027584 0.2990296308083898
0 0.5313952415517564 0.3944307785339827 0.237101306368736 0.26476041644223625
0 0.6261995190114747 0.6275207836752408 0.28973418873268497 0.222106553885313
0 0.8970673542317247 0.14265881242957482 0.1787237254535031 0.1463006441267122
0 0.5510221839997992 0.9423513333618867 0.27233387377535523 0.11529733327622657