0 0.835236945727138 0.5075932186075927 0.28398796617532984 0.3623474094606178
0 0.8116609626537634 0.10306024429613998 0.2997549977693962 0.15911176043031183
0 0.8764708937063156 0.265602226564736 0.18837773891337542 0.20796705625818712
0 0.8334456051498016 0.8811127581854994 0.2216314171776726 0.23550063799711188
0 0.13204731726734972 0.2474473622759423 0.26409463453469945 0.42277933993649996
0 0.1582187139896853 0.9117025406942751 0.2564499042495797 0.1765949186114497
0 0.355316167229777 0.9090049409388162 0.20283667858703802 0.17730466536021192
0 0.1136491980455723 0.7373855520005234 0.2272983960911446 0.2702457581975753
0 0.009448324604642674 0.44911477718791254 0.018896649209285347 0.1914987851450558
0 0.5230446179236695 0.6039454365385877 0.21697001468887633 0.2689026516786619
0 0.6318193660893462 0.567975517927138 0.27604781743586515 0.35248019237293704
0 0.18985804754532426 0.5320551285732257 0.2702189352124549 0.27555711544986
0 0.016046387319381676 0.8204403310055532 0.03209277463876335 0.17053572301989725
0 0.5639595384401028 0.8822974228630756 0.3044551018253315 0.2354051542738489
0 0.3256272387448599 0.1716499233499773 0.25889245197056465 0.31591883512065205
0 0.39642743439845796 0.3982715774039408 0.2652649530858667 0.2418193251385818
0 0.6025055770773021 0.23916369746183902 0.36688337632415996 0.3172924760512498