0 0.8781039702786004 0.5065897631958686 0.2437920594427992 0.3418233497772013
0 0.8568388760220922 0.9223810092787391 0.2807482010478309 0.15523798144252182
0 0.9189915964537393 0.7485818852518823 0.1620168070925214 0.1965856143808383
0 0.8883190533344755 0.1317296196077567 0.2233618933310491 0.2117359446457329
0 0.14612388318314196 0.7840462861724468 0.27865372313076675 0.3998233415756627
0 0.19823423591048892 0.09844749130880996 0.2330069333594394 0.1949929354159426
0 0.39673335693825107 0.11638012210496257 0.18216253745776123 0.16315553848601286
0 0.14282158773195622 0.29368964207020887 0.22163104208489354 0.25014154054251614
0 0.028431637002373975 0.5843863569260138 0.04545099079468414 0.18800348308279688
0 0.5660951518508366 0.4187909098197867 0.18560132105957877 0.2521258174606981
0 0.6746318554448224 0.45129961752677905 0.23219745030111674 0.33198419490279585
0 0.2341274687851717 0.49784957951818043 0.23851390772657186 0.25514503182685166
0 0.03612930464426441 0.2131319825686711 0.05481463386867029 0.16648075282769198
0 0.6047919200166425 0.1296169457229333 0.27426391592811056 0.2291222933702081
0 0.37168068011551914 0.8530379851454188 0.21978662157859957 0.29392402970916226
0 0.43992288418691916 0.6264290615972001 0.2357184636194392 0.22146321439062788
0 0.6472139211305546 0.7802629139327931 0.33025165952601215 0.28986178671104695