0 0.5618974705723407 0.2418807514686599 0.17689022268792465 0.19981780395868917
0 0.14966768053385374 0.6690641558762819 0.12797027867858637 0.12611038903803398
0 0.6894825138365909 0.46252244500897305 0.21467999554540912 0.1887596756327632
0 0.6611173429999491 0.9523709367072646 0.2324552726340611 0.09525812658547093
0 0.7390775373773307 0.6021253198730755 0.17761465483163563 0.16397042093831887
0 0.4024239791264649 0.9360561662438743 0.18734200038102927 0.1278876675122514
0 0.9625363463114522 0.7896977830792717 0.07492730737709562 0.2013509916625356
0 0.4351884093650295 0.16854982317158035 0.17286625691829535 0.21622410846096835
0 0.2116603642545133 0.17532821249928737 0.15301638862312902 0.14984809729586868
0 0.7013798418897698 0.30675299623062546 0.19416498950088373 0.21090535358532725
0 0.9300728244888125 0.4097702254775623 0.13985435102237503 0.17346594025968637
0 0.21007006998485858 0.6551962734722218 0.22921503340249494 0.19242537751054092
0 0.4281646958685902 0.4803589626626061 0.2842862009276336 0.2953995648519937
0 0.16257247884416157 0.09801502834786294 0.12204297703080397 0.10165130892492855
0 0.11116986702044404 0.5364172881897434 0.14077323598588026 0.14398885855156662
0 0.5759255484479909 0.6201710567684462 0.2152398002154541 0.20077890640199397
0 0.8697840529354904 0.2472708795049129 0.2209431799952187 0.22043029420740703
0 0.6481365025095989 0.8084365605747851 0.3036289310924119 0.2994858853044152
0 0.531503569065194 0.07762319785448615 0.1880071381303881 0.07869381512378884
0 0.3376416793907659 0.23303414079636692 0.1468124985676717 0.1708517848185183
0 0.22361071514525374 0.8431168920468657 0.2940135464770273 0.29864464815512765
0 0.22462499140603007 0.9544467883709401 0.2496707450526681 0.09110642325811988
0 0.47025520105233104 0.8443460563333325 0.2306178590049552 0.27394583745398815
0 0.4398612995451843 0.6800885027191588 0.167775348348233 0.15832149148133878
0 0.6633825386520531 0.1334510532160244 0.19695738499641388 0.16805674139074037
0 0.8315364945599273 0.09429647415434314 0.1919191429660085 0.05988366446766345
0 0.8612391031968389 0.809125240992591 0.2472801546082124 0.3232846162548428
0 0.8268411194841486 0.9545933498517087 0.16128824203040565 0.09081330029658255
0 0.12627778710801313 0.32107745878354677 0.23464182477458445 0.25753953295170895