0 0.7483900265584992 0.4506763764859876 0.187340805732302 0.1804231149455068
0 0.6480998707237388 0.5855549862547237 0.1799333688209344 0.17532157496307094
0 0.20690831558953277 0.0819307578240403 0.21118336882093447 0.1638615156480806
0 0.7869067284020825 0.8894803389312672 0.17453798116375552 0.16070259959016545
0 0.9511946465058062 0.4208140262085585 0.06626695501576417 0.15389103831516893
0 0.5988577287520233 0.40997217765559785 0.16850183340119032 0.18925490576157572
0 0.9066438955258034 0.3362345491683859 0.16050670114033658 0.16973028885606317
0 0.5208184075466112 0.23436283667852228 0.2535179918100357 0.21431774401819684
0 0.07506618534756895 0.9485703610414782 0.1501323706951379 0.07828618578499494
0 0.004591450249501355 0.9089742262065391 0.00918290049900271 0.14839770143307562
0 0.08794650842381893 0.3999771594620331 0.17589301684763786 0.24552285954918182
0 0.9029013742618434 0.13359929529295816 0.18929979023059082 0.22850003802242977
0 0.2617907182807133 0.23051827604620578 0.2075510672122155 0.20524517028328376
0 0.43353305639096484 0.08803323653147961 0.26225183340119035 0.17606647306295922
0 0.8637869123734411 0.622363658323043 0.22858980696045977 0.30929619947306963
0 0.9390509341337113 0.3949104392532803 0.09427645030670298 0.19343001825076625
0 0.9190569147119885 0.016390295262674614 0.1488874475576475 0.03278059052534923
0 0.6947156286049807 0.04539967996554441 0.192103613570979 0.09079935993108881
0 0.13404813998310877 0.7921020203571417 0.26809627996621754 0.3725267285164857
0 0.7674616015215704 0.27710970728449225 0.2127505564195655 0.21505645334849738
0 0.5541438004697288 0.8005706452776481 0.35324289452981716 0.3647723791744758
0 0.27363450131732603 0.5288176299509074 0.21892953787606023 0.2489061979521724
0 0.4453360451020047 0.49662285036659704 0.22962236396550367 0.27574030254413795
0 0.04861973395739471 0.0454282038607908 0.08064514746982597 0.0908564077215816
0 0.07669456443455948 0.5541661355953875 0.15338912886911896 0.15609080573230186