0 0.41037913886311767 0.7318226562065202 0.24974896074590022 0.2323307852033375
0 0.20204202044104674 0.5314848422584402 0.2035652888649643 0.19134910103396324
0 0.9410533945131673 0.32795840169562845 0.1178932109736654 0.2675958460235313
0 0.6938121308803434 0.5849339763234963 0.24756312991212134 0.20348463135718367
0 0.256507956600288 0.3580934617556529 0.21627726716153572 0.23277451802886684
0 0.7786244012335597 0.7960879763886536 0.16495746058453 0.15559513345692066
0 0.9028226460461857 0.7622952437151582 0.12063117714899527 0.10754191892088755
0 0.32484535527335806 0.9094379880965907 0.20305469390710526 0.15302757066730438
0 0.8561076090155445 0.5440934218242323 0.15366684009322557 0.16451047759790632
0 0.14978268530743047 0.8773812591881865 0.18189481072976327 0.22119902008516534
0 0.9397302100340242 0.9223847336291371 0.12053957993195151 0.06114509298252157
0 0.4876565850672216 0.17441148627920253 0.3710341838550973 0.2537542668704028
0 0.11404917716328582 0.6766482510715875 0.14102942611437863 0.21881888247220943
0 0.6214084248519968 0.7605773406148051 0.19613573508335863 0.2196352225005979
0 0.9779529629836493 0.7430537417891743 0.0440940740327013 0.16369413756951773
0 0.18546187839339362 0.08378459514741596 0.3468852952483257 0.16756919029483192
0 0.7994444867563115 0.07713589300347262 0.37460267092700433 0.15427178600694524
0 0.29976919185216216 0.9290069232941143 0.1419014873946476 0.103994299467113
0 0.4201818327487873 0.01564983011612052 0.1817098193437284 0.03129966023224104
0 0.7610344245364014 0.8985195998464298 0.21602055027432954 0.13463685000581413
0 0.9587717296539289 0.15241948268786437 0.08245654069214226 0.12324877723877249
0 0.6226155046297233 0.04106634642533527 0.10158256048770763 0.08213269285067054
0 0.11586360581671856 0.30230199603943664 0.20418631089113357 0.29429446136470855
0 0.9579190191572292 0.5318653004879123 0.08416196168554152 0.1657942589927142
0 0.9935614510166331 0.898883717504535 0.012877097966733796 0.09526638050278727
0 0.5838604880544195 0.9341905875303571 0.12806073093060114 0.07925579745425292
0 0.7846297583933454 0.5567071262090868 0.2810348234964859 0.20304089853165422
0 0.9572022133835026 0.8152972802289936 0.0855955732329948 0.166494299467113
0 0.7002728694638329 0.3515627415285448 0.23314005298904442 0.20264458278790498
0 0.7779217178482829 0.19734398047953183 0.1582923798314363 0.16238664763381971
0 0.5277976176295097 0.40144679399322936 0.20240064794690335 0.23914600792112672
0 0.36779839739639775 0.536317364682253 0.15479561826070062 0.147823562615863
0 0.921416330521756 0.6560596931547382 0.157167338956488 0.15062372451345846
0 0.48145966041232124 0.9051451542370982 0.14758407979916216 0.14740353833122363