0 0.4752471053042552 0.525379907280581 0.1679574550359206 0.19088102320528277
0 0.4386377971860164 0.6826479708091544 0.15920546196439267 0.1664646209508378
0 0.08760524427123219 0.43842440855139037 0.17521048854246438 0.15355330689169477
0 0.5693425663174034 0.07325252757058606 0.24112255967288546 0.0988845249272549
0 0.33374625706334843 0.6445899271118098 0.10866381151148624 0.1254834777160763
0 0.17812305319873828 0.38197657081676795 0.12114517866371391 0.13332491737092056
0 0.23740055521481032 0.28498852068269803 0.11045147582133662 0.11599407333935283
0 0.47040344516852595 0.2622268543633998 0.3462396407700835 0.35594963991156386
0 0.5968350341738341 0.9622304578499025 0.12216261566856937 0.07553908430019508
0 0.19877067218956668 0.342056037991342 0.13291719973308383 0.16748268447941136
0 0.005423173020131427 0.7622660804369109 0.010846346040262854 0.1375129301045911
0 0.7643340376380701 0.9765777676295435 0.23375697575034812 0.04684446474091294
0 0.2503873962006962 0.9037286700237686 0.2240161438793769 0.19254265995246284
0 0.36184709699860773 0.356632309604916 0.14626195842916814 0.15141164283445524
0 0.08372458833801778 0.31190753487781436 0.1266622170542638 0.10726055039459632
0 0.20480011389385666 0.5678864854045772 0.11874133250986771 0.1331989371322594
0 0.7177182638924382 0.07258685070978567 0.1270634722151236 0.07613653063325747
0 0.29180071181531503 0.5652102355348403 0.07556526597949877 0.09499958076732731
0 0.9123227791549513 0.9124858922149618 0.073283182269927 0.17154471697442103
0 0.802130529587983 0.09148222610533366 0.29958509467018773 0.11392728142435342
0 0.021381177336229556 0.1767405716173808 0.04276235467245911 0.187615758619377
0 0.7360339723854943 0.5583425225254163 0.3835296967657675 0.3770701127222505
0 0.7772789434364079 0.27227971940808193 0.3147138328648103 0.27523693420936807
0 0.9445791617258703 0.371494527360916 0.09112385754039345 0.33778804230578896
0 0.1758068440667856 0.13583941133450156 0.3166555426356596 0.26815137598649075
0 0.11342720424794647 0.7705228968788589 0.17486090257546116 0.18645127161357394
0 0.04531586034443528 0.5681163422397056 0.09063172068887056 0.1386365306332575
0 0.41851872301729043 0.9443505905781068 0.16712634650878863 0.11129881884378644
0 0.03611971480392886 0.879477409282113 0.07223942960785772 0.11232020317961072
0 0.011288656103585145 0.9615384615384616 0.02257731220717029 0.07692307692307693
0 0.4908937740295859 0.8457792262451137 0.18835970673254437 0.172784076122464
0 0.7472419209472677 0.8350946700047348 0.2922481089530631 0.22374832306930953