0 0.7314204379128794 0.28887483329479524 0.2922537184866191 0.2563455382009089
0 0.7938401959620484 0.7077966874566447 0.3325367826429733 0.28262412925744673
0 0.12270516150618747 0.13581618611707727 0.24541032301237495 0.21394006454184686
0 0.23699917935816364 0.9228776436298181 0.2265108349865364 0.15424471274036394
0 0.5655092546889728 0.8055628698520689 0.22130297478929523 0.2043483884673526
0 0.021631776568062182 0.4226331902513936 0.043263553136124365 0.21065099588740266
0 0.6987197934661068 0.9428939956376328 0.22654669773712208 0.11421200872473437
0 0.2559652361843701 0.4615825138945505 0.17890864411688673 0.24495746543386743
0 0.11586476475884368 0.40736894318380773 0.23172952951768735 0.265144582787905
0 0.8958658841312735 0.2694792258530257 0.14514437089473048 0.17837352214146415
0 0.0673005952663093 0.8976146720487737 0.1346011905326186 0.20477065590245266
0 0.40553222405598355 0.4473564732681178 0.22753202490225444 0.25496916579300144
0 0.2722579552950349 0.8041768863241772 0.164192987556018 0.1770897407466559
0 0.621288960401724 0.834163448744568 0.15789221194188732 0.1886889472312476
0 0.4933358177228798 0.9739873277123158 0.2007225732544305 0.05202534457536846
0 0.9247615738784762 0.5572751650762702 0.08745206320242278 0.1750133278643497
0 0.013383955632065984 0.23181929148082903 0.026767911264131968 0.21844627526935037
0 0.6447687104895543 0.5083722908509742 0.20593327226822483 0.22259910103396324
0 0.1180567224637158 0.7114554816453462 0.2361134449274316 0.3257770604726878
0 0.3627778464694416 0.1672039510614962 0.3080981532149629 0.30752634790607697
0 0.579271709542768 0.06633388203782688 0.13953350399138714 0.07274429946711315
0 0.8278324203622082 0.11582049718353185 0.17606592850635286 0.1442759431620886
0 0.8487973762955792 0.8978794692423969 0.18910634919130176 0.20424106151520613
0 0.4215323635288565 0.8575385541951962 0.19518910948536516 0.2387259836364875
0 0.4141787934732519 0.6518815542169154 0.21074096457591715 0.22287911722372272
0 0.6764259754204862 0.13838999530098622 0.14405145547784096 0.16395044521838725
0 0.2613882728851253 0.676784894440776 0.15057024641203876 0.12364509298252156