0 0.23555273990460318 0.8137195163597332 0.33367470755702594 0.3573314905004915
0 0.5439397174691916 0.07630180368042264 0.2294282573693092 0.15260360736084527
0 0.17724829024904215 0.3793880190292794 0.3544965804980843 0.37103165424913354
0 0.4898150106675184 0.8896516267779732 0.3085733732646399 0.17295824982877242
0 0.5156777352506615 0.7809154933034375 0.25837230739016664 0.2175052136489317
0 0.05846447773028179 0.8957859122199446 0.10933384585170504 0.20708342917658157
0 0.8529985648316022 0.8294137695580932 0.2727254584741695 0.20649454266734787
0 0.1279834292630108 0.09797816240630335 0.1739160331458109 0.15633348668253064
0 0.7800814371323151 0.352737554597085 0.2247464315719501 0.21995959978544827
0 0.34794933750774865 0.09834785566848586 0.3425628634460412 0.19669571133697172
0 0.7462519750256346 0.5917856602731364 0.22270619978128864 0.282291506487507
0 0.82228939785792 0.12782519933157882 0.29714151954363044 0.25565039866315764
0 0.9338996206428394 0.3467872758365449 0.12901214045254777 0.28535125248318766
0 0.4583576372157448 0.30795436421350425 0.27306110250172466 0.26418685035965545
0 0.06638427055434103 0.6418439563932932 0.13276854110868205 0.2546055323770109
0 0.8146031650458281 0.027645350702110605 0.25540905452372853 0.05529070140422121
0 0.6550045187093337 0.37469955993617765 0.3524859217533512 0.2865608522686358
0 0.4326409555395076 0.598096835654454 0.32591774755071046 0.26307721060666805
0 0.9142904505259212 0.6196825909557189 0.16481809973957368 0.24460342118307374