0 0.8220256851165637 0.6147172440114422 0.35594862976687264 0.25641977147600303
0 0.22030799838146528 0.6964562025486541 0.376687130448364 0.4075683641334609
0 0.4268026123463105 0.1634141196332172 0.2570215251725026 0.2638113136846677
0 0.2054283122923599 0.40793172515107645 0.2141858325808562 0.15741269355504445
0 0.10349776135105289 0.3194658660095589 0.13541421012579183 0.12722384240672005
0 0.8310191405997128 0.9132137599952935 0.20783768566317426 0.13329031343519715
0 0.3013866179402018 0.9477271478537939 0.236931049209189 0.10018193806035815
0 0.5237981813186825 0.45652159653185403 0.209901157878298 0.20295989260604286
0 0.10285298130164461 0.19674383429132655 0.07387076590851027 0.0661206655839382
0 0.7214564098588757 0.27378459978003933 0.3946855359911417 0.3886732692282344
0 0.5188272315217107 0.9234761600930539 0.21551136050770972 0.14062772976881413
0 0.33573366866854326 0.9579570254764019 0.14419848621404455 0.07695286962941485
0 0.17769460209557952 0.256804112138965 0.1029318464378002 0.10744760239694398
0 0.15053005148082135 0.9407342189067112 0.14922110520487294 0.11786021353549249
0 0.9810270547604856 0.4795056162653664 0.037945890479028924 0.15257520854101422
0 0.25633200540931955 0.057097429446023557 0.23785532197518278 0.11419485889204711
0 0.9346312538546727 0.33122242195937585 0.13073749229065448 0.16357524974926216
0 0.10932657547491297 0.10999557629940085 0.14875896882187606 0.11064867507395396
0 0.7077463638299688 0.0669124325694736 0.22318503535224513 0.1338248651389472
0 0.4665481836896971 0.6897515290987928 0.21788292364483106 0.21510500124735216
0 0.8870639704830056 0.06888178946322245 0.20682024865831886 0.1377635789264449
0 0.678745724380273 0.8653344667874799 0.1355682555867907 0.1296276885605662
0 0.5775692592355987 0.8261894130905014 0.11510512266802991 0.11006124500425439
0 0.9324538698781848 0.8220056506055731 0.13509226024363047 0.19284099650234438
0 0.3330793681460668 0.3720120772998174 0.22725109856035502 0.24888472527327685