0 0.7087561254810277 0.1420443126955115 0.22039686634667102 0.17935460030470046
0 0.9301110116326754 0.7598905267898132 0.1397779767346492 0.21769627347222206
0 0.6276636628092831 0.2806871751618934 0.22476729209314067 0.24185460030470046
0 0.4673447970595158 0.5163262109769935 0.2676497962838187 0.27427601203532714
0 0.5201195358373856 0.7072963142178055 0.22683495165110437 0.2372572172843301
0 0.12081246100208214 0.5660447465381765 0.17808565538241686 0.2234356469225068
0 0.7131336679695826 0.5975584481990015 0.3012531024549946 0.3106638789243584
0 0.8779141228568749 0.8186354709643147 0.17008419041384298 0.17734195142478598
0 0.4150979282674849 0.8283162384546289 0.224094918901376 0.232239215689316
0 0.25961426468250476 0.3643603101575494 0.20726799582445293 0.23076705067806225
0 0.39156542652216647 0.32095432335277707 0.22029578638133052 0.24624167403774885
0 0.30233523235088716 0.9431783507576922 0.22268315918524656 0.11364329848461562
0 0.5240466982134266 0.09721465301289073 0.20674724258069935 0.12082105546310504
0 0.05380800859041178 0.35949486529401703 0.07366117099671513 0.23341280751111101
0 0.952795930146203 0.9278497438559821 0.09440813970759401 0.14430051228803584
0 0.3359314217799778 0.6015891961867516 0.23298739034232582 0.2569086050897433
0 0.3627198326424525 0.14760715834152352 0.19027297944958874 0.2268910395129626
0 0.635806271185143 0.8583768459368936 0.21313478790246249 0.21216720930925867
0 0.7829198964722467 0.895139019358332 0.17679144898155824 0.1707613408252133
0 0.9658413139858906 0.49935817168219193 0.06831737202821896 0.18106867599515653
0 0.7573010219532745 0.9503345867834395 0.17734626885805171 0.09933082643312091
0 0.16760453428599142 0.2272969474372504 0.32814915005845535 0.35363235641296237
0 0.8523815348526331 0.2143384052063374 0.21414334769010915 0.2265902862323358
0 0.4593669221829574 0.9446347150730054 0.19708131798264444 0.11073056985398903
0 0.6251482601493715 0.9507936170523501 0.19244171897289317 0.09841276589529986
0 0.2157385541212301 0.7618971853840453 0.3025978488385236 0.32989464815512765
0 0.8504484619263101 0.468199705721081 0.29910307614737985 0.3646000407455834