0 0.8517710754844979 0.2492080648445357 0.2758145778509406 0.31326216639228566
0 0.8986942222167001 0.44612647694845314 0.1992551152910484 0.3735239334508613
0 0.3120143062897918 0.900623058347394 0.19079889689399315 0.15937179142029506
0 0.09910151114217053 0.7674950115720729 0.19820302228434106 0.2678945922404695
0 0.7148123739049854 0.8624650001023184 0.3979911766626506 0.24471396552729574
0 0.6801190368143851 0.42244337495255163 0.22727614423612946 0.23253634772697235
0 0.9068925163643312 0.06974969192298135 0.1855996198874864 0.09192420955376376
0 0.21630958821631802 0.4131061789189785 0.22492823875354237 0.2420817875629375
0 0.1838778415359677 0.617140461051432 0.26808558818025474 0.22411002436171948
0 0.473085983765299 0.8935329119724407 0.18617301176789305 0.1904819018614562
0 0.3684573455281235 0.4940012238873781 0.18871670959988734 0.21459030817933702
0 0.06234536179888782 0.5546368479607676 0.12469072359777564 0.18399553484769543
0 0.8977843849535889 0.8090722737895126 0.11408559748813801 0.1931912507865632
0 0.5149443152955341 0.7216707737992322 0.22235657058591857 0.21316568893736396
0 0.34292946361738613 0.7507102870661886 0.2126013342923861 0.18884744828122443
0 0.13706038491752573 0.19549740595260895 0.212881037648682 0.23692437135814765
0 0.6096678871689613 0.14967519073456612 0.3191257641236159 0.29935038146913223
0 0.5459581701529814 0.34823528260004416 0.27786879480941695 0.2532359573255513
0 0.8671287545857178 0.7078180943835048 0.1667324650199022 0.15386465131840765
0 0.34108662688643065 0.24123479200964298 0.2541100366272513 0.3006134326082792
0 0.40334268780482113 0.08276144344980804 0.2894684705442038 0.16552288689961608