0 0.5677960390970429 0.4125783954856843 0.33758398491695185 0.31289768061623957
0 0.7187689948458533 0.6362230278209408 0.2129731712924279 0.2523519157697652
0 0.5207493721927681 0.14083087488146412 0.23891181404014306 0.23854429038974378
0 0.05411702192382312 0.7106452691721155 0.10823404384764625 0.18571361526730795
0 0.8602220497025421 0.16797858896153917 0.22638891832631977 0.22384146276527797
0 0.1654685391622876 0.44147245995972234 0.3309370783245752 0.2867910737655986
0 0.04930550007732035 0.8909057556404381 0.0986110001546407 0.1327730497424146
0 0.8158614939372946 0.5771349814388361 0.13476039759618558 0.14484823065192318
0 0.8139269997269457 0.35695925780080195 0.23094477816171596 0.21674182458429506
0 0.8530600404985412 0.7175371858167743 0.18110502777871892 0.1651420525479702
0 0.9252250562702629 0.511115147296582 0.12100887393256507 0.16374329904102572
0 0.9361072623247496 0.2683826358983982 0.11955894792215624 0.2597852449143163
0 0.890197569185819 0.6185608723960478 0.10747864832955674 0.12019431757040604
0 0.6832607181508803 0.8851799107134083 0.30655528297756374 0.22964017857318345
0 0.7328906590896966 0.47295731485037457 0.16891790869462397 0.160054609538889
0 0.4651784418715265 0.967719947100107 0.14442919195731777 0.06456010579978592
0 0.31092793634285376 0.19007772620897465 0.26382025156460986 0.3327978416522438
0 0.8778998010714181 0.5918108389322123 0.16511754627611672 0.18878886310448736
0 0.9612560946544809 0.09935908317446662 0.0741300443937547 0.05937081190064109
0 0.8022359374592222 0.175049247133334 0.34867982995442975 0.2867351236253208
0 0.9472832219808491 0.39615015796404995 0.08377596342082355 0.12925020078301286
0 0.30966872303197285 0.605048913518964 0.2893925832709123 0.23971924333557715
0 0.22158490270923892 0.819520737665812 0.30907360770052633 0.321841663548291
0 0.10812344576673996 0.21061829904102575 0.18873628702741788 0.17732913373803433
0 0.1858897938029482 0.08492093216565187 0.30129733547102666 0.16793955956185924
0 0.8214131950454443 0.8659601958121802 0.25109893312423803 0.24363173339882493
0 0.4878280462229479 0.7391088164877675 0.32825096718554786 0.3895410068379276