0 0.7798033358651713 0.35096153846153844 0.19398820639412406 0.17548076923076922
0 0.4947907705431097 0.9122596153846154 0.12315766512703 0.12740384615384615
0 0.5420173871863251 0.3076923076923077 0.18521207388290614 0.21153846153846154
0 0.07718490194481882 0.5276442307692307 0.13512295563408136 0.2283653846153846
0 0.40024641424967977 0.31009615384615385 0.16033436024027792 0.17548076923076922
0 0.1466776645404921 0.7764423076923077 0.19186411094166683 0.1875
0 0.15429576484647445 0.12259615384615384 0.20075214373344033 0.15625
0 0.8818009568608978 0.44711538461538464 0.21316302548461563 0.17307692307692307
0 0.9305597518695515 0.6682692307692307 0.1388804962608969 0.15384615384615385
0 0.6834236792721156 0.23798076923076922 0.20639908814529934 0.19230769230769232
0 0.526667113192468 0.06129807692307692 0.1687188417695513 0.12259615384615384
0 0.4921061687488255 0.8485576923076923 0.18795162087841902 0.22596153846153846
0 0.594990952476603 0.5697115384615384 0.2877961664125002 0.28125
0 0.9844649548447119 0.6875 0.03107009031057637 0.1201923076923077
0 0.6279244813801823 0.9002403846153846 0.14266818505918813 0.13942307692307693
0 0.4269714874605239 0.47716346153846156 0.19728725479241474 0.21394230769230768
0 0.694182022006998 0.08052884615384616 0.2152871209370728 0.16105769230769232
0 0.23343389700576964 0.47596153846153844 0.29305145984241476 0.3004807692307692
0 0.9508670588311434 0.3161057692307692 0.09565431464754298 0.18509615384615385
0 0.8485127964969555 0.5661057692307693 0.16687449701848323 0.1466346153846154
0 0.3137190070407593 0.8786057692307693 0.28930481032190186 0.24278846153846154
0 0.16674969575352644 0.9158653846153846 0.17458958674252154 0.16826923076923078
0 0.24741339256282108 0.6634615384615384 0.2673344940956198 0.2283653846153846
0 0.40774373304690226 0.6322115384615384 0.15289902121762836 0.1658653846153846
0 0.8713423003851498 0.20432692307692307 0.20170329611816237 0.1971153846153846
0 0.8763428033666667 0.057692307692307696 0.11807022211794879 0.11538461538461539
0 0.17570959448712634 0.26802884615384615 0.3182628644486113 0.24759615384615385
0 0.05045982873397466 0.3605769230769231 0.08782732464294885 0.15865384615384615
0 0.8304609999682165 0.8233173076923077 0.253918519697543 0.27163461538461536