0 0.7939223307788656 0.7957933612736501 0.3917082498287724 0.32277648832913286
0 0.6374196308655139 0.9436891532606756 0.1919374390790699 0.1126216934786488
0 0.5039249225102814 0.09364177186205576 0.22900369117440902 0.15554799485183018
0 0.8291977732880476 0.9563899384608654 0.26991961577246404 0.08722012307826923
0 0.5015457863813305 0.24815112804810321 0.2210186995557654 0.21275055641956564
0 0.192978945566577 0.360221830359396 0.20094746383529044 0.19994773185101933
0 0.5297942570768455 0.5321477964891499 0.22789405142142163 0.20823671178661676
0 0.8600204233011096 0.5755659426130492 0.27447460816680463 0.29163261784093153
0 0.27328747854049196 0.9088109417953988 0.2777529874430966 0.16712236396550395
0 0.27270139186345765 0.2148564647552263 0.2577487650552222 0.223835179408667
0 0.4870452195849283 0.8120530397182973 0.21503435416248515 0.1957277348928136
0 0.06783612225997103 0.3359466760455327 0.08662194822099217 0.17611334904927092
0 0.9755237119338757 0.6003798176639419 0.04895257613224867 0.1884264274932452
0 0.4656545074722596 0.7632414974545159 0.29459638386994985 0.27087954548054627
0 0.35600433739977244 0.08641597145289409 0.18316252095339094 0.15128311342460954
0 0.1325701952165563 0.8503432205906599 0.16025017251784698 0.20068644118131992
0 0.13664785760772852 0.48017335513285975 0.18926441966194194 0.20426567803413936
0 0.8039508318970179 0.4078884973367472 0.2200101397681187 0.1983274794964886
0 0.8699819110866613 0.11814543866443653 0.19869523762945546 0.09918209183930972
0 0.1963232182425896 0.6479977242465333 0.18775157998047176 0.1826310626495239
0 0.8411016906077673 0.2535974818350361 0.16265401867169324 0.20078439040623428
0 0.18678532350053023 0.08311632032719471 0.2629937239241374 0.16172697630832478