0 0.10770178999841883 0.6302334385708941 0.20966106569131837 0.191078600250289
0 0.2729590285471059 0.34929031090767027 0.1917567011403363 0.1645383963832778
0 0.8355774284892311 0.6380151634922415 0.2782869823919136 0.2828023536274425
0 0.68404734337619 0.43461825407500254 0.2648515780048655 0.18899641295618336
0 0.201886479849795 0.8844327760786429 0.14500618274320048 0.1378303705024892
0 0.6089302454532916 0.6561566923437556 0.18174951962529384 0.1548670710966341
0 0.20007232056273222 0.5455813719771313 0.13912104896144925 0.11136009247455164
0 0.07048600976974576 0.8395568537210093 0.1409720195394915 0.16428666336261152
0 0.08700576542852625 0.09924915675937532 0.1740115308570525 0.1284247634043263
0 0.1389008238686649 0.9556958668124742 0.16698771055845862 0.08748945294986754
0 0.2747936385513795 0.9825429430162617 0.14550410915465706 0.03208911006888771
0 0.66420444504413 0.8036366090260167 0.22834902404161606 0.23684957334806958
0 0.8528880160299877 0.8914601032931407 0.20750618274320068 0.13819398486567364
0 0.9335392451605524 0.5341043573320798 0.09511310886191801 0.1519597589014552
0 0.6427514661617203 0.946756358770659 0.09178283521482686 0.07022898967068596
0 0.9087069109097455 0.055160992317829526 0.08643233202666287 0.11032198463565905
0 0.7355444161470833 0.940208314425174 0.12764462907269009 0.06563107488021558
0 0.5412163871894695 0.10824220140700148 0.3214133794672148 0.21648440281400297
0 0.9111312077808026 0.34677917192976493 0.15922518092956423 0.25086708040451733
0 0.3427563529120811 0.8776050283768618 0.22275773793460807 0.21759083378167077
0 0.13072394799675638 0.38257435146957375 0.26144789599351276 0.2683093508652915
0 0.8195279104420361 0.17667948688709462 0.224867736413711 0.21039328048794703
0 0.34310934700346274 0.6625097456949829 0.25842363334264257 0.20818522668350808
0 0.27503022421793255 0.15100796613489958 0.32185006083588763 0.2902656251096472
0 0.1998172756962651 0.7582728085051641 0.16933849195640535 0.14518176064217522
0 0.48274877309357933 0.9512921416611122 0.18160668593136448 0.09238105626444884
0 0.4428566919577515 0.4852886244264209 0.24498004866871007 0.2321397772150809
0 0.39969967236105847 0.3353349357512396 0.1223920751094406 0.1136660424536943
0 0.5647773730336854 0.2947204828013719 0.189744651886148 0.17413979583084757
0 0.7879208262072124 0.33307633114915 0.13691310125743208 0.11615379961442927