0 0.42100323034989057 0.7993208691819619 0.17038022996861785 0.18350887393256507
0 0.928800462720347 0.4619354088903579 0.12358355251687478 0.1146901867910952
0 0.34039951205380414 0.5661592299259167 0.20808588699818936 0.17042890352840154
0 0.48385574661642916 0.07568306225564794 0.22732687784824288 0.12551132402221343
0 0.3221493702804882 0.42395455814054916 0.1708943725425467 0.147535125782305
0 0.7421330062969453 0.12789234579139588 0.18214750026052628 0.17912090241203327
0 0.09781880370827715 0.19537165405396345 0.149123555299986 0.18996491497721482
0 0.5326356530265073 0.8919986918799974 0.1641765334163687 0.2024878106910382
0 0.7587180609170646 0.925087855215282 0.14875583620328678 0.13716424375003172
0 0.2941237483892574 0.7133089479221563 0.18783705423884675 0.1961157138038206
0 0.09007945064750913 0.5742139885511868 0.1282550429666217 0.15804336171775818
0 0.8666154133169999 0.46576247618173905 0.22250896392126626 0.17093256847299407
0 0.6082342770400164 0.5947078006316474 0.2732212503907896 0.26868135361804985
0 0.7887508054112153 0.9806280982766401 0.11866010158980564 0.03874380344671981
0 0.9356094014188872 0.5966767097418907 0.12878119716222558 0.13193683065517872
0 0.49067056152704125 0.4346383414684875 0.20871578819149514 0.18244813429763232
0 0.12515140468810607 0.7398008358214013 0.18328132240847678 0.2007555177966487
0 0.45895752704953335 0.24157515174390642 0.29257799986022 0.2717567530313527
0 0.4133098745759014 0.966882267971836 0.1864717148521423 0.06623546405632816
0 0.6442357504416457 0.8467071932041753 0.14027427373585244 0.1584630825049185
0 0.8757456598126828 0.28167365222477025 0.24850868037463442 0.2709173114570319
0 0.8996683627317673 0.12995280718729244 0.2006632745364653 0.15608977076275674
0 0.6459536060948887 0.2385074114082245 0.21958075357420728 0.25241150523146705
0 0.6400971854007704 0.4014652849251705 0.16102702744983988 0.14239165684488433
0 0.2921199465935886 0.9039949963657652 0.19226680583055555 0.1890720636571463
0 0.1265014116458842 0.9258051081934658 0.16128920954644627 0.10161021638693167
0 0.24464238945088426 0.2040980168880899 0.23664941550916843 0.30339593940682885
0 0.31375469157696945 0.05774576838745512 0.1563555370000928 0.09903848191822141
0 0.8809670037044705 0.8062424835806982 0.238065992591059 0.23477567499190746