0 0.2234582922416714 0.4497997354806761 0.15856923953843569 0.17152617215977956
0 0.5169450363586339 0.13888005944374812 0.20681425591329988 0.1742097216699216
0 0.5512559022871941 0.5767576589747476 0.2030151233932544 0.18860482825736893
0 0.3839188613651648 0.33890894748306954 0.26630504990028964 0.23462753437581577
0 0.07889461480284259 0.43202182099234687 0.15778922960568517 0.18614504143226349
0 0.008003144867893544 0.9699729008286453 0.016006289735787087 0.06005419834270935
0 0.46028056163610265 0.8804386275696571 0.17198375667386578 0.15718700624359136
0 0.7624916838960737 0.5479262916515579 0.21626154723074337 0.1718618161873347
0 0.6097897964020873 0.9072853030958696 0.2342651233932544 0.18542939380826068
0 0.858394510035888 0.895981319273067 0.16455358493171593 0.1883810655723322
0 0.20728558910726294 0.02765901729219499 0.15703992650703535 0.0465681276632239
0 0.08614517818426362 0.5391817746040004 0.11232486938893488 0.09436534738385113
0 0.8823483649589391 0.7253781681890642 0.14169177647884232 0.20506813697110715
0 0.28458939579968706 0.7964500550919476 0.15292108074103766 0.1594789710549192
0 0.7924128508960349 0.2919866021060166 0.2766433476901092 0.21065899867642823
0 0.05317905863923232 0.2551503289191548 0.10635811727846464 0.18337758091523268
0 0.1803670713446666 0.9102683316813057 0.2169339204225079 0.17946333663738848
0 0.026703804247064304 0.6493181648947576 0.05340760849412861 0.14476220560773145
0 0.394677952366277 0.5289526453150637 0.20133419041384298 0.1645663667189074
0 0.2706101422134784 0.2913556668440519 0.12378928028167188 0.12086359574741798
0 0.07066132159154984 0.06411448552745957 0.14132264318309967 0.11380589413184222
0 0.19072951919294137 0.6083277151241892 0.1920549923943407 0.16931811835534055
0 0.552237512184186 0.029665888873618283 0.1503326679393203 0.05373771062131797
0 0.7097905152264498 0.09791758000880936 0.22464973877786976 0.1887306947677021
0 0.9062923033077053 0.09064390964725375 0.1729923164615126 0.17161008316666831
0 0.7175168101225364 0.7268240303475968 0.21414334769010915 0.21029538431324332
0 0.027653867360295643 0.8416748052898015 0.055307734720591285 0.17127443913911314
0 0.2914037311419481 0.13155583828454187 0.24147666185479283 0.18882859094240564
0 0.4197172969838601 0.7383180159686232 0.22352362567495213 0.1382639107047477