0 0.52597453941311 0.5237092576684158 0.22699102145345024 0.22483519580949746
0 0.7903718485178545 0.8856923025150579 0.31809179581341923 0.22861539496988406
0 0.769941536603157 0.19267071005051262 0.20874137343525453 0.236294868343372
0 0.603364591151053 0.2525735044758639 0.20756402798016646 0.22187179142029506
0 0.48834566460272 0.9067010279755622 0.2875287790283036 0.18659794404887556
0 0.7094519424415592 0.47988610430929135 0.14143407785972784 0.11682773209884226
0 0.9401602250714097 0.8110151167336658 0.11967954985718056 0.17748344418035236
0 0.18107038301727674 0.896176361227724 0.22753093566949006 0.14331426091698665
0 0.15345192006637842 0.528457844468682 0.2421498401029158 0.2636464581681333
0 0.48962389930422595 0.10777392827361164 0.28213241399306727 0.19526387051556554
0 0.5911721268324794 0.705466559574687 0.23778375152392306 0.2395380518502523
0 0.8752184214713549 0.7185277358538814 0.18141625501771366 0.16595382686705798
0 0.19863364291883706 0.7587945447346043 0.29405333427495783 0.25316601254613175
0 0.1294634072359186 0.2639648227661856 0.2060429925515534 0.29137349554357506
0 0.8871651095715779 0.40951572608873 0.21139059907528526 0.2099924502099033
0 0.9938916773958787 0.45638711299806545 0.0122166452082427 0.15503521509628562
0 0.40938780258548857 0.5790712770769614 0.1706722834587454 0.23998344418035222
0 0.23273127482829456 0.08950750157312617 0.2635394727335122 0.1731396416750136
0 0.25573886481226393 0.2832269512960001 0.2305230578187144 0.2681044265787281
0 0.7805612314903697 0.6018620038767966 0.3034233394041577 0.279818154576698
0 0.39484144082107064 0.7681008134880636 0.19579017669712043 0.1951497046103094
0 0.8360715859066369 0.6575572722649837 0.32785682818672623 0.2999582059399209
0 0.07525398066520483 0.3343315878960825 0.10856473194377467 0.24297257222313723
0 0.9897705715709046 0.5907227184957721 0.020458856858190606 0.1555947733316416
0 0.9019082906767593 0.18484816604645243 0.19618341864648142 0.24138233976874235
0 0.671236973662703 0.0998685776633405 0.19426953800067318 0.1471427263128058
0 0.4493220146963016 0.30444753364956084 0.25892760793616887 0.2929122806908042
0 0.3187518210134738 0.9229647797264648 0.1396189044334258 0.12396932578096116