0 0.5260726515343673 0.5051810942932199 0.20898675292143926 0.20656462566713157
0 0.824737057142337 0.8626252337438509 0.29743830164137736 0.2604282359349632
0 0.739329364574371 0.1405771486192353 0.1907371049032434 0.21836008617734157
0 0.5799393799619705 0.22183409018021333 0.18955975944815534 0.20393700925426467
0 0.5262920648361368 0.9057990912207021 0.2741359785614701 0.18090551388139695
0 0.7045707156344446 0.4369355219605636 0.13343764242813067 0.10481989129902029
0 0.9544607114344357 0.7380571044900758 0.09107857713112875 0.16745974771090827
0 0.21155986530297025 0.9263042379302806 0.23577275058727193 0.12282160823580258
0 0.15399143755025232 0.5600393692160845 0.23336850770125997 0.24047021336237642
0 0.4519718354345812 0.08709620305538561 0.2693282862537778 0.17419240611077122
0 0.6076066014243732 0.6786767445404929 0.2197794829919119 0.22109958771971897
0 0.8885868426824362 0.6573612727072778 0.16841590303590964 0.15085659489300593
0 0.22411920865432355 0.7853995251065045 0.28026808532309505 0.22660656208685134
0 0.11187596644468902 0.2946521251162943 0.18362348019687932 0.2783163836116074
0 0.8738949988478368 0.34473540193657876 0.1959864009396351 0.19440553848601283
0 0.9910218482575809 0.3744329957646215 0.017956303484838215 0.15194579077510462
0 0.4162804270614201 0.5750333312319603 0.1532566876542782 0.22993177642853063
0 0.1973603673694036 0.09092658461048973 0.250489965508038 0.18185316922097947
0 0.2384703380066414 0.29799132509916215 0.2103111673753718 0.252209731307831
0 0.7848048286923531 0.5502930614381165 0.28242655199075656 0.2530488697791593
0 0.4187572126164398 0.7674948655927296 0.18259360047280174 0.1774387589972018
0 0.8463002208714006 0.6000745486094456 0.3073995582571989 0.2726152943984597
0 0.06536863894180038 0.37339249332860164 0.08913773847049077 0.23879193641971982
0 0.9918315212155574 0.24455537525098517 0.01633695756888515 0.1469982420555243
0 0.9930084699384796 0.5114941834574187 0.013983060123040812 0.15202970462223744
0 0.8888098265736979 0.11226076500762792 0.22238034685260424 0.21894748310727136
0 0.6328981249442568 0.0629659927838828 0.18607687832656142 0.1259319855677656
0 0.43188184126999946 0.2945377137908417 0.2383232690077969 0.2717481846447539
0 0.35767934245946387 0.9330254368848969 0.12921862284798252 0.11197548719580325