0 0.49713304059796665 0.4869704348039192 0.19813630186586467 0.17777441438573297
0 0.6519293845003773 0.5284355178597943 0.174041899656144 0.1678793169465724
0 0.3867013590728001 0.8764502963570654 0.162176505732876 0.19418176822699215
0 0.05333133939953945 0.3803802615311192 0.1066626787990789 0.2440471692454539
0 0.6068638610220947 0.6311164481222415 0.1304649951949878 0.11449121847916015
0 0.3367939817224376 0.7784800009793027 0.14015030564944636 0.12662233437790113
0 0.2434075960856223 0.7170708809920294 0.12086359574741791 0.11678317950349555
0 0.23394684967134988 0.48402367483965175 0.3722760976967124 0.36248065440922844
0 0.9484555566601569 0.3783604347427332 0.09928492103406174 0.126146822577482
0 0.2972563866943092 0.757306911753918 0.17387407764236643 0.13903316310041858
0 0.7034286669161784 0.9725177024678366 0.13964683960811378 0.04008387283943959
0 0.9662474563163008 0.21229925115070533 0.06627439259969628 0.23633214770111846
0 0.8671357471696252 0.7218315639842712 0.2176887299563744 0.23328664618321546
0 0.3222388470602695 0.5947675835455265 0.15953491172617837 0.15328841232922977
0 0.2605413914993215 0.8707072502203512 0.11373596829276823 0.13112234257943975
0 0.5231969474041255 0.7582833804411921 0.14013632048163155 0.12421848822405497
0 0.05873959256811859 0.23247379486363673 0.08248596829276823 0.13075871590853097
0 0.5261112521832116 0.6705150245434298 0.09901920284558066 0.08047374565440507
0 0.9082272985354949 0.0627441629535721 0.17353843361481142 0.08134085540811081
0 0.0832605423961906 0.1501284994858742 0.13155583828454187 0.3002569989717484
0 0.12193564553826072 0.938421368187833 0.19029543085266043 0.06951742361552331
0 0.5443095230611342 0.22802551890028314 0.39413447576636457 0.40119393441216533
0 0.26216527367613673 0.17842752919503663 0.290349536116536 0.32787578465454364
0 0.3687875996820701 0.033694961012098526 0.33934787755893675 0.06738992202419705
0 0.116005352642075 0.7738697917788819 0.23201070528415 0.3272604164422362
0 0.7197389401391034 0.8545474275939207 0.1957604260476481 0.18255413541104779
0 0.5137695611990912 0.9326601260833599 0.14494401278932387 0.12427443078881048
0 0.9233891852873076 0.5553228398742015 0.1476275622994659 0.17237932514811105
0 0.8225798809614331 0.9434888932209143 0.11833388308323861 0.09512059283650295
0 0.9041568133462398 0.9689801773123834 0.08437236323746716 0.0418443794986009
0 0.81685856422732 0.4808464080938513 0.18142126013146018 0.19680938463985898
0 0.8219537538303651 0.22479483578566947 0.23971493003980407 0.3008460800323062