0 0.3979658395074506 0.5743758579486598 0.2823429356708137 0.22014783779833677
0 0.6977725002605264 0.21318924225997657 0.17569184323095483 0.19716055854670395
0 0.941888865114572 0.5182654485056576 0.11622226977085585 0.23380199177480557
0 0.5796895313639803 0.10925309256985824 0.1641867550356529 0.16054283385949264
0 0.9208304874220207 0.9504899955724753 0.15833902515595874 0.09902000885504947
0 0.2686434149182257 0.09592973659062062 0.20922993076542398 0.15118375689297742
0 0.10062435462392619 0.6625040687630398 0.13912000834933375 0.23097812133632006
0 0.24222832167775393 0.25495731152255624 0.19124874230198222 0.21963522250059794
0 0.3064800333973349 0.8964708987488456 0.37647087638679716 0.2070582025023089
0 0.7225396287791189 0.06844473615623804 0.16142541140439176 0.06212514964668006
0 0.09731999356327461 0.16503606874132065 0.19136450092135918 0.2675721374826413
0 0.9722212277764494 0.7683936023300924 0.05555754444710131 0.15662260720285914
0 0.8878934262253958 0.29403142426445655 0.22421314754920837 0.29399073663405884
0 0.05910185436339981 0.48753703640523977 0.07486650662736172 0.14815099588740266
0 0.18677465382712008 0.7058658905453701 0.15848697943804824 0.18896896342100705
0 0.6771524979984679 0.4827937402688353 0.30797825383473365 0.434930194059923
0 0.09024631736330702 0.39588715782843636 0.144567823469616 0.19774429946711314
0 0.6449916318736127 0.8540868904802127 0.3434264881876885 0.2918262190395747
0 0.8655582533136807 0.12230828662978138 0.23592419893505387 0.1575315382443472
0 0.382740883865628 0.7640115421831913 0.27183546776551676 0.24829395117009165
0 0.3859296159056681 0.36757508467045064 0.29750145078728923 0.3264771009470866