0 0.40650515197531595 0.5100923956365029 0.278625714535672 0.35779154962522186
0 0.9334024931273617 0.36961245956670336 0.11693544240947773 0.27773200446547336
0 0.646720401288052 0.5521826296122737 0.349075962327511 0.3194444897327996
0 0.19679102152809816 0.6351686807163142 0.2633741593442644 0.2780449057611382
0 0.747955336707123 0.25360587112956856 0.3348936683232778 0.38376072678462125
0 0.591540060778686 0.34082349405570805 0.15878849956089142 0.18557694345668302
0 0.4895644245120178 0.9118475536750759 0.28177645030670295 0.17630489264984833
0 0.5240466418253459 0.13625617617352043 0.22834902404161597 0.24321584140324287
0 0.8610096214110026 0.6102183730119306 0.21981108090029047 0.2693223724658222
0 0.8985304704316727 0.841422591774164 0.09506004410601868 0.21215660505217052
0 0.49573522568162814 0.771989539708396 0.2763279978936245 0.24249087839803843
0 0.3775365080435946 0.1576198623411869 0.13117080116961033 0.15580740387877615
0 0.14807134682849232 0.9151175462761167 0.16355130739956858 0.12573262208282515
0 0.11845984416523948 0.39494812410775243 0.23691968833047897 0.2658577866770433
0 0.7968914676826174 0.9563530714717245 0.2041228443402097 0.0872938570565509
0 0.2316365118458376 0.13447042258398353 0.3492269763083248 0.26423997235177027
0 0.6431472460959713 0.3149420905925511 0.2576849240123419 0.25624240206165866
0 0.17727657642676664 0.43468409213661435 0.28834722866285534 0.24291059918519886
0 0.38006693442645034 0.5681471848314128 0.1941074825382831 0.22761754627611672
0 0.04788312325323965 0.8640033663257964 0.0957662465064793 0.1751221172669774
0 0.0475117235163683 0.7380113036424536 0.0950234470327366 0.12148200446547336
0 0.16233931962731327 0.8012706305981527 0.22330054881507966 0.17822805109196446
0 0.31052686066293667 0.9127117853528653 0.16820798572644705 0.17457642929426925
0 0.04735866446383338 0.610187736701447 0.09471732892766677 0.20595239647981708
0 0.43955494220590674 0.28977799105697766 0.18184746885020842 0.16237792349254235
0 0.18687969061182474 0.25808534398635413 0.17100362877995098 0.19080435655153563
0 0.7458331749065426 0.7783158859274868 0.32268671939110266 0.260912740466171
0 0.9135942003512869 0.17633940944854207 0.16908952875067704 0.20273964316333437