0 0.8717513150040546 0.41329363404037606 0.2564973699918909 0.329753091631883
0 0.9251358483174232 0.796261100704203 0.1497283033651535 0.22068802495953685
0 0.07462934331562295 0.5302648460118692 0.08952182275491004 0.13760312959650195
0 0.17024446873243965 0.5108818737257571 0.2563585193325549 0.289751098560355
0 0.4727985322601809 0.30591385541073796 0.15712336273734573 0.1491279409660111
0 0.34012577156931667 0.5988104292245213 0.2401723563610178 0.2455575950251305
0 0.941707726527879 0.11028519373455886 0.09834543328409467 0.22057038746911772
0 0.7369440149734344 0.7553454491580752 0.3019785314997323 0.350216224550644
0 0.6841716107613566 0.9093599475679343 0.1814107874815354 0.09793782565238428
0 0.32641697022473604 0.2032236914558302 0.22629209031841258 0.19911429079705883
0 0.6583007449536158 0.4518893916432388 0.08476719520311704 0.07975677644319526
0 0.7254227106156601 0.6500383547718414 0.28220495138849155 0.3945028923247301
0 0.61733541959602 0.1267378375216499 0.20161286867456493 0.24068902149530108
0 0.09034002211021089 0.7088122253599113 0.10909132412943769 0.20598914013118702
0 0.03549443071000984 0.33875782162024015 0.050223625738156606 0.17344589522105813
0 0.10715478186565625 0.17509749798392796 0.20941210248559006 0.25557423480137487
0 0.3242660703112116 0.8010720376806647 0.23168747797559147 0.21384545864213378
0 0.14684057852977656 0.9124620853707014 0.15800490576157572 0.17076255635062657
0 0.5660506058487244 0.4059834041230074 0.11787823047649158 0.12743244435925868
0 0.7944139989468122 0.09525124211318312 0.2570972286628553 0.19050248422636623
0 0.9305730796132479 0.6548963140102768 0.1388538407735042 0.16728039196978764
0 0.49824697864687223 0.8417404795269318 0.27730749014276906 0.2743105846324224
0 0.5275278223444022 0.5843910371127568 0.2239331286335814 0.2589023537212147
0 0.3575302181915454 0.4048852595763401 0.28437619491037797 0.21242676647641842
0 0.2744137907555019 0.9380285448221023 0.17208925054089427 0.104533182269927
0 0.3047680928924974 0.06784869382684476 0.26779823503918326 0.13569738765368952