0 0.6120373969531764 0.18050215574285094 0.2763689389191765 0.3610043114857019
0 0.6577160817524054 0.783938261491412 0.4271112061370854 0.37946373725681243
0 0.13870493578394008 0.5810736535856275 0.2763000564469671 0.25892415370637384
0 0.36918453924342715 0.800257813207674 0.17309838846735234 0.2151714452210669
0 0.27450189966104893 0.9034767743458291 0.1325604371235075 0.13635866471807226
0 0.9089942552710613 0.17284042462729252 0.1438322103365594 0.20644814389559435
0 0.9095124784449523 0.6988469122939283 0.10733078520333751 0.23808630623086202
0 0.43567252679703966 0.4816324392036816 0.2135437487980976 0.21010157081676795
0 0.1522557660520945 0.9038921511329326 0.07150793515408534 0.07564283129789692
0 0.26495091121695213 0.28567809118808335 0.41366818587816684 0.3955347789017685
0 0.8992766685225929 0.4836975707150554 0.1516037811776168 0.21644146922696259
0 0.92342181849506 0.6657650880236994 0.07783200796456505 0.14307650384425047
0 0.21655216274464137 0.8286272605510191 0.11391340881314746 0.10422680304744439
0 0.8934104259585486 0.8518690837791425 0.11657356261586298 0.14989987997052132
0 0.4860906599498923 0.02168061267139418 0.15762637240790767 0.04336122534278836
0 0.042677000304067805 0.7525451588214336 0.08535400060813561 0.23909414814015134
0 0.3355939676856383 0.06894971601811667 0.17200203224920424 0.13789943203623334
0 0.06627733689315204 0.8988120551093497 0.11897740876970915 0.1500258602091822
0 0.06644505677275402 0.2991052082247807 0.13289011354550803 0.22390496816582323
0 0.6648553730160432 0.5379219714381647 0.22612301194684756 0.2203468566254584
0 0.07261726721790886 0.11995567964391164 0.1452345344358177 0.20720402532756133
0 0.8521668262641527 0.32560041401590034 0.13482427518247392 0.1340807988028875
0 0.8079649559125438 0.4261737901421711 0.11701729544139229 0.11637201405533631
0 0.8251385345009751 0.069698826236816 0.20224826704415585 0.139397652473632
0 0.34068728405924226 0.6723398244798988 0.2626007285391791 0.22944809866691424