0 0.07693011149642125 0.35978541994039015 0.14099169072895318 0.17465992934998895
0 0.522735692510524 0.548873629839987 0.12008241728985042 0.10198498649924823
0 0.9385920326744658 0.07131420072379338 0.10851078764284185 0.12086603183291997
0 0.27336906973322656 0.06943999680258837 0.1787258773668805 0.13887999360517675
0 0.7632052380446053 0.5972025858262074 0.14714017652521386 0.12919668676517057
0 0.1944468618458874 0.75808021255882 0.12986565232606845 0.10947630407846495
0 0.3334792927260691 0.7889141569729673 0.15256332037596165 0.1557788840163174
0 0.48321512113990445 0.7111903281772306 0.17688153261581208 0.16849756257974327
0 0.29853055383344046 0.32086360476716247 0.2316125026295943 0.24936327080389542
0 0.5119433450712076 0.39523731033209175 0.18454067219957274 0.18793816614877093
0 0.1541369588770838 0.5764370765578049 0.289138969779167 0.3471258468843903
0 0.8305449251786332 0.8033167138689925 0.1863290668103634 0.16156580323588252
0 0.8926382001109509 0.022510515663225816 0.088161015606517 0.04502103132645163
0 0.9813337568672544 0.5762046996376966 0.03733248626549113 0.08079576344473284
0 0.15126457110422087 0.9180979819113465 0.23921368219497877 0.16310458838311184
0 0.5440285774191775 0.2235150617177222 0.1816892249235044 0.1686374521385821
0 0.651059701161806 0.4296770239770084 0.20332585018621813 0.27256239498932283
0 0.0945343069029381 0.08264366445388735 0.18839721212254285 0.1472126710922253
0 0.9126913007052889 0.6120967787329671 0.14317173632168825 0.16511448951402377
0 0.87515796425358 0.911467680229151 0.13948103694145322 0.10975608319614266
0 0.5471597753966349 0.2546951169383027 0.1375247919098291 0.12891690764749247
0 0.7328114108893697 0.07744564021392532 0.21551092149818382 0.15489128042785064
0 0.8821715857344284 0.33257328765553645 0.23565682853114303 0.3170906317881048
0 0.5177392092852038 0.902623710742179 0.2899182519868591 0.1741888133663062
0 0.3493500387230239 0.4889708354146359 0.10565934036677363 0.10156531782273125
0 0.483007236380342 0.09108284964593172 0.26889908814529934 0.18216569929186344
0 0.05437030891912412 0.21731613202190006 0.10157899988269242 0.1326754282638922
0 0.37299986409668856 0.6265974586357239 0.16212275485106845 0.15365481698014924
0 0.9817004475962077 0.9164538475760566 0.03659910480758473 0.07860175162914537
0 0.673985189529007 0.6912066412903026 0.12522581043920958 0.11654795298116429