0 0.6373460633887933 0.25376256572599554 0.24969693142625687 0.2304822254702237
0 0.8566220879856318 0.45335737692010825 0.20428603659978634 0.1883578348252879
0 0.11011375900064962 0.6584532605517146 0.16277030755252764 0.2663558070932404
0 0.36422178878243794 0.4006271034569898 0.24578132240847678 0.20156612684465045
0 0.8141359531002039 0.627334333393358 0.21604308527241045 0.22950299855835063
0 0.26552112340353273 0.18893950362356238 0.16646462095083786 0.15365481698014916
0 0.1437387302990343 0.2237988859449961 0.12067578540838397 0.10431888787367495
0 0.711271168632213 0.08430066061596861 0.20138849111057977 0.13306937328682641
0 0.2055577210093076 0.44161388015895964 0.1525454649824056 0.16285053291901674
0 0.8883896809655772 0.12065662951359278 0.18543320808500058 0.19500981505147033
0 0.0821614784467991 0.05639471618238227 0.14548034999809664 0.07383828044728952
0 0.5957230073390508 0.8105934255023507 0.3706451205505313 0.2484025413642761
0 0.9318189424379555 0.3069418446098783 0.13636211512408908 0.21799910489863927
0 0.4246107895830509 0.2247708866755402 0.19390454893315068 0.21925811092819042
0 0.051122552446984715 0.2427056549322506 0.08536375291337442 0.1632959252491166
0 0.864662719617752 0.9090405649954513 0.2706745607644959 0.18191887000909737
0 0.29072394234903165 0.9155377712812054 0.37432921232955746 0.1689244574375892
0 0.7341758080227241 0.06336549302554831 0.14142853912237122 0.08812146781152741
0 0.6733661900265999 0.9771148320540272 0.18103412135114427 0.045770335891945665
0 0.27547701266378066 0.08122106776671226 0.21618950874964013 0.14070058042488193
0 0.11197279772271446 0.831320349290379 0.1120682427022886 0.12326987798676634
0 0.47018331071691155 0.9513341819434735 0.10169697665493707 0.09733163611305293
0 0.9268154437596211 0.6816270931024905 0.14636911248075782 0.29590140873358944
0 0.08257851563752824 0.4536367240188549 0.12610315729009788 0.16208114034540208
0 0.025728973141102975 0.07875450301477559 0.048686381031660515 0.10462439064493578
0 0.4502700013915556 0.05030431674635389 0.12650154124464963 0.07808641451962575
0 0.27451337803887915 0.4292192018390485 0.27930918832366175 0.20014150760267738
0 0.06644793427925809 0.16874598239837593 0.12382529137491288 0.1644150417198288
0 0.3716341796248779 0.6336602908212279 0.23135824548539985 0.2011464581681334
0 0.3053036643686223 0.787742002659223 0.15722717705143674 0.16058657632400972
0 0.5406746242550018 0.5845748040881843 0.20199794906531715 0.236294868343372
0 0.6908196934895778 0.4497331102170851 0.15406744946562376 0.14609355462151322
0 0.11202224541550981 0.32848397263322443 0.19733668023485443 0.14735256065106428
0 0.5540082159132816 0.08332504679475995 0.14647797028810167 0.13867218182171617