0 0.24919166870354573 0.6402809132943091 0.38950048005735466 0.28502622565495134
0 0.8399484050492861 0.7725394249726059 0.3201031899014278 0.4354874121346858
0 0.6032592157719042 0.22124997461427454 0.2650469377657994 0.28203410350572705
0 0.853718855420438 0.4841759986323248 0.21875283881655333 0.17552913101010775
0 0.9379485448484725 0.4032788848831185 0.12410291030305515 0.13559610909579226
0 0.2910093565500303 0.9328392775081108 0.2095376220907174 0.13432144498377843
0 0.8210215707225216 0.978928487890679 0.24027702713285848 0.04214302421864192
0 0.5412561375793002 0.5064494338185688 0.21482004660568313 0.2182096890517945
0 0.9302375062291363 0.28019217043067796 0.07721565656086873 0.07319441958313239
0 0.32188369614485435 0.3069799533912568 0.4045087162560152 0.4200340587553655
0 0.6029449674662928 0.9477524191222672 0.2196994644145468 0.10449516175546564
0 0.7894804104930064 0.9915363913874539 0.14470550143804262 0.016927217225092325
0 0.862675935850791 0.33440159700139177 0.1067545579343631 0.11621827086617838
0 0.9484527631772937 0.979762143372242 0.10309447364541259 0.04047571325551594
0 0.06942889468168287 0.4906297965047173 0.07656161060066696 0.15914420839404997
0 0.7610188110453587 0.12781829350163287 0.24173424768871088 0.13201452075469222
0 0.10389958858164293 0.34652151865095754 0.1590209901093625 0.1754312172549333
0 0.9140646291124148 0.19286881192215777 0.1526097874269216 0.12235037762780324
0 0.30834919246906267 0.09683963917223301 0.2272753080150484 0.16189095105708948
0 0.6274345522036283 0.7452149016533138 0.22534619406847545 0.23101381679108413
0 0.12935373029226496 0.08342285618181318 0.21063053750760685 0.16292122751333296
0 0.43760668977578343 0.9041147223915934 0.13705793233636962 0.1378037310071236
0 0.5332499409717705 0.8736983778731564 0.1189559412730756 0.11960323823259791
0 0.1554817896789612 0.8380834794906609 0.18524528248160294 0.2062396135262339
0 0.721178874570522 0.4375221972288402 0.2352900210722377 0.2676601818263203