0 0.9343470453962882 0.2002809243810559 0.13130590920742363 0.22529900920769208
0 0.33105586784831986 0.3451507918506416 0.16537150219438684 0.15811118219401676
0 0.16672828911188534 0.36676851649373254 0.20719186867619563 0.23359151540655232
0 0.3994503865205309 0.7253496814322656 0.18035438378750884 0.1713922686871791
0 0.9369007844996885 0.4839347705349021 0.12619843100062303 0.1620776373524214
0 0.7249343627892764 0.4844730743123945 0.1801304619194908 0.1665845763794868
0 0.7013139196407224 0.06438134307229401 0.22474322389682963 0.12876268614458802
0 0.9521109018881759 0.6607678394829077 0.09577819622364814 0.24170531370997134
0 0.5683320884994636 0.6719561835708701 0.1763304180178797 0.18779857318945842
0 0.3697247585411384 0.08779459700559143 0.16145949735876666 0.17558919401118286
0 0.23569882579297483 0.13747254078133947 0.20948375389603277 0.2313979785400281
0 0.7083578729991521 0.9058969443914542 0.17358406120731146 0.07743195939985707
0 0.18836308264545298 0.8053652849269946 0.14122107972191628 0.15360424316695123
0 0.4891300257680354 0.03302509838304882 0.1801831284591477 0.06605019676609764
0 0.43956831964972365 0.8352809659968669 0.12746976840289348 0.16676546436609657
0 0.14068465069225664 0.9217709354019233 0.14351296494175342 0.1514107063004271
0 0.5577782916543927 0.8599367347925224 0.16626718966645898 0.17734195142478598
0 0.9642338087730468 0.35390205828953175 0.07153238245390653 0.13518528978475772
0 0.14286788890543237 0.9686459354019232 0.12953110390001735 0.05681946915113929
0 0.30724813418152375 0.8963371322407413 0.2238475364247576 0.17998552816666638
0 0.04483023413961402 0.36657182781118236 0.06256592224904728 0.1610871136084045
0 0.3802919892445518 0.5472095347636758 0.19477746071058577 0.17265412441111067
0 0.5126451358372754 0.5645938324507844 0.11801901126117474 0.11805761342720772
0 0.3880830377912686 0.4294662952218668 0.22663993192028764 0.1371369159720794
0 0.5237655433560386 0.9329080672075508 0.17062041038341993 0.06520241934330456
0 0.4943826041823207 0.8461740070321233 0.18080222752354494 0.18100765330256371
0 0.022619244448215618 0.09698037265277781 0.04232750461219695 0.1377700239252136
0 0.9400191210152028 0.014653547088676082 0.07715362664579026 0.029307094177352163
0 0.09085227142515606 0.13686994417450157 0.17946532417013192 0.25510626549715065
0 0.9552754552376044 0.8048482320733636 0.08944908952479125 0.15108053171908808
0 0.08480010943187881 0.7842553527150998 0.07480907488629605 0.16694635235270638
0 0.7316650963902551 0.3957862979040612 0.1175711675251388 0.10844222881182311
0 0.8453308869344688 0.6078968447030643 0.136637309282242 0.15799131689999976
0 0.7916198202541762 0.8020668092503576 0.30675720938996914 0.2638488115713669
0 0.5766334109549638 0.22832670289223753 0.32683099955315353 0.33503251504415893
0 0.15799551440813472 0.6197580685128921 0.2690793974664937 0.27731078605113907
0 0.8551864067567048 0.030833741607693053 0.15268050582110193 0.06166748321538611
0 0.8346253620272179 0.1707575306306996 0.1985248380725399 0.20171058754458654
0 0.8335749888635227 0.35549299854921806 0.1789581860397439 0.1928165747844726