0 0.15687057629940085 0.10200962469249877 0.21510500124735216 0.20401924938499755
0 0.9709203402862214 0.2142809375280231 0.05220110014917513 0.09885138083180302
0 0.6350030788017096 0.8003105431515435 0.15901931318572693 0.15956288206180766
0 0.07139053384380066 0.8541127897383268 0.14278106768760132 0.1667744205233464
0 0.9664422390118943 0.12657551583217547 0.0645979645346415 0.1205559220554924
0 0.07070093531618317 0.5236049213362028 0.14140187063236634 0.17394400348144037
0 0.5121667120412047 0.4705299034757889 0.17841791957926745 0.16929014801971085
0 0.7679665309723559 0.4810597138727438 0.1422343493994966 0.16186883204095046
0 0.9669098745016929 0.16863583094057574 0.06299134490395904 0.16621501381075454
0 0.6610130032481852 0.20526771648382416 0.18655256243604812 0.22221671890777073
0 0.23743046266868298 0.9252072571032313 0.1652238286706373 0.10191252987294447
0 0.023664181445589252 0.6933417933708378 0.047328362891178505 0.1998548747967859
0 0.44611842220884623 0.8807283093180207 0.32618543581258924 0.23504708941025962
0 0.06829708916233702 0.21833044496555612 0.08976932692180951 0.1855996198874865
0 0.8430427753503994 0.10445921351309904 0.23092490134764723 0.14796320632702106
0 0.9278344667874799 0.6171349458144758 0.1264564085898943 0.22186708971240066
0 0.8446682686121628 0.8375483794292873 0.2108847390093595 0.23918349366284167
0 0.4419841845665044 0.155424875098927 0.3275700924054527 0.310849750197854
0 0.7922573720095234 0.948418991030321 0.11942487387548194 0.09443527322292493
0 0.8266956543476295 0.28362267039761885 0.25735504245560037 0.28512228877439977
0 0.3186868893629273 0.3322466177296179 0.2684092095388959 0.2299037530750122
0 0.3774856587209666 0.6816286335832338 0.3825228796183715 0.2954649021161538