0 0.14423076923076922 0.8259501109843868 0.16346153846153846 0.19080435655153577
0 0.7980769230769231 0.8860425371905295 0.17067307692307693 0.1982677274853706
0 0.27163461538461536 0.6957837667129027 0.1971153846153846 0.1847680362940465
0 0.45913461538461536 0.45954294945414376 0.21875 0.22398507217247363
0 0.6502403846153846 0.4481876638161485 0.19230769230769232 0.18940784028687452
0 0.43028846153846156 0.09074715802649722 0.1875 0.15798995197201038
0 0.5877403846153846 0.676774346492145 0.25 0.2515186539113985
0 0.7788461538461539 0.9719074797507294 0.16346153846153846 0.05618504049854122
0 0.8305288461538461 0.768185398700478 0.14423076923076922 0.14205588021515597
0 0.7427884615384616 0.3047848984926684 0.1875 0.18683610581816426
0 0.27403846153846156 0.3028388647164886 0.18990384615384615 0.17009312689867326
0 0.9290865384615384 0.9500801859477812 0.14182692307692307 0.09983962810443768
0 0.25961538461538464 0.44776789207958834 0.20192307692307693 0.17772438614737224
0 0.8834134615384616 0.14022447785629158 0.18269230769230768 0.19387975596483853
0 0.05889423076923077 0.6595085549340092 0.11057692307692307 0.18895758508802984
0 0.21514423076923078 0.06280146362863323 0.21875 0.10138891832631983
0 0.953125 0.8505915507295144 0.09375 0.16192766829369767
0 0.5132211538461539 0.3003740006886734 0.21153846153846154 0.19007939354633122
0 0.09254807692307693 0.4767895423688276 0.18509615384615385 0.1506944693530398
0 0.8173076923076923 0.5141179366038322 0.16826923076923078 0.17895301409716916
0 0.8834134615384616 0.648637939394753 0.1346153846153846 0.1513354882008122
0 0.5540865384615384 0.9721688351206522 0.1658653846153846 0.055662329758695575
0 0.051682692307692304 0.052285568615559073 0.10336538461538461 0.06130190646188738
0 0.9495192307692307 0.5956579421856739 0.10096153846153846 0.1573718084583015
0 0.13341346153846154 0.25105313150671155 0.2668269230769231 0.2809524168595769
0 0.25721153846153844 0.92597299650833 0.18269230769230768 0.14805400698333998
0 0.9086538461538461 0.2961539684324054 0.1658653846153846 0.16684983917050625
0 0.9362980769230769 0.4617827877813359 0.12740384615384615 0.17031442495928523
0 0.6370192307692307 0.135225970950272 0.2692307692307692 0.23536328409393206
0 0.4963942307692308 0.8658921608174179 0.30288461538461536 0.2557692715287504