0 0.5239397199848259 0.10872308698631311 0.19711706874601267 0.20786356782376775
0 0.29416094354405803 0.33480430072942674 0.17047896207706176 0.19088280790088186
0 0.7285824183518931 0.8033988611731652 0.29165026465258576 0.275716681676237
0 0.488114731185459 0.7086505243847061 0.1977604082406978 0.2631520293622293
0 0.7976285404935672 0.13717685477850325 0.14347722873720195 0.14265204797799608
0 0.684280776330633 0.5825177257917076 0.16075169233216668 0.1812114826142381
0 0.46619062766244895 0.21722481535303778 0.11700694976251651 0.14009436497818714
0 0.7145848051216787 0.046237873509277334 0.16698423591048886 0.09247574701855467
0 0.03083043076433589 0.18731819281840764 0.06166086152867178 0.23113284513241547
0 0.8729869097341264 0.06737601543646744 0.1434492574548242 0.13475203087293489
0 0.9293505815134977 0.17847497824099712 0.0713898154041951 0.14463633909739831
0 0.8427108522254584 0.6008254739467003 0.2454177620819567 0.2273740404108328
0 0.07787966551196399 0.9502037026370064 0.0636468225774819 0.09892130667087702
0 0.9490378245116132 0.7588499875488804 0.08654014566908959 0.20722025010428716
0 0.6561864788474184 0.9312152697775479 0.15513283283552382 0.11147197381706994
0 0.967166254284409 0.5436148531888535 0.053919552832586905 0.08924998138423326
0 0.1531392931988873 0.9894266313893018 0.1660891548744055 0.020195745809990156
0 0.9757187301694444 0.6349050663637482 0.03513632411985959 0.12759963850325315
0 0.12332088099202951 0.6543138556128002 0.24664176198405902 0.321179981082092
0 0.462676863462803 0.9323410757866389 0.25631814155608307 0.13129012009606073
0 0.8284861004749667 0.2740072857822342 0.22613105028643224 0.22245446676062222
0 0.2886556533075536 0.18821164084825576 0.2770873313176207 0.26361353990011754
0 0.2732345434681874 0.8937824425055463 0.21877965541300567 0.21039328048794695
0 0.6187640881604216 0.3257047646128907 0.21693523490671177 0.25845621839705535
0 0.1260891958820986 0.3838741707212004 0.2521783917641972 0.3187901200960607
0 0.6735087938231479 0.165541321690196 0.15099645130489409 0.1691363111737482
0 0.9425280943054569 0.3887206131117394 0.10783910566517381 0.17849996276846639
0 0.47172304711601687 0.46477202111183974 0.24077789746852998 0.24176914699828017
0 0.3143410522450378 0.4596784342190936 0.11678317950349579 0.12086359574741798
0 0.31959460094014375 0.62790570948488 0.18006637541006876 0.18853490241829493
0 0.41816459475839685 0.8328471785905046 0.11938282463398518 0.1377045039921557