0 0.7268040568863057 0.8271944900521184 0.19981750735916257 0.18909632636400067
0 0.4215047560758507 0.4779045279621463 0.12170536918595413 0.1428519562145
0 0.9247515526733954 0.5374728118224614 0.12112008729701529 0.20518386291655888
0 0.3087394568288024 0.2722828385179246 0.15619855269283428 0.1740514162318297
0 0.3108687274915016 0.8586784767497802 0.1316704776984363 0.1555435601754951
0 0.24348747731372528 0.7422429982698127 0.18299058428223955 0.187919673278413
0 0.2759578978629022 0.5744445407281051 0.20058689993277723 0.2155386340563085
0 0.7021288661517396 0.6034181644638146 0.2890838152949851 0.28889768508988156
0 0.572794312382528 0.4313410045331333 0.22009744828122443 0.22649876505522215
0 0.4957771575623152 0.8109635702265146 0.3959022177555085 0.3323514825069837
0 0.0940444474898017 0.28388951275082763 0.1880888949796034 0.2222458926240236
0 0.2647985244737573 0.05105318239007294 0.08856686014162733 0.07576289718741916
0 0.16551884179002022 0.9072256130877865 0.21134712467245687 0.17310986977678328
0 0.7290185887289452 0.3388522642341317 0.20072678949161607 0.2203463263640009
0 0.5006053698970593 0.3152417126490482 0.305211290577713 0.26603587663700795
0 0.9387714358374113 0.7152146039004708 0.08328805185025236 0.22412898553411617
0 0.25390202326590317 0.13697804739440536 0.18758844225167337 0.1810443214127567
0 0.021065808413132388 0.2795690670205887 0.042131616826264776 0.15720801980497645
0 0.6975937267803963 0.34704709249198185 0.1535149274213101 0.16426793831850398
0 0.8281414749174559 0.1169617499773033 0.21612909332656635 0.2339234999546066
0 0.526480893172682 0.11015724979851016 0.3556920598084823 0.22031449959702032
0 0.09785260886803479 0.6104764030780223 0.19570521773606958 0.3271241169208784
0 0.5265781521415509 0.6180928213673632 0.12128570050943702 0.12842887929142302
0 0.8740316123601204 0.3431056966317702 0.23696859248398447 0.31164194022748437
0 0.8703574888857981 0.799164092670775 0.15048157825268843 0.14246522963594763
0 0.3878324124497507 0.6457870321528245 0.1832703633999176 0.1975350578937976
0 0.2429870245857952 0.3884321104182401 0.1386721818217162 0.14883630160778025