0 0.26147547676381716 0.25202454971112037 0.3350619363448711 0.37131284311804014
0 0.10280473986844649 0.4187019435807696 0.14798473501068343 0.18182688206922995
0 0.9442435177990737 0.4988324552588169 0.11151296440185267 0.21805240207118798
0 0.07746138070056936 0.2252902276844759 0.1380980184153841 0.26095800616950976
0 0.8158594983692298 0.5102659732287461 0.21979936634544117 0.20667651079664204
0 0.7136023227007106 0.8266802686309831 0.20609766127763487 0.18730588515398486
0 0.5322508742120361 0.500331445061961 0.21562260189971466 0.21383210669342526
0 0.4783032718772076 0.17250014352692597 0.3009286290149568 0.2556485149096486
0 0.1622056730232891 0.7813610430641963 0.17478663858504226 0.2685891138667124
0 0.8573683414057677 0.7371776932258091 0.2325693902706547 0.24284608823384482
0 0.2536444509539163 0.5613243640748264 0.20255182469387426 0.20167301951230654
0 0.7412601740747131 0.9502825465774166 0.17938620169658093 0.07412931694657242
0 0.44938356477927344 0.0376075722837074 0.1920363603277776 0.0752151445674148
0 0.3032986936857539 0.5787937845811205 0.27878295106239265 0.27700341747048784
0 0.9504024197784182 0.6442791332076981 0.0991951604431635 0.17240729643048852
0 0.22509469020605238 0.9226005692111898 0.20555717740897406 0.15368001028251618
0 0.595272287248004 0.8906207896734297 0.20985380714871754 0.17534259694950932
0 0.64826968759537 0.21744512504287103 0.20537628942236424 0.20650868310237647
0 0.9355903256725782 0.1322878737208449 0.10336320452421596 0.19331465847328616
0 0.4261923306757818 0.8420560532855267 0.18821919176410218 0.1750908554081106
0 0.8005238111362533 0.16995391476524965 0.2051365588343303 0.148872317974824
0 0.9537820790259253 0.8161821044900758 0.0924358419481494 0.25179016207216687