0 0.6414471923585485 0.5767844087120946 0.2921898375249523 0.30530608766044476
0 0.45542317955498784 0.7620666495975521 0.24034372890747863 0.18672039959881942
0 0.8924499882575786 0.4887679351838435 0.21510002348484283 0.21523087911943067
0 0.23372465556812588 0.08333403533808842 0.17620598580488364 0.15437945804080583
0 0.9189169549969012 0.8282137543644651 0.1621660900061976 0.2030018518967356
0 0.9712696047732231 0.06498651722613386 0.05311613262336934 0.09699303196770276
0 0.5229897331520356 0.17244082666980423 0.262325620150225 0.33120292457374567
0 0.056658911734808 0.09585404782681893 0.11256194203764905 0.17728501873056096
0 0.5332127857197666 0.8486829464252218 0.1383845701559352 0.12009622252656708
0 0.7474802656280114 0.812795821049115 0.20061216644004448 0.2076417070416569
0 0.40541566642101073 0.9076942420055395 0.15267144522106663 0.16357524974926216
0 0.6214996381705581 0.9472409506101886 0.1573633789093821 0.1055180987796227
0 0.8647971314733063 0.9369420507593639 0.2522472010573323 0.12611589848127217
0 0.5085869698687615 0.928708281090754 0.11549015238470818 0.09568012737187022
0 0.17239923459444745 0.7691346840650289 0.2739771318227564 0.2785700649332871
0 0.6169269135076363 0.7504758247962411 0.14963769787391465 0.15151405968933865
0 0.06572603851239471 0.5667351585911617 0.07917027798040939 0.13587416333616956
0 0.804088198865164 0.2890240116079795 0.3194084698877951 0.2289284815163746
0 0.532945492813518 0.9123219305661057 0.17810591100408515 0.14480603271611406
0 0.8954292419016757 0.7701647927012684 0.2091415161966485 0.3215036213769753
0 0.7397290305443337 0.9574197440038378 0.1251055370000928 0.0851605119923245
0 0.3979488466748989 0.35278341408331343 0.22286646139868152 0.26566968905950705
0 0.17054364627839924 0.29837945117276454 0.3026973054302492 0.2766697302677551
0 0.7386583281144793 0.09454933253742902 0.16481665622895855 0.16618889235657244
0 0.9014423076923077 0.1503081593345033 0.1971153846153846 0.2725875124861957
0 0.25226751469713526 0.8926661088907798 0.23008822147950408 0.21466778221844043
0 0.3061787548259828 0.5493174519211758 0.37050891869258606 0.287459975022539