0 0.07388148417664632 0.7351186689200317 0.14776296835329264 0.19479998071321183
0 0.4646833741159924 0.45070670148349584 0.1401119234647716 0.11682773209884226
0 0.9217767198668589 0.8204998605263382 0.05491820830983913 0.1335404892705091
0 0.30678762770220114 0.945127594047391 0.20054426390680777 0.10974481190521793
0 0.6921994956002664 0.34893357187730406 0.16873944403031407 0.14884712467245678
0 0.10401360774869381 0.3209797932272166 0.15039968127192072 0.12672289583190485
0 0.23475404987002738 0.25974804799289464 0.18260770107689722 0.1756391562618621
0 0.39569418886244895 0.3005619853011136 0.20782281570094668 0.1931655271329802
0 0.28421090589609954 0.7236646320316195 0.2787780205806735 0.2815924977157685
0 0.481737727114932 0.6029533741391279 0.2187829466998602 0.21267607548142756
0 0.1368264274463944 0.506705450088146 0.2736528548927888 0.3836032078685997
0 0.7217509693380452 0.13300708670766725 0.21453007426866166 0.1861638230097003
0 0.909438335818116 0.8936073338803875 0.06614751257203448 0.08828708102394928
0 0.920850526828863 0.3170468426811995 0.07335905103357294 0.08849691536220784
0 0.08289918564139206 0.16955034736170027 0.16579837128278413 0.19967761780032364
0 0.5440449237920956 0.762538612988346 0.21279860130657996 0.19570926284566562
0 0.6115283861062543 0.538080887284327 0.2535123659739537 0.29765002821907705
0 0.12428868329916973 0.9567528797936876 0.22016175971612956 0.08649424041262485
0 0.8376404245829238 0.3013776215553628 0.17349659635533607 0.1825709156057225
0 0.7443771111939371 0.05056400785591152 0.15547654684289497 0.06209882879573678
0 0.5425403207855906 0.7323856188961398 0.16135981227083435 0.14623344418035208
0 0.7578867114855026 0.8735408403872487 0.24969676010397798 0.20877766530618877
0 0.8411462337812322 0.5784844046521559 0.26425386369225595 0.3483406317881048
0 0.39455048247672136 0.11023847047075039 0.3214759581234804 0.20606831638108186
0 0.3048951781842636 0.5484286695288186 0.1256888465416947 0.11640806342232515
0 0.5122406638820418 0.8968850577580461 0.3037580285741813 0.20622988448390783
0 0.06267361155152346 0.878427294191556 0.1253472231030469 0.14793784254000342
0 0.302709405344589 0.40745394563172105 0.18981923953843569 0.17584899060012057
0 0.5888170776685118 0.27727644141881075 0.14609626885805185 0.13379454473460434