0 0.6899137323210996 0.9403429869057695 0.21444786883290617 0.11931402618846111
0 0.6236521719380873 0.3307926810536864 0.1454636821949788 0.15955105827638902
0 0.6226770642394229 0.1660173192346693 0.21841831891453012 0.19728725479241466
0 0.23682776172077963 0.36508191430833353 0.15787456394615396 0.17665773205470098
0 0.4051418883007471 0.9295931045411862 0.1501035240818377 0.14081379091762777
0 0.4356695611723819 0.7088359340645304 0.15060707534433768 0.1740860354800217
0 0.8922884301225955 0.7242741530250008 0.18767187017702996 0.21819451835341888
0 0.2270054972848817 0.9378646808508547 0.23133074205010692 0.12427063829829056
0 0.2676830959216876 0.5377681913423614 0.17447768646196593 0.16743399842126075
0 0.8747971399356834 0.3907539842443918 0.1645825511451924 0.1551909670909189
0 0.8419006305536858 0.2540974244479174 0.2160704229009619 0.19963515080598307
0 0.02460592084201365 0.65700532689375 0.0492118416840273 0.17207183043002144
0 0.18414299158333322 0.14859488017243605 0.144904180792201 0.13551259673792748
0 0.9379935018720081 0.5172926131020307 0.1049899485615387 0.17542682896858977
0 0.12306369052612146 0.3961061038691241 0.15658771071976504 0.12136927051623946
0 0.0718636089841346 0.09062081190064109 0.1437272179682692 0.1379723930320514
0 0.08311846840817265 0.5106234920794338 0.16469445142574798 0.1599986593986112
0 0.5318463577011211 0.9612357604621796 0.12947400134412407 0.07752847907564067
0 0.024932658843856828 0.08952978416522438 0.049865317687713656 0.1261749529458334
0 0.07876641673509609 0.2602877912377672 0.15753283347019217 0.21769096709091895
0 0.6387516752397435 0.04372889116004327 0.1551889572128206 0.06127311667008561
0 0.41608215060315135 0.3620386612974897 0.15815431464754298 0.18867696282393176
0 0.3817828679580124 0.4923209248584939 0.10834293722200869 0.11303872924914539
0 0.5323050131528843 0.380377243100962 0.12047607814989328 0.2214356067333334
0 0.019534475246100264 0.471713347556624 0.03906895049220053 0.16938823357478638
0 0.10377596621602528 0.4497730162785792 0.16503015226741466 0.17442173632168825
0 0.9093801930384081 0.04160982040283197 0.13316269084626078 0.0439426423306625
0 0.920291312108386 0.9658236719649576 0.11700716945267085 0.06835265607008487
0 0.8609385891106303 0.10782648497510755 0.24195322919049153 0.17621214081057715
0 0.08557022518990308 0.921960935088515 0.14182893295502141 0.10661049275149609
0 0.21894482055192305 0.04838866860464762 0.16256834609519236 0.0686525055524574
0 0.5219002969393156 0.7240712929606842 0.09872755260662394 0.11281492868803429
0 0.29604864888023436 0.817425622222543 0.14959997281933776 0.1308168047107909
0 0.11504338737817818 0.746955742050107 0.23008677475635636 0.2986963943761755
0 0.7079496130482901 0.5840927343910263 0.31004623334017123 0.3147420253673079
0 0.3732645407123396 0.13495812003039562 0.2558747647291669 0.25822266074273525
0 0.9115161845362173 0.8798537562807167 0.1403762391858976 0.14741992722660277
0 0.7331569978982899 0.844435470830022 0.1870564186339745 0.1917522106611112
0 0.549542517830448 0.8281360543295411 0.17939727905021385 0.17235359100950867