0 0.2863432525867025 0.8360292859888792 0.3549610961092622 0.32794142802224174
0 0.5338191220822832 0.1327127184937643 0.2407151672414895 0.20276495308586664
0 0.1942911105577855 0.41612352091086735 0.37036366528148357 0.38513165720635006
0 0.5471299377576184 0.9340612907799726 0.3189646488443536 0.13187741844005474
0 0.5645037618584552 0.8563614870861974 0.27044286411187346 0.22658539930426094
0 0.11625378086967014 0.9070696865626672 0.12302465492794236 0.18586062687466573
0 0.8824543128976791 0.9172013437690172 0.2350913742046419 0.16559731246196563
0 0.1202820766303378 0.1289356310274233 0.18405541655422564 0.16492159783394425
0 0.7962586736464181 0.45694504725830964 0.23938876256170233 0.22902510820869265
0 0.34104412588452615 0.13607828280434361 0.35516517484597543 0.247383816159193
0 0.7806662876851067 0.6918112914325992 0.23953159625563158 0.2913429556392113
0 0.8180565734421739 0.2273418768154163 0.31596492705413665 0.2851526070933908
0 0.9367796427607649 0.46962258221257197 0.12644071447847038 0.28922885030660367
0 0.46943763609169786 0.37586406576291237 0.2915346686160171 0.2737156967831905
0 0.10025334454378101 0.6666133456768804 0.15431953939695742 0.2585253080150484
0 0.8012378306521352 0.10864265242954688 0.2611295074581164 0.11564417108837473
0 0.6707913697563535 0.4654108835143731 0.36933928856332415 0.3011791943912164
0 0.46561551769388887 0.6643435355997437 0.34191748862187177 0.2751370545884574
0 0.930637365486401 0.7379425885959333 0.13872526902719812 0.25258883753988104