0 0.3199048978823411 0.17370705698373834 0.17549926670302304 0.1668583315302352
0 0.03948903160884413 0.7789440500208575 0.03813031203669475 0.15404194619556114
0 0.06980200326800975 0.4991197357828172 0.11862057271016666 0.27708562541178827
0 0.48626350904432675 0.06772185746852764 0.2369500950117304 0.13116425358572756
0 0.6672534409317813 0.4232821120756859 0.2015661268446503 0.23670972166992169
0 0.7948876414509378 0.9249649207319207 0.2424572351136178 0.1500701585361586
0 0.2582370090540462 0.44974379480941695 0.32252782711057265 0.26385128775296895
0 0.7472910830938242 0.8611736967745002 0.10121559392563356 0.09191954572656048
0 0.08748314807955629 0.8176782992547843 0.13139069858075822 0.13776044466341483
0 0.44541503136532934 0.6875715285493728 0.4177209438247995 0.39659426259146985
0 0.33603598625573355 0.02598939244862565 0.12880274174223635 0.0488181369711073
0 0.9194582920193624 0.1748134879514061 0.16108341596127518 0.17643176064217536
0 0.7125968819658811 0.12311600912074958 0.28259744828122446 0.21314675583716314
0 0.2830561344570472 0.889717566802337 0.12375949144270261 0.12329541223689369
0 0.968240298535943 0.5993370745420112 0.0635194029281141 0.10142304899942681
0 0.34947665519520427 0.9009194666095516 0.08891658403872485 0.08223423527210208
0 0.6094289018808949 0.9532656530332975 0.24318240656139578 0.09346869393340504
0 0.2168490611478132 0.7619501062853062 0.10870691150485015 0.1015768858453896
0 0.28027279564292484 0.298455323963072 0.18929284061132443 0.14530762715250858
0 0.8849964678115274 0.44382748708104597 0.23000706437694518 0.3307114546905879
0 0.16916565107489298 0.07308735377851297 0.1652543790728629 0.1451677754743606
0 0.06739252146870116 0.2924099443037702 0.07327872221193345 0.12300172371278292
0 0.34620774803474114 0.9537761116585374 0.09769263130107533 0.053444022097207375
0 0.15406162382987482 0.21480239551291766 0.22595431228020946 0.24886880411730034
0 0.1645975618686379 0.6594999488066413 0.15570893923689777 0.1475156809569476
0 0.45765493574481214 0.32352169533592107 0.2470293694294688 0.2297639013968643
0 0.48075275585177485 0.16743252476579124 0.23389102218952582 0.1912324370962518
0 0.6441535982700207 0.24889837716322874 0.1868632708038954 0.22701042604764823
0 0.7862936823184652 0.7147908144105511 0.3773708963189343 0.3314666537525869
0 0.18019322512439057 0.8650847356317466 0.13379454473460434 0.13777442983122976
0 0.4534715428253644 0.9216450460862053 0.18971250928784153 0.15670990782758937