0 0.3770944779170644 0.21769709938659404 0.2430139159281105 0.2357564609529833
0 0.16213037635266 0.417471375022292 0.19926917335846037 0.19312799028913857
0 0.9129530029868573 0.6259469853193047 0.15692299490769065 0.27069182731760166
0 0.6540805414851073 0.3661907585272873 0.24027441438573316 0.20681235788191502
0 0.2093673188929408 0.5909441851423151 0.20936006977426438 0.23438517180418103
0 0.7478322256157354 0.155737918749769 0.16041603694363551 0.15790695653666129
0 0.8699668533026587 0.19040596981759367 0.1189912266806985 0.10816489663619261
0 0.29975351588895144 0.058386132553593165 0.19856989129902017 0.11677226510718633
0 0.8133768850683244 0.4077540581473995 0.14850869130391522 0.16703259502747364
0 0.12031733639769289 0.09191140696113301 0.1824422502815373 0.18382281392226602
0 0.9271713476839865 0.031242922580612793 0.14506990770209754 0.06248584516122559
0 0.43187524604615884 0.7752955479974296 0.3634299938794389 0.2598846914294751
0 0.07615218252706465 0.26960421403936163 0.1467481846447539 0.22222310734102074
0 0.588842724073358 0.19104872144027646 0.19001741541398467 0.22398619338948086
0 0.9598453568893022 0.2095694123448403 0.0763933066885306 0.16409411828004025
0 0.14924487789503743 0.8819524034516291 0.29848975579007486 0.20724903925058796
0 0.7381410183372085 0.8853542010545339 0.3697464513048941 0.18325546218114125
0 0.2759667958918884 0.03665356794406333 0.14037410052391558 0.07330713588812666
0 0.3589478521765095 0.9512619732093287 0.1786118687264332 0.0697482426436693
0 0.7346678563996509 0.06106243346074788 0.21075694976251652 0.12212486692149575
0 0.915746762963362 0.7988280099463989 0.10959961232433485 0.12700386896730392
0 0.559906761922873 0.9226505206212801 0.09981640001468464 0.11218899514456929
0 0.0824135394530785 0.6443593409770756 0.164827078906157 0.2978197795843104
0 0.9345473455785342 0.4220383915199891 0.12206638361160753 0.16595515355341478
0 0.9797622646036369 0.050121693478648775 0.039692274886153185 0.10024338695729755
0 0.5596486133281121 0.028323793682893044 0.12589508103608343 0.05664758736578609
0 0.7438471599422404 0.3949695856699185 0.2739002892572016 0.20577980087687114
0 0.9426696348479732 0.13698672383939098 0.1124789702786004 0.1679672028076031
0 0.6513673270944794 0.5993638354503642 0.22585133746265604 0.20622466253242833
0 0.7216505927141307 0.7538772817798538 0.15328841232922977 0.16482464732345647
0 0.4813655609484651 0.5486259227269823 0.1950209066983202 0.24100901491623278
0 0.327967789685667 0.4131167246570412 0.15071673848111805 0.1503036211754651
0 0.901188039954967 0.2948528860504794 0.1915821230965028 0.15196875799901066
0 0.45473166460608433 0.060673677391459506 0.1434212861724467 0.12134735478291901