0 0.4901821026000884 0.47529368742368605 0.23071812267280997 0.24238352156628962
0 0.26158354034232434 0.8600898732998259 0.32509802386611564 0.2604105253144796
0 0.21120140729961479 0.1757316637419422 0.21679896670437757 0.2510746334156805
0 0.38397360139916914 0.21616903739671078 0.21123539296471827 0.23634346557060568
0 0.5636492841756422 0.8563051452139576 0.28980643460967453 0.2270038888604941
0 0.3009660369492365 0.45148260926541073 0.14331824270228866 0.12897289896924818
0 0.08209599772203023 0.8035187811426296 0.16419199544406046 0.19301335357923768
0 0.8585562580474679 0.8062615989720852 0.20024444734334532 0.16376594457222418
0 0.8609413213663714 0.4407533787375393 0.23981936471426563 0.2789033502569787
0 0.48294155968432295 0.0849085275009224 0.28411688063135404 0.1698170550018448
0 0.44214606600030204 0.6604507224919771 0.24361921511266876 0.25998067194820745
0 0.15830836029810624 0.7049933718516621 0.18442536617571134 0.18191839557600067
0 0.8296164492241309 0.6727549731947616 0.278028942698482 0.2765603853252696
0 0.8627799168498679 0.1771005291194571 0.21488881988589187 0.30605500403214414
0 0.11553960007750355 0.40107517795382874 0.21553916431776604 0.22703617187721895
0 0.010354273214799769 0.4614309981968935 0.020708546429599538 0.15886877283698225
0 0.6125365175882042 0.5177640926825096 0.17858938872016145 0.2534175983473894
0 0.7362902576281277 0.058561226453132637 0.26780410012835987 0.11712245290626527
0 0.7376590474208486 0.21027425497628796 0.23779345927640294 0.28596084325751825
0 0.24279536235049465 0.5785926635999652 0.30813489893124724 0.3024473923957188
0 0.6460422798611952 0.7012893513076054 0.200234225724061 0.2092849760343021
0 0.18802615419560403 0.6407988717806735 0.34304854747170493 0.3286424903881657
0 0.9240933262018711 0.2414509170571007 0.11849323487400745 0.2495664618224156
0 0.021249903455364302 0.5951221100462843 0.042499806910728605 0.16071731836896974
0 0.08964542062422823 0.18405011863588586 0.17929084124845646 0.26170745503592063
0 0.3016401454269301 0.07735661510066134 0.19784060118949903 0.1547132302013227
0 0.5450415153261456 0.2513670229718587 0.2678994155091684 0.3118478503279673
0 0.7378651402101577 0.8463387723684564 0.141292337264426 0.13603039196978764