0 0.8193773757386162 0.7612405636579529 0.2716086636932644 0.30776971082658544
0 0.9091184835821895 0.5812777056913154 0.18176303283562098 0.37383819789849243
0 0.44955367200533547 0.049020709858363425 0.18756888247220943 0.09804141971672685
0 0.169120012033724 0.1166044698368313 0.275740024067448 0.2332089396736626
0 0.8207615991731368 0.12481216979741203 0.35847680165372636 0.24962433959482405
0 0.6928739710815043 0.558354349169866 0.22385917388788107 0.22756788765284022
0 0.8411271691019908 0.9273971085028526 0.20827085827444675 0.04210742866772321
0 0.2367743598529245 0.4794361104321514 0.21975152205458764 0.23922281328310782
0 0.25371982563429807 0.27292335652144945 0.26628835608783324 0.21642355698043164
0 0.6046480444349622 0.07680013564642876 0.18570136015699226 0.15360027129285753
0 0.405277311305365 0.4292436626143442 0.18696143301091028 0.21041252218753967
0 0.06656423799534537 0.9148635454832359 0.03064255053870072 0.07411906287968205
0 0.10120374868950201 0.3074176594298087 0.15897903627492507 0.18196653623093467
0 0.9722964978785439 0.22364966706840672 0.05540700424291218 0.19019642579163795
0 0.6040513276688776 0.23551177368483173 0.2203352629749967 0.20815496585258936
0 0.44232915769812153 0.17412545929356724 0.2117236435646606 0.18357004660568313
0 0.12142306412918341 0.675297197253011 0.17620227509559733 0.23113637472474718
0 0.5535186550554065 0.8188101905397639 0.3123340402137693 0.3084624583539262
0 0.5435317848123932 0.6058876533548976 0.27517999168792895 0.24581616853503016
0 0.9310455302146248 0.3147598742192005 0.1379089395707504 0.15126299393937928
0 0.3166946349702409 0.670158223740388 0.24941401592912996 0.2965149530858666
0 0.3319210760760309 0.8694042256553964 0.28834299575708794 0.2252744685673043