0 0.33611885667251945 0.778415125165243 0.23714592355270886 0.257325107721677
0 0.7624089021290996 0.8374106236840515 0.25990872914874213 0.3008181087499284
0 0.10589132541407446 0.16453843283307634 0.19691836690853837 0.23524295181901989
0 0.9171774110753582 0.27379429858488946 0.16564517784928348 0.1991572882289499
0 0.8298155000223808 0.6040425898496454 0.1885786382355821 0.19191777848503383
0 0.3741413701644361 0.03797540928118649 0.20501350955964145 0.06962930874503372
0 0.9675715635314561 0.7333065262816025 0.06485687293708782 0.20804541950251668
0 0.44731061702748476 0.30179794569845886 0.23493869837354311 0.14202440618419446
0 0.37443530979604234 0.15925775492090685 0.24926346480927983 0.1998285990060125
0 0.3387429095924666 0.9421616851405239 0.17047645594839647 0.11567662971895214
0 0.8776000703963608 0.08352682576013438 0.24479985920727834 0.1398723015717467
0 0.4522649816018559 0.45075249338978757 0.2388631832238365 0.1901013292611174
0 0.7903492545568483 0.31179346882188336 0.16743478182333613 0.13883736412377523
0 0.8655786576002182 0.6596946780590158 0.17866911562250848 0.12936183592027872
0 0.9848158102643679 0.5280853642339101 0.030368379471264226 0.18825522462419533
0 0.6293629147216665 0.9690733538779706 0.16895581725194914 0.061853292244058784
0 0.18254504032738025 0.02974207694755132 0.21605161911629894 0.057749934387690986
0 0.5425065310280123 0.6883564923737732 0.20864345968008008 0.17293875079566318
0 0.6747690100279671 0.13153213650048537 0.30808396271300553 0.24374116926992825
0 0.1683659543279078 0.4150279302746845 0.2904229874223535 0.2627481682416767
0 0.08646274501212738 0.6326171220560137 0.08030764755733064 0.13061885949664287
0 0.1654699606391118 0.879696649243496 0.15418905035534727 0.15309261335258656
0 0.9340155319497428 0.903709665695522 0.13196893610051427 0.19258066860895603
0 0.8625131993176544 0.460329289342862 0.22689310769827606 0.1611432902854532
0 0.6568862410425509 0.4567358216226535 0.20903590816510942 0.17774644310335547
0 0.17945202893173795 0.7273601025804189 0.15624960326783424 0.11949470976349538
0 0.6623567356754582 0.30309945239433167 0.1141577179536914 0.13341430360377557