0 0.9327035427718755 0.9283127094752608 0.134592914456249 0.14337458104947842
0 0.09316767026641146 0.7315035183563553 0.09791826581578814 0.19858395978963372
0 0.15955028946898764 0.8911224281961366 0.20614188272153536 0.16686024100765778
0 0.09453112986563034 0.16731298014428728 0.1326817517226217 0.14637069305610362
0 0.10641633396966013 0.02826753683744583 0.13590959101624334 0.05519237637272107
0 0.5145554236889581 0.6632301386081789 0.14866820830983912 0.13464517732172254
0 0.8656768187734727 0.6201402878315252 0.24947812682336673 0.23724312812028148
0 0.7066192127247037 0.7146008660044892 0.21005856855685165 0.1885368156829662
0 0.4044168871061378 0.2555535227246227 0.32552667062399776 0.36341798825968075
0 0.12959729570204592 0.0850935957783731 0.1512401477616264 0.1370909827662616
0 0.0739215476185919 0.28459793019443486 0.09813689909639957 0.16737591908032654
0 0.9276912520953391 0.1267522296390093 0.14461749580932176 0.16602105519380111
0 0.99549330772257 0.9936331068899465 0.009013384554859928 0.012733786220106954
0 0.6152054855795096 0.8150439966245446 0.19087833930875292 0.15458925449426994
0 0.8442449232859784 0.3136499032161407 0.2967815967431845 0.2956907030450602
0 0.3965730388947804 0.8472414341884965 0.23645033626648912 0.22261025474374044
0 0.577929956811404 0.5394889173289639 0.21967395317223634 0.1887046528457372
0 0.3385621378894005 0.6013358185544108 0.2760379878309451 0.27372041333490205
0 0.6066003406510916 0.31430362574524273 0.23041545089053847 0.23931129994858497
0 0.21899278333906677 0.2991347184052354 0.1714289367973721 0.18546162087803447
0 0.9517917686792587 0.7493064241944704 0.09641646264148261 0.2041888786204897
0 0.595548486294682 0.0704181393565902 0.17667389566628727 0.12312945804080584
0 0.7302226475677022 0.09077572614388847 0.09617031950377654 0.10491787837101937
0 0.12799872947228544 0.5772526679564421 0.18909632636400084 0.19777456668211507