0 0.8111451785338152 0.9884245710250027 0.15570718911952824 0.023150857949994694
0 0.2522957251247507 0.21672362395163217 0.15741721041208903 0.15104113648804451
0 0.02460581327958617 0.8689775227885932 0.04921162655917234 0.14180119942334019
0 0.038967645159879376 0.5831296648191594 0.07793529031975875 0.27202856040754964
0 0.4025503716877585 0.07308377225526426 0.22374541047063692 0.12896112877332921
0 0.6221574809601843 0.41280110816664894 0.17227696870383888 0.22110239884668043
0 0.8050069914028934 0.9156971695896973 0.22541054729418247 0.1686056608206055
0 0.22030502427715343 0.4997829394804125 0.29987671330751386 0.2296171644636069
0 0.7481431619789165 0.8352320533113406 0.08977078596063848 0.08184493513602521
0 0.09000968447103437 0.8918932547656782 0.11557233354755996 0.12581361369945135
0 0.4307783147718825 0.7092729144075878 0.37708545761844986 0.35671550784619216
0 0.24723088932444573 0.045700823131457693 0.1161151444280316 0.08021048155579387
0 0.8856520317638708 0.1184276453082954 0.22693285042379877 0.14826184278351795
0 0.6357989556012422 0.1075476190178972 0.2643618318802931 0.18296486062865674
0 0.9630199703425047 0.16881274610606228 0.0692584965190969 0.16768394888029187
0 0.2904635230203946 0.9338263085446091 0.11017694589038098 0.11125064721753529
0 0.9478378404807652 0.5414088999522162 0.0663200197716635 0.09556856426490731
0 0.35777121532808687 0.9357847623683555 0.0798615536705103 0.07435361755680904
0 0.6259735176972545 0.9575279080127646 0.2324792520617914 0.0849441839744708
0 0.2122323935085958 0.8160285982700207 0.09737412132183458 0.09167015408966851
0 0.22652480005922093 0.34713870871118174 0.1779743843226455 0.12522833181051235
0 0.8672253070496279 0.3934581955854215 0.24772262696631459 0.30493151146003505
0 0.09005446183120067 0.12295512647937831 0.1435818288384988 0.16504454473460436
0 0.02127753114979162 0.37226854051197467 0.04255506229958324 0.11925730190627129
0 0.3592710762231955 0.9834888397078636 0.09531718759863111 0.03302232058427279
0 0.09515395674191522 0.28305570243811584 0.19030791348383044 0.23141723125626018
0 0.14864677174765253 0.7227239906001206 0.13980669353585037 0.13132075380133848
0 0.4047032631185796 0.3451030839266869 0.22207209336020697 0.20574431613756708
0 0.41116791196293323 0.18644923777284078 0.21569721345388343 0.16714288811718964
0 0.5809370036272726 0.243132981809028 0.15996389025986454 0.21354113648804446
0 0.7711408862254496 0.6842793590749695 0.3456926239245203 0.29337617049315795
0 0.18614108839037302 0.924774095255245 0.11807412892632055 0.1282874046327168
0 0.4657483938013349 0.9352067066607456 0.17164438888533695 0.1295865866785089