0 0.4447319311560897 0.9298146338686704 0.2492744307888102 0.14037073226265934
0 0.711563064559583 0.4193931344562193 0.16069574976741144 0.1773268738676913
0 0.9669679291118237 0.8875722493634204 0.04771498053664221 0.17601222359594387
0 0.47836033222350033 0.6258425067325845 0.2015051918180408 0.1729946933604182
0 0.1615997640527995 0.3685165569455933 0.13632163284041868 0.14820100719776141
0 0.4249154491260188 0.7766834318537735 0.199297144640838 0.18979364515496372
0 0.9510788860598645 0.7034682339763576 0.0842481846447539 0.21729717744699237
0 0.8233130973657374 0.5264770154971976 0.15029716924545403 0.10990729643048852
0 0.9613253086593734 0.4427348401311828 0.06934959592125758 0.1762639651373423
0 0.07821532090049527 0.9219728994883216 0.14604890258531372 0.1560542010233568
0 0.45859979275818463 0.4645330728834936 0.21377616412867 0.19476916515692175
0 0.7773035229888152 0.6581710852347503 0.27923943593006856 0.24360131285804015
0 0.6393036132057401 0.9436585697803829 0.21771674668265673 0.11268286043923417
0 0.04424654152181895 0.38033914667286683 0.0884930830436379 0.27029367796111825
0 0.09948630961420174 0.9533068133354544 0.15974472616657284 0.09338637332909108
0 0.7291189251089519 0.15033019291971572 0.23063105848797086 0.19736881028741118
0 0.22823867177937138 0.11685394977475382 0.2236153190030756 0.21411181951720143
0 0.4381827702223093 0.25633465339321404 0.16069574976741144 0.1773268738676913
0 0.08043094666552454 0.04781203795964985 0.16086189333104908 0.06197022976545355
0 0.9216372440997904 0.03115967909950473 0.10384089641580374 0.042068149757621735
0 0.18525724501790716 0.8147656738725862 0.2380104246437749 0.21187580105762074
0 0.6111435978431518 0.7848608216226534 0.17511882669048837 0.17749470156195676
0 0.8338523763648973 0.3438826072932116 0.23161005337118687 0.28150342567202646
0 0.39389427177692393 0.13681281441265486 0.21852791387160722 0.19001741541398465
0 0.2641391537727307 0.5440121538828654 0.19180589335552348 0.16567126976936947
0 0.8944469609019639 0.9215888801228616 0.13629366155804126 0.14579716104391538
0 0.7745343660334321 0.8961518544655196 0.13699294361748132 0.20589331489006896
0 0.26051603063951645 0.9566476974489504 0.15968878360181768 0.08670460510209921
0 0.5676976061303507 0.179706117000416 0.15443523490671163 0.25897372925132767
0 0.9313496861381825 0.12623747294712706 0.10515554668755146 0.15504891898839096
0 0.09685759483793863 0.617747346680209 0.19371518967587725 0.23789853951426435