0 0.7147090986050699 0.8961770404649064 0.18841360166396123 0.17373610514365367
0 0.7571987637870491 0.6997810470834772 0.3227392454581071 0.2673061013965275
0 0.47637821831810356 0.11291845404927894 0.18914221194188732 0.1833514897590382
0 0.0378003954599537 0.753737730395025 0.0756007909199074 0.2713706930561038
0 0.8003174465125541 0.9703037412647326 0.15122429237224055 0.03144762986910949
0 0.4382946581459912 0.36205220529789855 0.21463789403620154 0.20300185189673575
0 0.3797798250744633 0.5323205856672162 0.17162254133762372 0.1422343493994966
0 0.15049658057028775 0.9444360733032209 0.16856181040702253 0.07016092407480475
0 0.5559354104572803 0.47283011176729417 0.18877790680292414 0.178543797451346
0 0.8944940622270554 0.5353395485828347 0.13392547590459714 0.11997034465448883
0 0.02637999711676957 0.9088277666087948 0.05275999423353914 0.10542138985933337
0 0.61558044110456 0.24012467033401577 0.21758819789849243 0.21025534964896694
0 0.2335553134373329 0.009579508616869185 0.18673552697148804 0.01915901723373837
0 0.7769250354169378 0.48697772353205343 0.17486542483770615 0.21671162087803447
0 0.5878502907513918 0.970411369260279 0.2166745962345312 0.03979206917935421
0 0.4409245151372613 0.9609726348686574 0.17763073731396245 0.06311722277603757
0 0.5540888563457886 0.8773746772020571 0.2139092837582752 0.19338646728135098
0 0.654793677920121 0.9740442014285721 0.21113829364891282 0.030092765982584087
0 0.14616503987814544 0.7956703471542628 0.24803786211939477 0.26360151723120356
0 0.27749510213378165 0.18720963848851338 0.15534207596914532 0.14915217282618523
0 0.29399642163888046 0.06782337038036108 0.17643023364531601 0.13564674076072217
0 0.3769663961054351 0.01876040397215648 0.10183643855836057 0.03752080794431296
0 0.5668508914757118 0.08135040584571954 0.2461059093562688 0.16270081169143907
0 0.7718512112964061 0.09455728709325334 0.17675867603369363 0.17833400099788174
0 0.9061202221481204 0.11261927947680074 0.1826592837582752 0.1928409965023443
0 0.8498091512856641 0.26964552635461814 0.26806896712926165 0.21113649475351642
0 0.029061330349667895 0.4306931580922208 0.05812266069933579 0.11440738511432559
0 0.023414600695739054 0.5725620404598367 0.04682920139147811 0.10006822677263418
0 0.06494912383006506 0.5210113093164004 0.10952270922717251 0.11474305943986816
0 0.20508287965577546 0.49335826548617795 0.26180405426571673 0.19182180694136156
0 0.1048122200753142 0.21188630244835902 0.2096244401506284 0.22223262112750497
0 0.12101057484669818 0.06819492070441915 0.19067115799891132 0.1363898414088383
0 0.31940760355753384 0.695419386865688 0.3169490648018355 0.3176190334645253
0 0.3558074114040667 0.9120443593935228 0.1775231490622054 0.15674134490395902
0 0.5340233079936128 0.7144795891648719 0.18120206320242252 0.17361022727157513
0 0.9012157759225808 0.43079322053587343 0.1429226773103659 0.17534272477433588