0 0.3971776686746269 0.6999442832137875 0.28899561914970656 0.302818322925213
0 0.8124474580991572 0.6554576092599157 0.241549854074973 0.18912424575266557
0 0.4404683648342869 0.49375898476202507 0.2633007690135779 0.23272915084743906
0 0.31268342193282783 0.9278304895095678 0.20339204034408412 0.1443390209808644
0 0.26165110986729334 0.5892956081398336 0.17552594316208855 0.16876057567318994
0 0.051614931410713265 0.5840865728017451 0.10322986282142653 0.1729808379111826
0 0.8993811138061377 0.4849253065620863 0.1625955382009088 0.27659797827072413
0 0.8669088469140157 0.8152233766171217 0.18777777303929846 0.2554249150837299
0 0.6502019401354477 0.9151876407948474 0.33233597554160765 0.1696247184103052
0 0.4410854254155704 0.3385640503215232 0.18924897961076667 0.15699310064811614
0 0.8742429313238367 0.17287196240653838 0.18917785398809636 0.27946337662219156
0 0.17312009538632636 0.7258383903582742 0.3462401907726527 0.4220334003472306
0 0.42433923908130183 0.23359812936763363 0.23179446136470852 0.18655256243604812
0 0.07943585466138937 0.9319519368130057 0.15887170932277875 0.13609612637398855
0 0.715016076944796 0.03534040708800202 0.17092938457194642 0.048610227271575074
0 0.19257697580223723 0.10201933378985086 0.2926143642261513 0.15879735014790788
0 0.15403694374850507 0.4538681006481161 0.22458292290317006 0.1864266845639696
0 0.7594324457396463 0.4295441133812474 0.2504177811341786 0.2589197027955897
0 0.7046910407350284 0.27458603833173356 0.20479212129288168 0.1764756256230424
0 0.6975365304752543 0.12888061063453787 0.22133902818004522 0.1719616483501999
0 0.532627493983138 0.06825115259373203 0.19916808895680085 0.12114520479388799
0 0.6764912638872003 0.7794147102847724 0.19235286623901177 0.1690542907080399
0 0.09341832195608336 0.2998811725767148 0.18683664391216673 0.20523786088781054
0 0.06930336844734421 0.1779204913831308 0.13860673689468841 0.2452640596893385
0 0.04723799608287489 0.39159006368593513 0.09447599216574978 0.23029551198725484
0 0.30459178578975393 0.38911992507268656 0.13496428327735366 0.13203153471441234
0 0.26804294357475206 0.27298004245560015 0.15277126301843502 0.14915217282618526
0 0.5530031580890659 0.21418735638973832 0.1252088905670893 0.12945985139779484
0 0.4498070979856032 0.870506378617955 0.18852523059547777 0.18579729520357693
0 0.5571378831889408 0.6389697140318985 0.13158038045934908 0.11516265234679632