0 0.5600961538461539 0.5377894048567927 0.17307692307692307 0.18292063950282006
0 0.890625 0.508941228455841 0.21875 0.2731918980040985
0 0.38221153846153844 0.08732432902953205 0.21153846153846154 0.1746486580590641
0 0.19110576923076922 0.4992470823438413 0.22115384615384615 0.23480030432197935
0 0.6478365384615384 0.6890825742541344 0.20432692307692307 0.23190684471219677
0 0.7524038461538461 0.9312322840416936 0.24519230769230768 0.10088436750079009
0 0.23197115384615385 0.3165676364783251 0.21875 0.2203072826194831
0 0.9543269230769231 0.2955492302627624 0.09134615384615384 0.24544636315640295
0 0.703125 0.8677623058659474 0.17067307692307693 0.17083146395416987
0 0.703125 0.5204065366351781 0.18509615384615385 0.16644344032299452
0 0.6165865384615384 0.4171553179250497 0.15865384615384615 0.15125097082630307
0 0.8185096153846154 0.06993380260765704 0.17307692307692307 0.09638217796435852
0 0.3004807692307692 0.6799588256494844 0.20432692307692307 0.18623376778911988
0 0.7980769230769231 0.6943264101557998 0.21634615384615385 0.23225656860929433
0 0.109375 0.6843175125364123 0.21875 0.2515572826194831
0 0.5420673076923077 0.0855057647646248 0.28125 0.1710115295292496
0 0.027644230769230768 0.7876571734982141 0.055288461538461536 0.1939164222343412
0 0.9591346153846154 0.13915934070392344 0.08173076923076923 0.13458966096180178
0 0.5637019230769231 0.294896026149202 0.25 0.22602425705962895
0 0.5216346153846154 0.9403508290198127 0.20673076923076922 0.0949575587223853
0 0.06971153846153846 0.44148121678144964 0.13942307692307693 0.23722987412940838
0 0.8413461538461539 0.3216731733570179 0.2548076923076923 0.2814526081569296
0 0.7644230769230769 0.2013152524522883 0.24278846153846154 0.2714874996444474
0 0.6899038461538461 0.11593572015177782 0.21634615384615385 0.23187144030355564
0 0.5336538461538461 0.8366357205073306 0.22115384615384615 0.23960799662967192
0 0.3954326923076923 0.5846479299393368 0.16105769230769232 0.17535937714418418
0 0.4110576923076923 0.42073175041157157 0.2283653846153846 0.22779860019869957
0 0.43028846153846156 0.6641625767916002 0.14182692307692307 0.1675882804472895
0 0.5120192307692307 0.6894286850605676 0.12740384615384615 0.14072630407846495
0 0.2704326923076923 0.8442946738537667 0.18269230769230768 0.1928158032358828
0 0.17067307692307693 0.8796493052765993 0.1346153846153846 0.11689767687826155
0 0.09014423076923077 0.8399251476948453 0.11778846153846154 0.12121575573001746
0 0.8822115384615384 0.8300994967222709 0.11778846153846154 0.1813119095761713
0 0.19471153846153846 0.11801115770351148 0.2548076923076923 0.23602231540702295