0 0.3629807692307692 0.22341849953017942 0.16826923076923078 0.18582760294063336
0 0.3942307692307692 0.7438153290872861 0.1875 0.17045790041956282
0 0.12139423076923077 0.44549678168189644 0.14903846153846154 0.21562038238478082
0 0.6442307692307693 0.8865572732364467 0.15865384615384615 0.17067591573963023
0 0.056490384615384616 0.9447115384615384 0.11298076923076923 0.11057692307692307
0 0.8221153846153846 0.5418634864550065 0.15384615384615385 0.1366577644468208
0 0.3942307692307692 0.9557138375398809 0.14423076923076922 0.08857232492023816
0 0.7644230769230769 0.9589036366182234 0.2403846153846154 0.08219272676355324
0 0.6790865384615384 0.5634773316477758 0.1778846153846154 0.22501775168009816
0 0.34134615384615385 0.4597598956356145 0.125 0.14408731822842652
0 0.3329326923076923 0.08412236164242895 0.27884615384615385 0.13651431344447812
0 0.6382211538461539 0.14691919950505056 0.20432692307692307 0.18375219917516467
0 0.734375 0.32728222536123663 0.20673076923076922 0.18393435174464629
0 0.05889423076923077 0.08979927641383706 0.11778846153846154 0.17719470667382797
0 0.8954326923076923 0.20847683213188678 0.1971153846153846 0.21926343377441226
0 0.5348557692307693 0.3926924082481121 0.19471153846153846 0.22629281966646914
0 0.5492788461538461 0.9587290303281116 0.16826923076923078 0.08254193934377668
0 0.9447115384615384 0.9357414945848606 0.11057692307692307 0.12851701083027878
0 0.9603365384615384 0.660510336123274 0.07692307692307693 0.27025195914648736
0 0.9435096153846154 0.20490834505997985 0.11298076923076923 0.19125347845794172
0 0.2512019230769231 0.39283302043390156 0.1346153846153846 0.178469774660199
0 0.9579326923076923 0.0966262604768693 0.08173076923076923 0.05427011043929664
0 0.039663461538461536 0.8155055173964461 0.07692307692307693 0.217367343761872
0 0.5925480769230769 0.9342538284453773 0.18269230769230768 0.13149234310924549
0 0.49278846153846156 0.44719704597449217 0.18990384615384615 0.2451592837582752
0 0.10817307692307693 0.09834109639590165 0.17307692307692307 0.16936498500267344
0 0.19591346153846154 0.8429704344127484 0.21153846153846154 0.25641404149899405
0 0.8473557692307693 0.7805549345884091 0.22115384615384615 0.2427195748538432
0 0.5204326923076923 0.6548206466773764 0.1971153846153846 0.1856095876205661
0 0.1310096153846154 0.6505523150367458 0.25961538461538464 0.20476863135016396
0 0.09014423076923077 0.27245572135555907 0.18028846153846154 0.1723152888649643
0 0.9158653846153846 0.41194820589555714 0.16826923076923078 0.195442987556018
0 0.5180288461538461 0.2207442633386641 0.16346153846153846 0.13498252857090096
0 0.3737980769230769 0.5655843399390004 0.10576923076923077 0.1306108669033432