0 0.5114130936217444 0.4300747206566712 0.29182211842825284 0.2573336761082758
0 0.24176860800749708 0.5924145016093079 0.1837852433631214 0.21037090241203332
0 0.7174066346567239 0.8912850136936257 0.1932848693591292 0.16271370012227054
0 0.3048900775839097 0.07691924738426646 0.19556273527431406 0.15383849476853292
0 0.09258372299180603 0.6867292353772692 0.10990613540648062 0.17419873153522458
0 0.7893399497261501 0.28791579953943053 0.27841710503374956 0.23047164762880767
0 0.18254064380667057 0.9557196098027738 0.2060804247988951 0.08637823230121838
0 0.1260077123105237 0.8649763322644867 0.13596028076352062 0.2134997115710839
0 0.5220651950018798 0.8860652596763938 0.15292340569838897 0.17090203406130983
0 0.6312360218137272 0.1111416058954846 0.3634335820889929 0.2222832117909692
0 0.09199470827563694 0.49168192028600227 0.13914045158790211 0.1368284671203031
0 0.9646061945507172 0.8793535056712377 0.07078761089856574 0.126625473402894
0 0.5279522805538505 0.5848289930287358 0.18519146922696245 0.14563494457305134
0 0.8614127874607723 0.5616718941939115 0.27717442507845536 0.3037622504482415
0 0.9236931522449281 0.7616642554960504 0.1526136955101437 0.17009312689867345
0 0.7973941237848053 0.7632630240260705 0.18392144522106663 0.16718561580023453
0 0.8826999973884913 0.8975540696787585 0.12826526458590592 0.11245422895211349
0 0.33215112722874934 0.9384538691940377 0.11839791949319899 0.10731076001469284
0 0.1228446639174596 0.2991491003788876 0.22830405489967953 0.2815094915499171
0 0.09821718766282897 0.10494122686194161 0.19416673102975712 0.1795406231991937
0 0.27385115158409534 0.2625686463819501 0.09675308248929941 0.15214439536344868
0 0.3610927260544774 0.2270107894800399 0.18466710503374953 0.22719782548895634
0 0.5709388859879064 0.715781369128793 0.3101710259883942 0.24117830629080955
0 0.8895916040425003 0.08114310917934495 0.19745243885423136 0.1622862183586899
0 0.3613786721969033 0.6460355176661594 0.1358343005248595 0.21109586541723774
0 0.2641760976566312 0.8131905990547096 0.14357020317961086 0.1297848169736288
0 0.33940189176379904 0.4794299028397282 0.09613340291527778 0.09453603182857315