0 0.7647775834611981 0.45685944808592427 0.23261080139309698 0.24689414869798407
0 0.8759360043080695 0.23649737601827808 0.23160703618804845 0.2708346610115312
0 0.47300326780432533 0.6078405335489061 0.2504414896750686 0.22363928095883795
0 0.7467758105739333 0.8688741904082536 0.2686922022416795 0.20759595168123057
0 0.2790995798264216 0.910712878503195 0.19363664763381971 0.15417670570302797
0 0.1251478591214927 0.8570323988889376 0.24731389450593347 0.25228953635516294
0 0.33924827557341813 0.26915736086650777 0.19260917388788104 0.2188846534070452
0 0.09025740712607397 0.5952049764260935 0.18051481425214794 0.18351260567375396
0 0.5118329271678012 0.03570469821631071 0.17344953027978222 0.07140939643262142
0 0.900094130126212 0.5628592899698179 0.1460486313137455 0.284135411991534
0 0.18052218222167132 0.03564345317352698 0.211071020172042 0.07128690634705397
0 0.583004939505593 0.22205384837799033 0.3138978377983369 0.28378031927400704
0 0.5494814903266424 0.44764603217437854 0.24054608886992448 0.21843979175148795
0 0.418328502121456 0.08487542334106138 0.1475435464261035 0.14510413196811495
0 0.9507685709279341 0.05595785264794279 0.0967827610055748 0.11191570529588558
0 0.9016138753546905 0.8661622346320409 0.07836833180319402 0.1926464244514507
0 0.6882593118266241 0.07677211649668747 0.20252828323391533 0.15354423299337494
0 0.049349971776516455 0.39313088552220277 0.09869994355303291 0.3050843828017483
0 0.9190674701328814 0.4841465946203314 0.11734248556247123 0.2853638674464068
0 0.01241891123867123 0.7343035831530352 0.02483782247734246 0.18043129523239104
0 0.4608739838753978 0.06339585852627762 0.20028815371583902 0.12679171705255524
0 0.4851828504836347 0.2752016889159572 0.14103204843896386 0.15682951506260231
0 0.2781517212479071 0.6181782669208226 0.17284208081848287 0.16771823960187476
0 0.8887523528657203 0.6340665991830229 0.13974826704415585 0.17596233506845713
0 0.07537113360895444 0.1530176755778232 0.15074226721790887 0.2943384919564054
0 0.4444382517231614 0.7277124611885207 0.37646672027054634 0.4110331514470393
0 0.811509210640627 0.086840596608938 0.17722974884153603 0.16070259959016522
0 0.19520380994407846 0.23066110974013526 0.12999287433389145 0.1731666920149532
0 0.20022375754455132 0.4738679005562043 0.14938736020043056 0.13558669657764477