0 0.882161956282549 0.9221260200140319 0.2356760874349019 0.1557479599719362
0 0.49781136337357373 0.9070857881857832 0.2248173679404555 0.1858284236284335
0 0.8332699472202977 0.7857610091873156 0.2142703021824783 0.23717324944092374
0 0.8402145138842585 0.48282585382002996 0.2710603500329054 0.31281859331307243
0 0.19075979395348996 0.05037089262402358 0.2613272802146722 0.09233712035099063
0 0.9179431413763172 0.7270260750746211 0.16411371724736576 0.25964833131524484
0 0.32012343667150844 0.7916882578222803 0.28818802639045527 0.2901248781581398
0 0.17189788102720674 0.6403640634116834 0.25168029420740695 0.22784351143875126
0 0.8369727007178773 0.18634581707354766 0.18686689204686557 0.19703077799997415
0 0.12060856608461464 0.3954744356489576 0.2029408418766375 0.35344887129791525
0 0.6224109056772071 0.4783466713996948 0.2069388984269226 0.2079909089988878
0 0.1221292232292733 0.11246769269554083 0.16451090480697964 0.21458061425133207
0 0.9607560669905981 0.38627648444622625 0.07848786601880366 0.2423006549945683
0 0.3549824760390304 0.50742905180927 0.15937303791794835 0.18316252095339097
0 0.33066233205263507 0.17483254609746002 0.24227521887934433 0.2295749844008329
0 0.9812045599942306 0.189808203031271 0.037590880011538715 0.11600644859370962
0 0.9638769248173781 0.9959305742837928 0.07224615036524376 0.008138851432414312
0 0.9367328611252848 0.290257224924021 0.12653427774943046 0.13821235720474886
0 0.6487594992394572 0.792100254392168 0.37343303081310464 0.4157994912156639
0 0.464987313855412 0.6178543549381822 0.21499167403774885 0.21811057350809576
0 0.5868958773293442 0.31817998556437843 0.25168029420740695 0.2278435114387512
0 0.6391212335968658 0.1641487051039134 0.2467821579064099 0.25378153923723556
0 0.4577959362721507 0.16699861446038747 0.2905918725443014 0.2902929714560809
0 0.46850481918404474 0.45324967005735606 0.15372410846096835 0.17321094974212414
0 0.31993328826246376 0.3389329510844628 0.20264226868717913 0.18618820031633126
0 0.23961366135035533 0.43127119136833325 0.15705963575740714 0.1567202132610833
0 0.7147579337353971 0.9627562979988749 0.17334607496566926 0.07448740400225026
0 0.14866796520056813 0.880042798938234 0.15769056361937292 0.16393175172262175