0 0.29021190861169827 0.5532841960530119 0.3192699669736114 0.2999582059399209
0 0.38737989186388877 0.15078910357874722 0.20511424479700877 0.24619003207643464
0 0.4996262746977026 0.5473501610932786 0.25129087298258557 0.2691535982700207
0 0.06638049523691218 0.5970502664595083 0.13276099047382436 0.20852360984209367
0 0.3816389728511212 0.7074893225323904 0.17956512947104714 0.1805867381283936
0 0.357064965223824 0.9296949421907947 0.1813535240818377 0.14061011561841058
0 0.5678651838323717 0.09590383579934682 0.2825388631044872 0.16676744056650927
0 0.23736431274866446 0.08508450555224119 0.2704636821949788 0.16401387051556557
0 0.10447835778664506 0.2652366906225282 0.20712844984700882 0.33272849361489626
0 0.6517389791342943 0.5746281930479559 0.1702294955570514 0.19232618977994612
0 0.863173579904594 0.17184970836534852 0.2713029342991455 0.20007156282325786
0 0.2342480256337066 0.7873922787621255 0.4463401221638892 0.3925376421620429
0 0.7531750888491449 0.608850846173285 0.2024865980820514 0.23650470268163054
0 0.04667213993568345 0.8261279606958796 0.0933442798713669 0.17148669062252828
0 0.9743619347683758 0.35549551931594653 0.040086102407692274 0.17412609476821572
0 0.8543554031765483 0.8563878945120128 0.18225073620438081 0.28722421097597434
0 0.5024996674096147 0.837293401749418 0.19991490150737198 0.22922321944067264
0 0.6029417388071046 0.2424556445777513 0.2750495838196584 0.25783381529498506
0 0.748987872779754 0.32368032543512804 0.19225576192361132 0.20978261587164487
0 0.8913732923204057 0.35548627057981963 0.18783972059786352 0.2264696493897289
0 0.9270083437588672 0.5297172825171645 0.12718406534893162 0.20068256836577966
0 0.24764707929118568 0.26338878961337364 0.18241657674711556 0.1998874521385821
0 0.6447721817306616 0.9143985668023729 0.21590257248012834 0.17120286639525434
0 0.7594294452916659 0.9470124900010534 0.2577170996021367 0.10597501999789326
0 0.5441453391717407 0.9500494522603394 0.2358027335161325 0.09990109547932108
0 0.585071698622649 0.7001785025471852 0.14015243862478635 0.13860223704229652
0 0.6955916666202451 0.7575174732517307 0.15983080897777777 0.15839256450842198
0 0.7897383422974354 0.48483007308515813 0.13758074205010692 0.13132075380133876
0 0.12851279956890987 0.47280679720633156 0.19667180324935912 0.19309558235356078
0 0.3706038942319975 0.4064839674559748 0.1232136152673078 0.1333049312786678