0 0.13461133950578877 0.6511987828037592 0.25974804799289464 0.2685786195587364
0 0.682169312382528 0.42775960827157156 0.15393459609782723 0.17782004935116602
0 0.6049113959439428 0.15558399136780374 0.16814783868264557 0.1715327836556213
0 0.28256767951804584 0.34899491529658894 0.23351557463884554 0.27409565794928636
0 0.8365123058659474 0.6482077931538723 0.16341009115437272 0.1736285388874695
0 0.9108180892062551 0.5270769135928647 0.1489870142312958 0.17270426612147569
0 0.13429095235293853 0.8683617460743387 0.22215157053797313 0.21338332225913675
0 0.8178354592250717 0.8365550431893666 0.21650454087724677 0.1842290774909849
0 0.27862663875283705 0.8555132491836321 0.29333194936732127 0.2683314098588757
0 0.5836059844293732 0.6404211277508006 0.1938649749271753 0.23076554595791848
0 0.9239769564732497 0.023954509327880305 0.12319993320734678 0.04790901865576061
0 0.5619307610095856 0.849355115554986 0.25368134965565114 0.2250012978675079
0 0.021043697850214052 0.3721805995825879 0.042087395700428104 0.17390803160405494
0 0.5675782226892434 0.05983832985489908 0.30234355462151324 0.11967665970979816
0 0.02691241239859145 0.7391218110855552 0.0538248247971829 0.2302748113695092
0 0.9216426230798919 0.7735177264815264 0.11502766530618877 0.24250896882187606
0 0.33369803977171103 0.6120477245790377 0.2249750853683363 0.2279604446432127
0 0.5529083164834003 0.3760589320498608 0.20000161804383837 0.27674671380299337
0 0.7383505811359872 0.22861119205213198 0.19703821365463625 0.2573618991112252
0 0.8048004386183916 0.4187013666837017 0.11930152303210798 0.14200956674333448
0 0.770918260654033 0.5936268352926123 0.18700316036273426 0.24232264034415238
0 0.09023065046610619 0.15617481967515665 0.10940635929904524 0.13177800028395406
0 0.19222849879214587 0.0787268827412896 0.20646948758534506 0.1574537654825792
0 0.03814678695415067 0.1321506572394013 0.07629357390830134 0.23089099321350506
0 0.13588884300759377 0.4423722583411417 0.21274602026084705 0.2199786788766795
0 0.42534810585325916 0.22467566317403415 0.21302579937852512 0.22959406349206402
0 0.29074196997400154 0.1505235621432823 0.11407416204789857 0.12727839889825965
0 0.3679890471405932 0.06466032126529761 0.12926663154459012 0.12932064253059522
0 0.7974952542786486 0.037883166851235675 0.1405864145196258 0.07576633370247135
0 0.9020661750616209 0.1269439923190481 0.17633860405605725 0.20564876619246433
0 0.9041017998461156 0.30436647132066663 0.16564832409579713 0.2505516158105464
0 0.0634237344951116 0.9585507165573441 0.1268474689902232 0.08105002135332412
0 0.02735318036062788 0.8828904439333276 0.05470636072125576 0.08364019598489382