0 0.37943548265030136 0.4905105825701632 0.2126293046280157 0.19488708585402365
0 0.17319259158275116 0.8127022522653591 0.2249002684179128 0.23857603741041472
0 0.3363978085051641 0.24256338488843884 0.3288949855849633 0.3503587131030714
0 0.6920979147904703 0.060233609648133055 0.23599647811136693 0.08034191204372904
0 0.06031212259213377 0.44444826832221046 0.12062424518426754 0.21101192125980553
0 0.6693219055186502 0.6689370563886764 0.17900342880979908 0.19851955995766674
0 0.052604912028319455 0.190548694540429 0.10520982405663891 0.18878969677316568
0 0.9218236478472 0.6609242698421223 0.15067472617279273 0.2864545377607894
0 0.670364601876002 0.28307777661765265 0.22966600522216069 0.23153238726374042
0 0.8207284489362715 0.8870078950009984 0.20538979583084765 0.18982756107403495
0 0.8641950747652083 0.4413195610619593 0.2538163481031405 0.2516025980688305
0 0.4042756872726655 0.9640453485943924 0.2576870341672415 0.0719093028112152
0 0.11265830901587949 0.2660065782472549 0.17900342880979908 0.19851955995766668
0 0.8787797824733048 0.20740625392783574 0.1650278772567956 0.2749389719361511
0 0.8491512605846717 0.13424156734455003 0.17188978652296427 0.2150946505622935
0 0.4334932494210608 0.7039797597295626 0.15230938809682498 0.15432694345668316
0 0.4795780874395248 0.8414339784917961 0.2537604074318814 0.24198721345344593
0 0.5778141208874767 0.8903121496537347 0.23932334534098978 0.21937570069253043
0 0.9423324572227242 0.8551893826436264 0.10674819251626662 0.1719627736962426
0 0.7876208256823518 0.585309935487464 0.18143524529927482 0.20341119642279099
0 0.19766539467862082 0.5322497217609639 0.2712586185639147 0.3579594379400858
0 0.07054904582012742 0.6395375554921934 0.14109809164025483 0.20215203406130983
0 0.8407633653163915 0.7494582944143013 0.17179189034826065 0.19826772748537033
0 0.2723228744157007 0.9198450984904876 0.1692202221806369 0.16030980301902475
0 0.154373583447369 0.9438606592201858 0.1424982111320333 0.11227868155962831
0 0.5433934945692651 0.4108822468140066 0.2370733360331063 0.26543806588988283
0 0.450161747133562 0.11189337567236225 0.30159958265595294 0.20280071198670305
0 0.6864852739782777 0.4050596164889079 0.145139805138731 0.16128664944592522
0 0.6946034442823298 0.86937967288966 0.12811708971240093 0.1270451941900543
0 0.33698977407184477 0.7607181472784331 0.14522371614561974 0.17570972636900214
0 0.4616689165672539 0.6135989636938779 0.2946817327185251 0.25302964874517614