0 0.6394230769230769 0.34375 0.21153846153846154 0.25
0 0.18028846153846154 0.12379807692307693 0.2548076923076923 0.24759615384615385
0 0.16466346153846154 0.6862980769230769 0.28125 0.25961538461538464
0 0.5048076923076923 0.5084134615384616 0.2764423076923077 0.29086538461538464
0 0.8449519230769231 0.9567307692307693 0.15625 0.08653846153846154
0 0.5528846153846154 0.6875 0.125 0.12980769230769232
0 0.9675480769230769 0.18028846153846154 0.06490384615384616 0.1971153846153846
0 0.49278846153846156 0.8653846153846154 0.2932692307692308 0.2692307692307692
0 0.26802884615384615 0.27884615384615385 0.21153846153846154 0.25
0 0.734375 0.5697115384615384 0.18990384615384615 0.21875
0 0.3641826923076923 0.6826923076923077 0.19471153846153846 0.1875
0 0.054086538461538464 0.7932692307692307 0.10817307692307693 0.18269230769230768
0 0.8016826923076923 0.16105769230769232 0.25721153846153844 0.25
0 0.4963942307692308 0.09134615384615384 0.28125 0.18269230769230768
0 0.052884615384615384 0.5829326923076923 0.10576923076923077 0.24278846153846154
0 0.0829326923076923 0.4026442307692308 0.16105769230769232 0.2091346153846154
0 0.3425480769230769 0.8341346153846154 0.14423076923076922 0.16346153846153846
0 0.45552884615384615 0.17548076923076922 0.2956730769230769 0.35096153846153844
0 0.35216346153846156 0.4423076923076923 0.16826923076923078 0.14423076923076922
0 0.16346153846153846 0.5216346153846154 0.10576923076923077 0.11538461538461539
0 0.8064903846153846 0.7223557692307693 0.3605769230769231 0.3317307692307692
0 0.9086538461538461 0.4795673076923077 0.18269230769230768 0.19471153846153846
0 0.9170673076923077 0.29086538461538464 0.1658653846153846 0.1971153846153846
0 0.7584134615384616 0.3581730769230769 0.15865384615384615 0.18028846153846154
0 0.7259615384615384 0.9362980769230769 0.16346153846153846 0.12740384615384615
0 0.22235576923076922 0.8846153846153846 0.1466346153846154 0.15144230769230768
0 0.09014423076923077 0.8689903846153846 0.1778846153846154 0.14423076923076922
0 0.3269230769230769 0.5456730769230769 0.10336538461538461 0.10096153846153846