0 0.14180757229335364 0.27220634254272824 0.2836151445867073 0.2964299856779004
0 0.7122764867420212 0.4732580993855292 0.341898289187705 0.32821144004307495
0 0.8530614497113801 0.6913779034667189 0.1728976093239948 0.15812407591929983
0 0.7395672467061984 0.8896401106595854 0.3037623542979908 0.20527963080838965
0 0.5525877775219937 0.29858933940902455 0.2501491286354491 0.1950488779806978
0 0.8979771506473279 0.27295483064441134 0.18400891606237096 0.3047586913039151
0 0.15383479857994103 0.6322657968956656 0.1895423798314362 0.1559160287420968
0 0.7738534701524268 0.1519110829702147 0.3700516955065183 0.28770968209859926
0 0.14977648674202107 0.4798033794618893 0.2567783466379572 0.2191432820839146
0 0.036510234914843044 0.3900655743524479 0.07302046982968609 0.1717919282181812
0 0.06296905457416697 0.5891932071683921 0.12593810914833395 0.19180589335552348
0 0.10371033897077832 0.0586424892278323 0.1387331682122895 0.1172849784556646
0 0.4058663440774674 0.0670271374186022 0.3228826964604498 0.1340542748372044
0 0.38802196837735303 0.9489704225016111 0.15836410533260753 0.09310834463594321
0 0.8582306083414822 0.8450282583362296 0.09841424130534958 0.1260349374479715
0 0.2203364774754293 0.8956819076531487 0.22374268369372707 0.16351916515692175
0 0.11724716053082024 0.7347649138226584 0.2182063811081085 0.15384783797678217
0 0.9081168033710347 0.4877913773074884 0.12147021449523211 0.17673947693776157
0 0.6618273220370077 0.7428385096460185 0.2510240287322712 0.23829013746755096
0 0.11975485764389658 0.021326931278461705 0.14029797701989913 0.04265386255692341
0 0.007404525364929865 0.884167844097343 0.01480905072985973 0.13070277334377559
0 0.6965840194656796 0.17322487067280165 0.2854064851640437 0.24829712003622212
0 0.4930517545347477 0.5454590819786748 0.1776694388811013 0.18940204720167733
0 0.3990988317734201 0.6918567835283944 0.22629281966646914 0.1971730113107679
0 0.5098177864444092 0.894715214280493 0.18251299393937928 0.15823596104881033
0 0.41912194126593033 0.17405170763356914 0.17307976189347626 0.16052792207314587
0 0.027547476851383576 0.7373793866596507 0.05509495370276715 0.2031258420653139
0 0.22191689977408152 0.09834049383660882 0.192638973512623 0.19668098767321765
0 0.3374034257773475 0.5076417250771352 0.2485843198278395 0.26948419490279574
0 0.37163391475711766 0.8482885968638489 0.18433451963419514 0.18227442258727158
0 0.28495909925769647 0.32812247380405785 0.11487685924330956 0.12142304411692241
0 0.37159005648917537 0.24665658969056187 0.08180533354849377 0.09702095590755196
0 0.24800147843650608 0.7524572625226592 0.14962362081404515 0.13623771899328574