0 0.5541210788323169 0.7735836163875667 0.2741711249159716 0.2570613274207503
0 0.7858602877772939 0.8187924113442084 0.298349476013272 0.26228861263537095
0 0.36053429248695296 0.5318949094681105 0.25536002436171934 0.2711487300182846
0 0.14291424822965862 0.8684570804207326 0.2526763990901952 0.26149138611220696
0 0.06131455184053284 0.4303365041213318 0.12262910368106568 0.20663468406502877
0 0.10264382625827118 0.2637997708548619 0.20528765251654235 0.27047738136719934
0 0.670028689526712 0.29944457730235224 0.24166211888642053 0.21324662587251275
0 0.3119090824655987 0.138713122504662 0.20835799662967178 0.22467842657204395
0 0.9327160087910926 0.3957696141423329 0.11582278153338631 0.18221858891033177
0 0.47169447489801697 0.9227838317966223 0.2948522370422966 0.14209630494306325
0 0.8841864672027406 0.09013877123160234 0.12585783482528803 0.18027754246320468
0 0.7535631386407992 0.5250345654398326 0.3222223243393118 0.3395893231746835
0 0.5291311365903629 0.5589848563973429 0.24779876200308346 0.2590036213769753
0 0.8616019616504994 0.3213282186623104 0.16327020159553357 0.16142315933957294
0 0.943814686136945 0.840061559696943 0.06606718375039505 0.12368709540416763
0 0.9033617440167484 0.5788815147415689 0.16487893152218247 0.21671162087803447
0 0.49818143573509277 0.0594999107154626 0.31613712852981446 0.1189998214309252
0 0.5521184038827339 0.9249839647891817 0.2970462488578844 0.13492672577221754
0 0.15963668615638377 0.08731197864746469 0.18796388980235373 0.10178855769104028
0 0.8978823501232417 0.35433169581041773 0.16954673427103564 0.21198784715172786
0 0.686229722679524 0.4445206156391555 0.17274569665207953 0.15678330419465206
0 0.32035188074830756 0.34399021291435117 0.1880780557076099 0.188285059938809
0 0.40057117902129696 0.9312331693335992 0.19106718375039491 0.12586897852019463
0 0.7376788795501729 0.04656365884316696 0.30829608705350037 0.09312731768633392
0 0.24020209523580624 0.5388005663104443 0.4541983048090089 0.416374355641327
0 0.9043924182357871 0.7086052884678755 0.15456409911260274 0.19250532217680172
0 0.6840855676352354 0.14663250937035016 0.18688899445747828 0.14741967532342437
0 0.4487791749398635 0.22401986825986242 0.15365481698014924 0.16125532217680166