0 0.3497876852081501 0.8820798721123962 0.3346213019956288 0.23584025577520754
0 0.3750681332654803 0.29240005471593944 0.3775708195189074 0.36261210345317085
0 0.537360695349956 0.09255488292672437 0.18008630160778025 0.14256461093002443
0 0.7701640790108505 0.14319051599806903 0.27697953428599137 0.22614604949928993
0 0.2571879483695231 0.5124013304051718 0.23382785683203144 0.260076484060811
0 0.14727348191007966 0.17280696252394334 0.2945469638201593 0.2446523865863482
0 0.6808707912720501 0.7648613351749748 0.18412054075836737 0.20025691862233222
0 0.11310711918744504 0.3601093739257538 0.22621423837489008 0.38368028631304607
0 0.5402628245884201 0.8270451577880811 0.25853869156225745 0.2708114780162856
0 0.4912114083565905 0.9616373449120323 0.18477644060020174 0.07672531017593524
0 0.6772150420250505 0.8981923048276511 0.2210186995557654 0.20361539034469772
0 0.1346269810889892 0.9821424091745149 0.18795373991115305 0.03571518165097022
0 0.08723282633373855 0.7481066059038896 0.1744656526674771 0.3315201030721415
0 0.9151353546988645 0.4152269364337587 0.12390683359694285 0.1615121638984234
0 0.6780779786738916 0.04605204078062264 0.1342286580368321 0.035004005216649474
0 0.8903410332861079 0.5973594394560214 0.1574595997854484 0.23016338741422396
0 0.7885983649589391 0.7590262890460681 0.1883734131895659 0.22681118724864893
0 0.3322773524322979 0.0938555112282661 0.19227362567495213 0.14552826175391564
0 0.6418780230260333 0.23609418113830627 0.2726255818894522 0.26667555131264753
0 0.09247562674771094 0.9831763908504245 0.11807410815167348 0.033647218299150856
0 0.9247353858971988 0.8642456569272965 0.04631138348210147 0.1483140293947504
0 0.12142829740197093 0.4243711016727219 0.24285659480394187 0.30066528026852074
0 0.5046242455927008 0.47448651905324024 0.21212622811481552 0.18958121906120942
0 0.6687246505797035 0.5074522081152467 0.22991117099671504 0.2383299077421866
0 0.8275207600737158 0.3231200753920227 0.18585201372044907 0.19075349494095659
0 0.1773573053652165 0.6883529627144578 0.1851796405286845 0.18113811032557192
0 0.8309518792308985 0.8948469106657233 0.2231368990963996 0.17571794680817787
0 0.16214486190154415 0.9018094946551846 0.2251540186716931 0.19638101068963082
0 0.5125087172124438 0.6376418219099278 0.30370748859151103 0.2657271973009185
0 0.821906667909058 0.47238245879850227 0.20782281570094668 0.19656883565472982
0 0.35945304983976517 0.7571260889463101 0.13804426390680768 0.12383435197494809
0 0.2593654845342326 0.7054367687839227 0.10684480388947805 0.0888369746129937
0 0.7676273261246831 0.6278190850632631 0.1572244931549065 0.15827192466685738