0 0.5543747939587599 0.39336907869986043 0.16926408716150393 0.1956765150407594
0 0.3204370129876714 0.09552451360218031 0.21489520479388796 0.19104902720436062
0 0.8012156805724426 0.43519783718416716 0.3152571466013721 0.2974771635711857
0 0.8949602210348144 0.8480719985974841 0.1361557117866644 0.2267307226913524
0 0.7112508297957891 0.08118993620445131 0.19490916833064767 0.15015727496364525
0 0.2933869193348666 0.6112116455021975 0.1782920417071889 0.16207860955817238
0 0.9349195036223908 0.1423823230137678 0.1278951910578052 0.16659261334175404
0 0.2068518113197683 0.8869275258232852 0.2676959015971177 0.18903836845962785
0 0.6552828302997996 0.7401025079628712 0.2055735352133533 0.21030936948105824
0 0.06096575612089746 0.6835096386543238 0.12193151224179492 0.19067303038366
0 0.4426595104955019 0.8723358255312813 0.2227780919065117 0.23204188104037726
0 0.06418780844325382 0.24719757656343214 0.11734453546282363 0.25065730288729543
0 0.851950935316183 0.21377128025793246 0.18065392857034204 0.15968874857214108
0 0.6564820236079085 0.9468053068580109 0.2613357155337906 0.1000680904316903
0 0.745466290590909 0.943884009495017 0.22295809565363783 0.10465202005434603
0 0.07941692495048613 0.06359703431831211 0.09116615009902773 0.12719406863662422
0 0.337183371006572 0.37420204407940716 0.13700706418487593 0.13780240016685938
0 0.19419648414341867 0.37263031541054137 0.21320466658181994 0.23438978652296427
0 0.10755920767040246 0.4476460196371974 0.21054906468381684 0.21995272443207242
0 0.045032144732878636 0.8458531650458281 0.09006428946575727 0.168870592985267
0 0.33299960852164373 0.7515919050654385 0.18550358016872737 0.16212056506161687
0 0.5756554851413004 0.20696611301817253 0.33099312812028153 0.23507505974588927
0 0.5158618593909879 0.05405776677075945 0.1894301273718702 0.1081155335415189
0 0.16241045017995248 0.7477771596725968 0.17812420454441755 0.15246322494278802
0 0.1836966009001214 0.14795461103281482 0.15172385614280268 0.15471323425067124
0 0.1891275992760288 0.04409355431515434 0.12174480144794245 0.08818710863030868
0 0.10315558816192047 0.011879379091082803 0.11099651598385137 0.023758758182165607
0 0.5752033697592198 0.5771234577909432 0.2416312275210455 0.21051914699828017
0 0.8970040596944083 0.5932782914576067 0.19004735014790805 0.2847307040755854
0 0.53435015172819 0.7143664512452107 0.14645461163748927 0.12824295622273388
0 0.09702680195195297 0.56908919849378 0.11259096903017894 0.11602793310409609
0 0.3162769599169038 0.2637579800967247 0.1608357292698734 0.12592302107577658
0 0.413099424953021 0.43144682640164134 0.21872566683129038 0.2752831414739785