0 0.719602857216401 0.42908653846153844 0.26108626100218185 0.21153846153846154
0 0.8098287313411396 0.9122596153846154 0.33131194203764924 0.17548076923076922
0 0.2407249904307132 0.7403846153846154 0.2743550725387399 0.28125
0 0.5198163335409217 0.49278846153846156 0.3053531120614176 0.2764423076923077
0 0.16889402115289445 0.03485576923076923 0.17432650384425047 0.06971153846153846
0 0.36612171398163945 0.38100961538461536 0.1363586647180725 0.125
0 0.9465382519221252 0.14543269230769232 0.10692349615574961 0.15144230769230768
0 0.17678988971141063 0.36899038461538464 0.28940805065512265 0.2932692307692308
0 0.6596139007739656 0.7980769230769231 0.26108626100218185 0.21153846153846154
0 0.5362534338789516 0.25600961538461536 0.22870243885423136 0.18990384615384615
0 0.3080735692155422 0.5576923076923077 0.19770439933155368 0.19471153846153846
0 0.1133007010382987 0.8317307692307693 0.1484936541066802 0.17307692307692307
0 0.9071744085513903 0.3473557692307692 0.1856511828972193 0.25721153846153844
0 0.9054957789716587 0.6622596153846154 0.18900844205668277 0.28125
0 0.2949647235827487 0.9038461538461539 0.2507252165741144 0.15144230769230768
0 0.48214466217645374 0.9206730769230769 0.21744931113625163 0.15865384615384615
0 0.1583473271740864 0.5216346153846154 0.17102035278120786 0.14423076923076922
0 0.8181358904770785 0.6622596153846154 0.3637282190458431 0.2980769230769231
0 0.5333166623162339 0.6586538461538461 0.15304938593705011 0.16826923076923078
0 0.3966447074051341 0.8028846153846154 0.1209277458857063 0.10576923076923077
0 0.4168425616668214 0.15625 0.3481082002567196 0.3125
0 0.6839946569596815 0.11658653846153846 0.20567181922505912 0.2091346153846154
0 0.8638898453532332 0.1778846153846154 0.2073197839469383 0.19471153846153846
0 0.7448058057606655 0.3137019230769231 0.18860315729009777 0.15865384615384615
0 0.16236004157506612 0.11658653846153846 0.18885511776742017 0.16346153846153846
0 0.08988025867023325 0.6141826923076923 0.12306940994294598 0.1466346153846154
0 0.07726345196917474 0.7403846153846154 0.08624561458400254 0.1778846153846154
0 0.4267285599957056 0.6430288461538461 0.10637868872396822 0.10336538461538461