0 0.894890199332575 0.8665746424161865 0.1675818508221809 0.17185003974700883
0 0.9416446916163944 0.5659839827829601 0.11671061676721123 0.24150562806826933
0 0.390744515885766 0.9318001202650108 0.17503876876990396 0.13639975946997834
0 0.6933593725284445 0.9166806814056092 0.2861552093307009 0.16663863718878164
0 0.7273103321712232 0.10690129778242581 0.2190437412655234 0.18504422346207283
0 0.9034778862507937 0.11939911956116528 0.1627250032708183 0.20052834317232918
0 0.5452066972064595 0.109860625582853 0.22502877902830362 0.1995792006657053
0 0.5007091804437245 0.6522616242387291 0.20815270070771036 0.22797775338963686
0 0.20569751728328226 0.9006040605271901 0.2182096890517945 0.19879187894561967
0 0.926902403158586 0.7407374001901184 0.14619519368282796 0.19650395282852584
0 0.28083059350014083 0.7215215418218484 0.3047969091017604 0.29500770487403877
0 0.1157261233312285 0.5653244771449787 0.1537474466266478 0.17872587736688045
0 0.8023676918617475 0.556113807719178 0.24107040840300223 0.3079201280096156
0 0.9348627656217623 0.3363047748100969 0.13027446875647541 0.2026524386247865
0 0.4634243923390254 0.8421364903833871 0.1615968130594004 0.1573150625433763
0 0.2603505312435245 0.22079519493728655 0.42577371703196093 0.42498525748066274
0 0.5870508226414227 0.8282189746009087 0.18038597856147026 0.18174517506378207
0 0.9833435333472591 0.8695399998509088 0.0333129333054819 0.21612436316314096
0 0.6075584380111175 0.43281526230240436 0.21124353007644076 0.17766483457970111
0 0.669372049894482 0.30829184343381466 0.22502877902830376 0.19957920066570536
0 0.2994489058458626 0.4940233843807694 0.3009707347388072 0.18935037438536353
0 0.6686594972273483 0.6669674666803425 0.20923213240762395 0.18241657674711548
0 0.058819704439393994 0.27968540595032054 0.08899066947164622 0.20840927343910265
0 0.038264917486857994 0.11605601706794874 0.06946576224318789 0.14557357259743592