0 0.5214561628097988 0.9194101359721849 0.2026682913287952 0.16117972805563022
0 0.7743692595356926 0.47627071211719224 0.18117368403905942 0.18624849671613958
0 0.4508300854306201 0.44811132778693763 0.19501302004172716 0.2179182175033
0 0.09475376520504847 0.14879045860497575 0.18950753041009694 0.20142707105610536
0 0.13650261222765978 0.9390109948337776 0.2164150363183633 0.12197801033244488
0 0.8929407414416682 0.6116873957669923 0.1648356677189851 0.31762059360335715
0 0.2768871620930675 0.16744127781134127 0.184557586857064 0.2031593639504948
0 0.8022387214433793 0.8639022911425166 0.3040024369931925 0.2721954177149667
0 0.7028353726902563 0.25698651276091544 0.21790770828026057 0.24030833030480425
0 0.04785842138984964 0.7973252551988448 0.09571684277969927 0.17453450816495292
0 0.8557122025674663 0.17561061690452717 0.1962730928956452 0.23955283288791546
0 0.5032461378735855 0.2512210707709754 0.17354212129288163 0.17878512578230493
0 0.26314378182919057 0.48611878151082083 0.2444426069856678 0.32519844310630847
0 0.7189837206832098 0.06244286261424115 0.23991717401819584 0.08274575819757518
0 0.20476553108338996 0.7646978356788362 0.23758221033655919 0.20740998156784668
0 0.44362191169477294 0.8200092235007609 0.16138288242877125 0.17596155884129855
0 0.32653461220594066 0.9196581389056706 0.19744057473646356 0.16068372218865873
0 0.48881008510483315 0.10619283204460134 0.24834136825187214 0.1861950869703919
0 0.035755089152273094 0.27185974298403776 0.07151017830454619 0.19275794750653705
0 0.582667895114069 0.417788543057501 0.1605191253186026 0.202319922376174
0 0.932944612097345 0.8346880133843442 0.054026145534082776 0.2273885891378838
0 0.3678725630068073 0.28021601618734077 0.18880524678523722 0.19371186764997436
0 0.02726737879399477 0.5916552256030083 0.05453475758798954 0.12553419935627674
0 0.09808288297174943 0.40447956456570494 0.16294668001333876 0.16162242607565355
0 0.09045356337603251 0.6595390893456935 0.159702785290214 0.14711540499514442
0 0.5345339438353816 0.5618361567675639 0.15025111731059923 0.10840203406130983
0 0.6141527373725093 0.5802732860415388 0.07335174892841241 0.06493438056553053
0 0.7296547738863447 0.6649993400669891 0.2327745180288668 0.2072420932529827
0 0.46855745000427756 0.6606990912933003 0.32566076091869817 0.2368742789277095
0 0.5836050209973689 0.8152626000164372 0.1678943804159109 0.1641941605443639
0 0.6560133976481886 0.9536191675216659 0.1306003237951908 0.09276166495666817