0 0.44139075197497835 0.589838173313332 0.1630603672572753 0.15883172933690248
0 0.5074944986509495 0.9086671018632365 0.24625997685585416 0.18266579627352705
0 0.8754875909011386 0.3549035467922393 0.16898717603567967 0.19751718966645895
0 0.43657222039529253 0.2177161964730427 0.20999245020990343 0.20422821785230444
0 0.30108411657303064 0.6964371693055876 0.20950283675396675 0.1874012947753813
0 0.05437715685120999 0.8395614067567048 0.10875431370241997 0.232007428898025
0 0.621423567513478 0.23475064993019812 0.19316552713298035 0.2034444913142413
0 0.732197031082937 0.9573664379319043 0.22931888787367483 0.08526712413619136
0 0.1302968737446975 0.7751383654634184 0.15111108126746398 0.16067577082070356
0 0.4746285425429719 0.7297947216366255 0.1443192114824426 0.17476296494175342
0 0.5665784757503185 0.6305718915795744 0.13153058813959717 0.1477608525794006
0 0.9777394946912735 0.19116873385037345 0.0400445447346042 0.13869864477936594
0 0.9338809369235079 0.7884948558839666 0.0698699254926314 0.1736960221413202
0 0.26908885711713226 0.3483240068065837 0.15923190186145605 0.19226165362273057
0 0.31233756785931127 0.8474052999920308 0.20744871449721813 0.19930856461060303
0 0.24014342174731157 0.1435755732634531 0.22285101833216828 0.2336341763685033
0 0.9046649711721362 0.5103171537145192 0.17108551941826497 0.2696325742818436
0 0.12232923655526723 0.05624675733223332 0.17841844996638861 0.1091346866441963
0 0.8900336504466674 0.9492395065831605 0.10749212660113563 0.10152098683367902
0 0.6804906376764598 0.5624607673186858 0.19174090789100726 0.23698637653407836
0 0.034723105853259204 0.6053247009605424 0.06944621170651841 0.20103401730570006
0 0.47661676512989687 0.08237637971394711 0.22465108512482163 0.13049271362113674
0 0.6868001201868736 0.8419786867688936 0.25162722739890264 0.23257386142276515
0 0.7977709882867308 0.7508630826454529 0.24413590981968597 0.22262259400535372
0 0.8760800989714065 0.6654475443744292 0.21225640680491045 0.1995324864786211
0 0.14134251324751756 0.6023413447215179 0.21480014251759566 0.20445213972032242
0 0.3749537563193654 0.4326891719139124 0.1555690496780587 0.1488804619194908
0 0.5388349634574209 0.4258794385034482 0.20065684471219677 0.2133957587316529
0 0.3002725254283773 0.47614936342663755 0.1526056452888565 0.12953773175471256
0 0.2845333595231211 0.5620720398280495 0.12581361369945127 0.11628693071138257
0 0.10325844489145743 0.3393967792830389 0.17055168483649177 0.16878299675431402
0 0.05663750035555263 0.24575542628970035 0.09972102990424113 0.12707459120651432
0 0.08683471557359548 0.15930259241541936 0.10637301013042352 0.10817970477777208
0 0.18783079440591235 0.9487224266707296 0.17333097854101825 0.09929538016079374
0 0.8266818832857731 0.1708940411616519 0.23013250157312617 0.23637390532437655