0 0.6106902480974348 0.5667715856468885 0.17767212600612498 0.201166097115902
0 0.38655829043803247 0.8799263655558429 0.22136197534999955 0.2089994687865346
0 0.846842526571652 0.5145181600792121 0.3063149468566959 0.3070693545503337
0 0.9318431701950498 0.1063715922237921 0.13631365960990038 0.2127431844475842
0 0.7789709193802689 0.8730438969481015 0.20231209410584008 0.15510629361427256
0 0.34222825280975705 0.3594096265991801 0.18434318059900257 0.1681846241538203
0 0.9658759530925207 0.8014503855093503 0.06824809381495865 0.17063901029033673
0 0.2446202224317662 0.09245579359914127 0.2751782718772076 0.18491158719828255
0 0.6996064046257829 0.21470096739880246 0.2123775185965807 0.2155386340563085
0 0.094693121656196 0.29448818716252395 0.15321304589301962 0.19467747182879827
0 0.48198477445092563 0.10561433243339713 0.23130753454672315 0.21122866486679426
0 0.12455595041032622 0.732576513705318 0.12743108736338982 0.25499225895556366
0 0.9111963534404908 0.7353023129708759 0.1776072931190185 0.1659488712979151
0 0.6930132634670227 0.029695976943704412 0.26583421924173767 0.059391953887408824
0 0.7835781128108974 0.030637523398750716 0.22581007177564089 0.06127504679750143
0 0.14806645863931445 0.9183703107345713 0.09528100761267783 0.13328711158178555
0 0.39429887225462845 0.5952051829567147 0.14377854926424474 0.14145666984830066
0 0.24975263909287632 0.6016850116024133 0.22169214993133865 0.2400813754885935
0 0.16009004959088216 0.5305611534583053 0.22043029420740703 0.22565829856551645
0 0.06847801399273477 0.13306903826761418 0.12728180076866064 0.1713619234647716
0 0.376905314145085 0.21670873036625113 0.19155471906054103 0.16868890404764364
0 0.6379116802008531 0.7535151658061532 0.3416741483363245 0.246082194231804
0 0.5839586276381036 0.9108660089177357 0.19456007177564089 0.1211162608645439
0 0.20492515950142404 0.2275254780921189 0.185905789603561 0.15873733283637678
0 0.24778194207286164 0.8279574666684989 0.15748025433205098 0.1615279055687756
0 0.2561490915690865 0.9374165133174693 0.12421760545213657 0.10903001676271273
0 0.1723446507658101 0.9747178720433501 0.113941871674074 0.046193830166830506
0 0.6259567422609678 0.381894065081346 0.2484352109042732 0.21806003352542547
0 0.9231504763287034 0.352158024695696 0.1536990473425933 0.2912850578937976
0 0.5801049574424496 0.24482429432944494 0.1503591598638174 0.13474941128058554
0 0.14575850670669435 0.4082171395590632 0.11805761342720779 0.12054496763812003
0 0.3761185594148847 0.7053113328061146 0.16676546436609663 0.13111837205848131
0 0.46878868172314714 0.5343696425861957 0.22767125396965765 0.2811148534019192