0 0.23879951118330123 0.8630568862986012 0.15747913752875908 0.16192477271220987
0 0.10425056709326376 0.5668741521054337 0.1611325644499326 0.23163631117374806
0 0.7564350841922377 0.9213621373093116 0.16406077479699158 0.14994749744642333
0 0.4495037687415389 0.9147317846672366 0.2731157133906966 0.16740375307501218
0 0.26332669084624666 0.09328149687820432 0.20453799707710865 0.18656299375640864
0 0.08739987997052127 0.10813112141963253 0.1459536060948887 0.21626224283926507
0 0.4461449787772155 0.09516089923899561 0.2095976498621233 0.19032179847799122
0 0.5924049742530985 0.6361715254061368 0.18922283686411953 0.21738105626444884
0 0.9171693942863839 0.8866594035693557 0.16566121142723217 0.21745098210352262
0 0.1577922981230209 0.7396923495777828 0.18265142121517103 0.18369923977497285
0 0.8264496912275193 0.6973289492959164 0.2837184966768022 0.27800864648756485
0 0.9458623534420407 0.5366340699962593 0.10827529311591852 0.17144226115289085
0 0.271700926311197 0.5502701903583979 0.21729266603973804 0.29444398486567375
0 0.08975261802794657 0.3361189065040176 0.13507841909289253 0.19303492103406172
0 0.6647314328686686 0.8233079110429521 0.14951171763525378 0.14745974028568845
0 0.7521688785090757 0.1985049054250833 0.3933828932252447 0.3970098108501666
0 0.5391645217946934 0.8132178320770138 0.16759844309878835 0.17159609799885361
0 0.09735052882236163 0.8710935496612127 0.11432566537890525 0.2097359776006516
0 0.4441105121236941 0.42182444920234935 0.19847050238280473 0.1645663667189074
0 0.3595605199519752 0.29968281331017643 0.21162355529998594 0.18627090794259676
0 0.7640637894432708 0.4704591762815654 0.2877907507910962 0.17229535638959334
0 0.42754743154700314 0.6563672712161269 0.1940407507910959 0.1717499348448164
0 0.963102992902442 0.24802568727266544 0.0737940141951162 0.20480241878262614
0 0.9621053726124368 0.08575208672023525 0.07578925477512645 0.13987060229315038