0 0.5199388633735663 0.7793502196647484 0.2418554917714126 0.2182531603627345
0 0.3060391025620209 0.8782632715150007 0.26589395330987414 0.21895260815692935
0 0.6555655403042568 0.4961325171048752 0.2188248721422403 0.23678448179930867
0 0.916515664247876 0.7887794710406594 0.16696867150424802 0.25587536147123874
0 0.9370284043068333 0.3202871395954191 0.12594319138633325 0.18434525874479313
0 0.8805899579896823 0.16324202336822163 0.23882008402063531 0.23281612684465036
0 0.3067286730674062 0.34016431877735115 0.21580134641437246 0.17909217410700093
0 0.6190278206865047 0.09807530503308473 0.1783476498621233 0.19615061006616946
0 0.06941013029142079 0.4975390708935257 0.09523109800608137 0.168383396674487
0 0.6345948117780508 0.9228722923651956 0.28033747347151944 0.12816601254613175
0 0.04968400132166558 0.1670801695190991 0.09243908951696755 0.2067050455771864
0 0.2736536200104449 0.5818778849709373 0.2771368594085696 0.29608551941826494
0 0.498922267159347 0.5620819218593496 0.2135132588799034 0.2270292076250849
0 0.1260469383840349 0.4068131713260205 0.14167027798040938 0.13853229226287722
0 0.11586796350192613 0.9475957493351943 0.13737672824664587 0.10240465517576534
0 0.9230351415985909 0.9426256248868132 0.1539297168028183 0.0659715153173926
0 0.11972403280639216 0.6766384711818556 0.17809568938480097 0.1923961345593657
0 0.41503118063516087 0.049055138711397245 0.30362005357801397 0.09811027742279449
0 0.5570997129713565 0.9371647284655604 0.2838853633926001 0.10426744056650933
0 0.7553694925720256 0.023966494204244102 0.1790082159132818 0.047932988408488204
0 0.09814052551819766 0.44855286568414904 0.13963415092326253 0.19127701808865347
0 0.32162500608727523 0.48658909982370796 0.15331156803365664 0.1316704776984363
0 0.6537746025111647 0.30117617191536844 0.1645646957516363 0.16320025681611428
0 0.7051933227198594 0.9147993059877048 0.172542337264426 0.13223003593379226
0 0.17420052360558932 0.06688802363117526 0.29070873951887094 0.1337760472623505
0 0.7736110731296827 0.4746414043697633 0.4025045785052687 0.3525373185532754
0 0.15157837995148749 0.8021059740748738 0.1576051177674202 0.16779811478554818
0 0.2605193499282066 0.19344689678652488 0.16950858991727402 0.12014086038514206
0 0.5047565842112715 0.21402670483438518 0.1321808736036859 0.14065635929904524