0 0.4788608739531361 0.5033054700860394 0.2631019448207603 0.257274257059629
0 0.27643898688505664 0.5415977822444915 0.1901149201540318 0.19274585845646322
0 0.7724467157226453 0.21394187567337633 0.20175621020727902 0.18588404389202232
0 0.7449932453137973 0.7835834693554953 0.2237687663078779 0.1937250853683363
0 0.7479231160644819 0.5902836883091385 0.1842891643177658 0.21897833181051235
0 0.08463687593563449 0.6233341871207231 0.16927375187126897 0.195639318066246
0 0.17040923442284492 0.2290591967641173 0.246789164317766 0.22079689607541966
0 0.874152253593241 0.42579870180989016 0.21591710503374956 0.22709915240450448
0 0.1364829845531081 0.4212840824655987 0.2729659691062162 0.2680087581457258
0 0.6592412004663897 0.07011632275646616 0.2338982934971914 0.14023264551293232
0 0.04565525388871238 0.7454978104635686 0.09131050777742476 0.12100592139175904
0 0.5914875961125069 0.8960581502128719 0.2300984430987882 0.17710799662967192
0 0.025259167450327448 0.8268310215807392 0.050518334900654896 0.19249180299236784
0 0.13245340691834212 0.7930059265690086 0.20124206763335023 0.22187179142029506
0 0.8468724211134584 0.9234298280457538 0.10625270848530705 0.10389921919715797
0 0.625526154195604 0.6358482349724215 0.21110941272605727 0.22695926284566556
0 0.6272285478211551 0.32857559595663094 0.24843712903964524 0.20644376393176217
0 0.3819971436541018 0.725740432832355 0.3339575270495333 0.2353341389037527
0 0.9076784591048005 0.7020440369907307 0.0770183923038854 0.14145147552624265
0 0.2863251148127064 0.9025372910453036 0.2269387155129752 0.16261497492717544
0 0.45024789774936175 0.13584483789122276 0.35532996033754216 0.2716896757824455
0 0.14842389277408202 0.07986437074936083 0.2223829836826052 0.15972874149872165
0 0.34495026267329754 0.2647836400921679 0.19517457293904636 0.19769344032299452
0 0.8630744242079523 0.11049729754244528 0.21237943673195295 0.20539459224046952
0 0.9383699796477185 0.18511219674467844 0.11393750304363746 0.25053383458177325
0 0.398684414467063 0.384429251375911 0.12333159203955245 0.10919652496078669