0 0.5987228735011828 0.8711195047630877 0.2696432117259573 0.25776099047382456
0 0.4840103917213131 0.3131524710646371 0.1776233337391912 0.1602784101000002
0 0.19751092017418542 0.3630127640571049 0.1707615191747503 0.17212979044839757
0 0.3272466451476603 0.6991905645009084 0.2736115666806155 0.23938354249391042
0 0.7343565025277462 0.18307005275080193 0.17302547576975733 0.16737804828098307
0 0.6286664652740619 0.09521575797676333 0.17274569665207934 0.15776266366559843
0 0.815781336968323 0.8926027696095622 0.21316568893736423 0.2147944607808755
0 0.9112968633901981 0.21966228620828065 0.17223035954256005 0.22261055967916682
0 0.8344011006565706 0.7542932499388897 0.27536018616610336 0.2994796963400645
0 0.676601476237348 0.43189509980496854 0.2292232194406726 0.19991490150737198
0 0.09005217542689294 0.046597259176709475 0.12758795683852184 0.09185171498675225
0 0.8786773045460554 0.4726805789661332 0.22376030046462164 0.25984320493269253
0 0.29650634661171726 0.9679277502480503 0.17256158596740365 0.0641444995038994
0 0.07713652435199994 0.38648971431469026 0.15427304870399988 0.30663327478322666
0 0.6627781335658678 0.9802717091410259 0.22990416976261388 0.03945658171794811
0 0.8773945974177193 0.10341044364935971 0.24182773209884226 0.13775060234903866
0 0.5997555702750196 0.6754648534292206 0.22772865541928 0.2311089513670943
0 0.40709092788890067 0.4352440687092418 0.27503618592258855 0.2057856464803421
0 0.29613494417063274 0.2390208715211541 0.2558054166918193 0.20533804535811984
0 0.4995618338512291 0.19203799099679528 0.14051646974020626 0.12338146568814111
0 0.6664671414217794 0.24282950081623988 0.24343646202549088 0.19303906388750022
0 0.09614416539878787 0.8706139436224896 0.1329552073815702 0.11119438449807717
0 0.05896215299385235 0.7612099636133014 0.1179243059877047 0.20991992722660277
0 0.088196616217478 0.9302345212762823 0.176393232434956 0.10566135024487212
0 0.3913147670391368 0.853429374268056 0.220167393060644 0.21892187017702996
0 0.23065665539984115 0.5466002739938571 0.22978277767602862 0.2191456707381412
0 0.130795735936761 0.6717661145365921 0.12588355847887078 0.11583422638493591
0 0.06095557920730837 0.5857291943825321 0.12191115841461674 0.1329968503035257
0 0.08443086941974932 0.1571182321133548 0.14354981890882798 0.14507203121303427
0 0.22619709645337982 0.07983449409561985 0.2062596532470865 0.15373827332179502
0 0.40397679466886594 0.0875805737069448 0.2497387183545758 0.16195691430833353
0 0.8979574985291923 0.9561523372092953 0.09449366892003178 0.08769532558140944
0 0.8080709363147213 0.9876251328313572 0.0829897752603203 0.02474973433728559