0 0.8698416757038075 0.28429302992368005 0.2020363428079402 0.22894344032299452
0 0.7130437985870862 0.36645994274842225 0.19544298755601805 0.17358503400511344
0 0.12191424065272304 0.9540692545221633 0.24382848130544607 0.0918614909556734
0 0.49039403031024864 0.5069394175441209 0.2793237248699803 0.23598936557211111
0 0.9039178793473253 0.08893912662057456 0.0815873182284265 0.1270983433825853
0 0.11667335652144945 0.632627594047391 0.2333467130428989 0.31772013480288036
0 0.5025114344056032 0.10857829323693599 0.34593866965033204 0.1971523795598923
0 0.5223037539035568 0.2765898554514071 0.32201063518018075 0.26121688836070434
0 0.3456455690802373 0.9314739096979286 0.1841882298152992 0.13705218060414273
0 0.638282943489389 0.6377227236730219 0.22698556719380966 0.24166211888642034
0 0.8262949578555248 0.5251451482013136 0.2898498723327728 0.24828837545902
0 0.8621634005523524 0.9261070911738116 0.1467091797023398 0.10021064336017761
0 0.13334031662901358 0.1144938307244156 0.26668063325802716 0.1616799691411389
0 0.07260662878967422 0.10913944200815863 0.14521325757934844 0.11731734555477881
0 0.4631829913645991 0.7229708198828869 0.20043283243319188 0.17612876971779856
0 0.5700422987341661 0.8590180499215734 0.3493278429693106 0.28196390015685324
0 0.8015415591895999 0.7882264124886285 0.3047476814631234 0.31827969303823633
0 0.19794732492023812 0.32858527671168924 0.18823144909447953 0.1733751996668549
0 0.2199929425283122 0.7688959297152611 0.30434751357357437 0.3446520559511245
0 0.26607186497404434 0.4787299928940715 0.2534278748861174 0.24243151146003505
0 0.7070025786767149 0.0964597809440384 0.18695638110810855 0.1565482765899319