0 0.8511455276086536 0.7856782729472098 0.2228766830179657 0.2249656856386254
0 0.46964732369831985 0.8791813012587782 0.21237943673195295 0.20774696566204434
0 0.7827261167952048 0.6265530327598567 0.19896420171816503 0.226390039543327
0 0.7577972323704565 0.3241316311218639 0.25082053195492304 0.30046440865700047
0 0.10020565702957152 0.08963613255359316 0.20041131405914303 0.138035427200506
0 0.8802504131453974 0.5278300645237274 0.19288648540457734 0.24773080725319913
0 0.2824469418660465 0.8124490338702461 0.2710693647142657 0.27490364398892286
0 0.1213057514010725 0.7186867634399197 0.242611502802145 0.2146115916929402
0 0.7208542279861196 0.0614430092431519 0.17367615941237619 0.1228860184863038
0 0.06841941081344885 0.48965408634119917 0.1368388216268977 0.3428072119329863
0 0.5441222175843975 0.3964041113788012 0.19504859270038521 0.19744593647225875
0 0.04644429078397013 0.2071266562738692 0.09288858156794026 0.2059389951445693
0 0.9060440368094566 0.17296890915667637 0.1443056413730096 0.2361564381395254
0 0.28706221340973054 0.5184186515362073 0.14836767386801905 0.17635413196811484
0 0.22714646870590974 0.1970337959642388 0.22971028076352068 0.21804799485183024
0 0.897337728316536 0.015114910267065702 0.09955531259769729 0.030229820534131403
0 0.9319416666687483 0.8459519731521271 0.04994618341827216 0.1291669322023064
0 0.8343542506004596 0.09913123281840458 0.12433943394884149 0.129799512020808
0 0.6038438811205844 0.6986071723324577 0.34948376126270814 0.398034428428664
0 0.405689989738058 0.5891443949117243 0.2027640521165683 0.20735516876238663
0 0.4930387616121583 0.2497654058507437 0.23919968514024412 0.21603594559764186
0 0.5256438793795785 0.0984005966661396 0.23236608739468914 0.1968011933322792
0 0.3492233691684927 0.14198202720117908 0.2724551473395384 0.28396405440235817
0 0.3926850207017318 0.42536247639749275 0.14305606060568216 0.16654284890290136
0 0.23515477507655186 0.36461738215906847 0.19391477055243486 0.17581132108764336
0 0.16654473350148577 0.4837506004683826 0.14685591100408515 0.14750797812196112
0 0.6924491345740453 0.8844951002648115 0.16596069999619315 0.14588772576743053
0 0.09897485909718697 0.9448931749637441 0.19794971819437393 0.10688337642542031