0 0.22846429020097356 0.23581547228492405 0.24107080513516804 0.1864107596207447
0 0.8363178580401948 0.05176281615127138 0.1927488993042258 0.09482685792173934
0 0.4679169396166857 0.2780933588496031 0.22488171002945911 0.1646922332292406
0 0.8181423396196698 0.20076631477019594 0.2636865417323567 0.1985558569003087
0 0.32837236314701373 0.6175872793154459 0.20623961352623388 0.17179189034826065
0 0.18033920371079487 0.5012866354389612 0.22684395245460573 0.18873069476770213
0 0.3234179985726427 0.7666676963573518 0.27148675292143926 0.2058093508652915
0 0.4661039482172954 0.9171100645509015 0.23969723543756524 0.16577987089819693
0 0.37041330792274035 0.07310214030147719 0.2880195380006732 0.14343521737562467
0 0.07621211118460632 0.2997823121951788 0.15242422236921263 0.15242126943934348
0 0.10656750756366293 0.7724947032052254 0.21313501512732586 0.2585820849073886
0 0.0480041820418324 0.5953505003596448 0.0960083640836648 0.1858933084115972
0 0.2581712559096031 0.9164108061601617 0.3046010815914115 0.16717838767967663
0 0.0796704146843652 0.13869664955185693 0.1593408293687304 0.17643176064217542
0 0.4502074041806124 0.4066571725769279 0.13299603869943127 0.12811708971240066
0 0.4372809834303964 0.5208188871328981 0.15340415338528857 0.14265204797799613
0 0.5595322571065278 0.08382235317423074 0.20305087040232905 0.16216252056506122
0 0.7278030748044217 0.5561789237601494 0.14658506340877947 0.14741778478224396
0 0.5829594519564393 0.6659656848555364 0.4025205491957239 0.3098879790392309
0 0.30666341979864453 0.39740460096957864 0.19392584802714818 0.22698245571201855
0 0.06995830651030353 0.9388627525067932 0.13991661302060707 0.12227449498641363
0 0.818536771765528 0.7851806335111072 0.26010495339125694 0.3018513156766194
0 0.8500307626891327 0.3993633258187996 0.25755403823856626 0.2706013156766192
0 0.8694337736388301 0.5594078948150686 0.1834276526865302 0.15724294691485063
0 0.6753586745859255 0.16746828904047767 0.207466114224992 0.1573827985929985
0 0.6975326090883319 0.07260027697044337 0.16743478182333613 0.13792826667719255
0 0.6588530458876043 0.8852611064003135 0.22080975944815534 0.2031118161873347
0 0.6226219216644863 0.3715854346001788 0.2951815244863757 0.2900418624246105
0 0.36101912190387125 0.2029168251930769 0.11960323823259791 0.11122024079640372
0 0.041233850576827595 0.4209877431989098 0.08246770115365519 0.21216779409012732