0 0.5504807692307693 0.5056172608975478 0.29086538461538464 0.32336716446360686
0 0.3473557692307692 0.7555179793738809 0.23076923076923078 0.21344546805504222
0 0.125 0.24996864070095476 0.18509615384615385 0.21211651724607145
0 0.8701923076923077 0.7499203744655223 0.18269230769230768 0.2144504186204979
0 0.22956730769230768 0.8923587351038983 0.18269230769230768 0.13512349554357483
0 0.734375 0.24666071604118606 0.2620192307692308 0.30329705787980343
0 0.016826923076923076 0.7699430788517557 0.03365384615384615 0.2149215346041808
0 0.08533653846153846 0.8388631141767612 0.17067307692307693 0.1636199254926314
0 0.09975961538461539 0.44421267626947497 0.18509615384615385 0.17605882493837915
0 0.875 0.4240593310605293 0.25 0.39188964167501356
0 0.421875 0.9132054604426453 0.15144230769230768 0.15344498264189083
0 0.1814903846153846 0.024868550155368728 0.1466346153846154 0.049737100310737456
0 0.39903846153846156 0.47276416661636145 0.1658653846153846 0.19953772824148458
0 0.47716346153846156 0.14936968796330524 0.3389423076923077 0.2987393759266105
0 0.29086538461538464 0.07292336266937346 0.1971153846153846 0.14584672533874693
0 0.2644230769230769 0.18581568964846934 0.1875 0.20497492356395247
0 0.14423076923076922 0.08594754400406021 0.12740384615384615 0.1407263040784648
0 0.038461538461538464 0.6226789604523647 0.07692307692307693 0.13444977140296283
0 0.6153846153846154 0.878728751853221 0.3076923076923077 0.21568370099646636
0 0.8028846153846154 0.9105326744431146 0.20673076923076922 0.13822678949161607
0 0.6778846153846154 0.7591217260498523 0.15865384615384615 0.11759712467245666
0 0.7271634615384616 0.6771590119179062 0.24519230769230768 0.21626898288540541
0 0.2764423076923077 0.41623519652060254 0.27884615384615385 0.33744051748958626
0 0.9314903846153846 0.17481947489801702 0.13701923076923078 0.2251406985807582
0 0.3125 0.6303302555985406 0.22115384615384615 0.16508876586044108
0 0.13221153846153846 0.7088934217473116 0.14423076923076922 0.16044668676517057
0 0.4735576923076923 0.6713170323005104 0.10576923076923077 0.10884680106368914