0 0.6263438875060127 0.8722280329442165 0.21546372208347228 0.19954069615966
0 0.2282338964151946 0.5531431661839457 0.19164918241302864 0.2029483075185547
0 0.5163232770228348 0.3989729437919433 0.21004355856607787 0.23758221033655913
0 0.7647622736524516 0.04034315819766154 0.2554860857664417 0.08068631639532307
0 0.9410170057881934 0.7646765029033447 0.11796598842361333 0.20833974074665618
0 0.15227242921323703 0.7335242187355069 0.22162157345396774 0.33175223462119846
0 0.5745258586239259 0.0895045832222876 0.19712864032477492 0.1790091664445752
0 0.34235415855013945 0.8815374496784906 0.3170970261490646 0.2198441130676872
0 0.21496983966247435 0.3201100973557485 0.2326858223567743 0.26047689857509254
0 0.9798637796640681 0.5602332802724319 0.040272440671863856 0.17926098779252306
0 0.07923484570699962 0.30391208913055395 0.14122770757661146 0.2527527448158152
0 0.3966511850213533 0.2360121663576987 0.18650560730330928 0.1954567528672566
0 0.7036816688916497 0.35913615449772773 0.2677424941130809 0.34402777303929877
0 0.12148648628810652 0.12428922683038654 0.23759884774378046 0.1600753924930731
0 0.8592764729243336 0.5947260534203263 0.2504610994454264 0.23034696333413068
0 0.6587595355310645 0.7401802111184478 0.17426245466606038 0.18994902008516534
0 0.8100668629468822 0.8060889440525728 0.21155171724785213 0.21849144920066976
0 0.3549098183490299 0.10162769848744778 0.25985256219279296 0.20325539697489556
0 0.8679630307941703 0.07976809349292123 0.15581541197335425 0.15953618698584246
0 0.3836375615554318 0.42236839305777046 0.17549402494015956 0.2163913277774732
0 0.18378594006047388 0.918492218757226 0.12942577082070356 0.15377502822348368
0 0.5315728052415889 0.20887093976622256 0.20171241076444935 0.21312372451345837
0 0.9624440907925764 0.35667640171734755 0.07511181841484725 0.13272415375927735
0 0.8260736062849189 0.2182322598831986 0.17129880384216933 0.177789781221055
0 0.9210222154344943 0.45223465268033947 0.1579555691310114 0.16322669620309818
0 0.48058176210203624 0.537240393144647 0.15681643252474026 0.12420512536204079
0 0.4141434239965876 0.5857017776948742 0.07776609785549209 0.07405178940281122
0 0.3380107014662689 0.7106543606130941 0.2456534071377341 0.23006694714437095
0 0.5776346096553021 0.6026935389827975 0.33627512884017696 0.27130493896261487
0 0.5274173512717697 0.7924218142304288 0.1761064961498615 0.17806979741081447
0 0.5123884309936859 0.9355088101612699 0.13568232741581782 0.08221967598761801