0 0.7345837264753734 0.8094475336973672 0.19767890577435912 0.24196987835961237
0 0.9548264545832263 0.24095938370318118 0.08620678045299165 0.19706796753360442
0 0.7114165118674141 0.5637770519434255 0.17570858954807717 0.2262867285826174
0 0.8166612508773503 0.2305050720937484 0.21266148410021385 0.26684838846735237
0 0.3642825333196576 0.6374358903281787 0.1825284770276711 0.2098798297903336
0 0.46747705269706125 0.8059258659349438 0.19980300122681635 0.2300906556852612
0 0.21680967076992472 0.6132003924930731 0.22004087298258573 0.27447995121353014
0 0.08399172521677337 0.44261029546311154 0.16798345043354673 0.2409898216954538
0 0.9068244122652772 0.7003277197710064 0.1627402162722224 0.28794668001333873
0 0.6565116617985035 0.9357002385817619 0.16245845569273515 0.12859952283647622
0 0.1908379145747322 0.8499910929173643 0.27012999123141046 0.26059319812908216
0 0.3582668883007471 0.9338112508761155 0.1909689086972223 0.13237749824776904
0 0.07719780292921988 0.646657202350275 0.15439560585843976 0.30773748162362696
0 0.8149976575315164 0.9471820239371334 0.18616121638952984 0.10563595212573336
0 0.5828107426366448 0.556286618867358 0.13517689589626075 0.1351042913722334
0 0.4686840004692303 0.5472323882067228 0.15250737023568384 0.15771896342100705
0 0.9088965773336535 0.5078800193684342 0.16564560381047008 0.20649592697232896
0 0.4574810714292733 0.25291309672589374 0.15468741582841888 0.14824358690050232
0 0.33669927738595057 0.37465846930755436 0.33112335720010716 0.4057803154831197
0 0.5806276822267622 0.7017893152224901 0.23748123772446605 0.19867693904949135
0 0.04407246829086507 0.8420224857796625 0.08814493658173014 0.1696218946362482
0 0.2389568818684828 0.1270515827661859 0.3153554670322652 0.2440225827010285
0 0.6209446197689102 0.1589282544674536 0.28214922200064113 0.26129323860348097
0 0.4667917450902777 0.1114361938861701 0.16737804828098307 0.177789781221055
0 0.8384886769357903 0.3786097724746013 0.16810540010459418 0.209039781221055
0 0.9264528621122861 0.3741046833223282 0.13601614800042747 0.1711619836799257
0 0.12639272387264938 0.25770044521838725 0.21405822772906 0.22371916579300127
0 0.6323723543090275 0.3918794649777658 0.3046790396297011 0.30101484991893734
0 0.7772125454485572 0.6843538211090373 0.11561042582382496 0.11956114969011832
0 0.533300056409294 0.9577322912853569 0.21891986029893162 0.08453541742928622