0 0.3955502409294604 0.5153931599264954 0.16722050238280473 0.16715424771987186
0 0.10579734022226225 0.3734883412734507 0.2115946804445245 0.2550355126250002
0 0.7592732195668958 0.14919123787355704 0.20618596179898782 0.177664834579701
0 0.7496970610250222 0.6067882293395827 0.21313531816391965 0.21864211947564108
0 0.25045805326663134 0.6268113449856835 0.1961824148483356 0.2158466223398507
0 0.07220226837930012 0.8644324580608439 0.14440453675860024 0.1845966223398507
0 0.7917234822401933 0.4233405947535249 0.21225345649329178 0.20181519639871814
0 0.10308109887658425 0.1404551397010683 0.1684700831501322 0.23680983604113262
0 0.1203030851008081 0.7738955713706196 0.16431273527431406 0.15748291296420958
0 0.2728757645350497 0.4510228499833865 0.1831655637890998 0.15071897562489328
0 0.3963435584325474 0.3857253429694975 0.15356352851097896 0.13562449701848295
0 0.9387853564348221 0.0681838007102022 0.11713811710658735 0.08195657966997873
0 0.36323784051773367 0.014783738017734926 0.17256278050299423 0.02956747603546985
0 0.5711451083759811 0.7381925105232902 0.1983445221441437 0.1654777533896368
0 0.10880987892841584 0.5808895072485041 0.20807566537890526 0.2137225268873933
0 0.756891606654009 0.8130993725182686 0.24501521935722573 0.23138870206848322
0 0.6225536069653916 0.08681318754460449 0.2789312476076783 0.17362637508920897
0 0.8197321112988724 0.9196778704434287 0.1529336273176733 0.12360526624925218
0 0.15378827453646535 0.0233111097148504 0.187615758619377 0.0466222194297008
0 0.49861255697110174 0.2897093622882474 0.24590730264713792 0.20259849836260704
0 0.24324996521110945 0.9246924425716343 0.2054403019863051 0.11762463087382494
0 0.8953817138100368 0.5985955535450848 0.15607291166491805 0.22931854687820527
0 0.2346150784544126 0.21902472600614298 0.2441231360673134 0.2601789057743591
0 0.3567498582266841 0.13335047682483944 0.23400383049728413 0.2503397205978634
0 0.461243954180377 0.09307558349951908 0.2073197839469383 0.18615116699903816
0 0.28921243868262886 0.8035769575647433 0.21579112479508827 0.22350576192361132
0 0.5246854851630847 0.6168272597632474 0.15735315729009777 0.16212275485106858
0 0.5834179600261596 0.45820038374049094 0.22452464773984487 0.20690263940779935
0 0.4590359791965557 0.6783781172566236 0.13787042758200635 0.1568674614211541
0 0.37281246825474706 0.6743827069220083 0.12206156803365677 0.13008945288717955
0 0.5266467400779913 0.9000894549351491 0.177339807952834 0.1769934328963677
0 0.6020001748274458 0.9511556907607367 0.13093129283635846 0.0702730497424146
0 0.6936612792702525 0.9430199700455657 0.11233042479889505 0.08184467938942319
0 0.013350584490831569 0.677213213701282 0.026701168981663137 0.17441972644358986
0 0.8937830671821876 0.23969612973744583 0.19731623699628587 0.23748123772446592