0 0.8118976735771314 0.08490927965152516 0.22235849899958338 0.16981855930305031
0 0.4236765197309775 0.09429225202696029 0.2078934627858137 0.18858450405392058
0 0.7692760820448252 0.23227090161264602 0.19616794705143276 0.23123226524673873
0 0.7915914828960666 0.5361105904065042 0.2455036488491406 0.3058672546353466
0 0.1611008991074831 0.952215923877536 0.25615038960986286 0.0902769822211597
0 0.8882515703070408 0.2956834281411266 0.20856481143689912 0.2534967818246599
0 0.2533303040724516 0.20887588369402546 0.2642728658822888 0.280432788852328
0 0.11434171640947201 0.354466881501857 0.22868343281894402 0.2189508523809014
0 0.8031944742817322 0.8345075748897224 0.17145813686188605 0.19151092439858858
0 0.08035827922226063 0.5977541531853211 0.16071655844452126 0.3477609243985886
0 0.5730932386402234 0.5331517152015925 0.19085674325542643 0.2021341509232625
0 0.09026527285822983 0.882678023345063 0.14779730893965984 0.21188573739659233
0 0.9387417763533507 0.6364728925325894 0.10262774350489678 0.23833826670818434
0 0.3035836507277735 0.49443987666635736 0.14484799200680692 0.1805097571579313
0 0.29657036588989333 0.8274355590933803 0.22484626373481523 0.22312864349528802
0 0.9592766371189609 0.8359342439921316 0.05241089660263945 0.11322250808880724
0 0.9019938617634918 0.014835132902929486 0.09505073801147781 0.02967026580585897
0 0.9010266920632914 0.7333145191894299 0.12241615009902773 0.13370285808690377
0 0.5833766183833302 0.21919783164734719 0.34093202047685406 0.40693433009697766
0 0.40750940247533396 0.3881241780617197 0.19823611887973633 0.2121274762546306
0 0.5463064435613816 0.6918634406651272 0.23441968905950702 0.22122871829608654
0 0.6071970941618849 0.8495826566482988 0.22762774350489678 0.2448892391185643
0 0.4236385377181969 0.8399893756751081 0.26680258990821343 0.2877703075525275
0 0.4202392114175286 0.5531706911258067 0.1398724625363432 0.17064241206522437
0 0.27785192120842966 0.6615020735490229 0.1880752634853448 0.18037355529998594
0 0.19183186751145115 0.5675426599524628 0.14434448051849294 0.15166360331177758
0 0.6396389566687185 0.04181368681135986 0.16302977897025528 0.08362737362271971
0 0.0741625767983417 0.11147922798611952 0.1483251535966834 0.15684923633545325