0 0.5756780727906352 0.6506791002483984 0.2680190825207556 0.29255192684164716
0 0.16112325825883506 0.7143543694018473 0.229103072468486 0.1783959394068289
0 0.5053640049014375 0.45993964205904175 0.24805725329158024 0.22465662543193032
0 0.6938714751585664 0.869745780133474 0.19293341922678467 0.17473293089150133
0 0.6939506531170039 0.5073526200047294 0.16352746071058577 0.1617063702330855
0 0.9165336581431388 0.44318134498430894 0.1302094973587667 0.16774269049057489
0 0.06061305560963249 0.5732448012019074 0.12122611121926498 0.2717796283654161
0 0.10806425176746323 0.884596287870732 0.21612850353492646 0.22912854110989428
0 0.35674356175288374 0.9199175285567885 0.3210616975243417 0.14320822308514172
0 0.4823694668209283 0.30954663633463514 0.1773907329636176 0.1501908044084474
0 0.058387092638842626 0.2574748086008664 0.11677418527768525 0.2735119212598056
0 0.8102506613888247 0.6124884400544091 0.3382970535070342 0.41020303447692896
0 0.48500386269748763 0.2014575035689903 0.2194876878531013 0.17806016277710052
0 0.9082352933170816 0.8274609529699651 0.11254618120412374 0.2007249833849645
0 0.16524628555098747 0.05902775513360014 0.16760409301987186 0.09465051039768954
0 0.6922483979133403 0.043189065201209464 0.2837724349425503 0.08637813040241893
0 0.7806110173715173 0.3471305397325475 0.2122761493915627 0.17780833030480417
0 0.18165483394009826 0.4796435927721189 0.2324619004887563 0.25051132402221354
0 0.21336261945817708 0.3141406896593365 0.1927094973587666 0.16992523858380906
0 0.20084950626794856 0.1705814736880239 0.21160438378750884 0.16338525338172724
0 0.3513764210730509 0.062131774189182094 0.1911420442826404 0.12426354837836419
0 0.3119168196895695 0.8002861250936315 0.182758229941355 0.1623779234925422
0 0.826853840746682 0.1787201255213264 0.18684149010533646 0.19851955995766668
0 0.868173696952798 0.0814788858090733 0.21076799070978872 0.1629577716181466
0 0.9110674559407829 0.25137731762120913 0.14491579054421366 0.22585471897004294
0 0.6233566828927837 0.3226227771999882 0.12590231532676738 0.12679336171775818
0 0.6434897674503203 0.19952295840924186 0.14351296494175342 0.1442078938967058
0 0.35474832665375927 0.21560587268570758 0.11617496977737359 0.12405373893418362
0 0.5481062139761945 0.8304371919693936 0.1763304180178797 0.17895301409716888
0 0.4109322975153407 0.6324327855727507 0.12271474263485817 0.1098824944834029