0 0.5881930031268134 0.26614212188895076 0.1918108526704267 0.2458784974428603
0 0.09813802363117524 0.16983942144151393 0.19627604726235048 0.314167310963126
0 0.19781440039064835 0.7428627895022153 0.26626013866023795 0.2495576028069691
0 0.4912512669270989 0.4659063354122005 0.2528162886490342 0.28203410350572705
0 0.9173152954920091 0.8232223694283767 0.11752717989303708 0.16547253939818937
0 0.5766742250855128 0.6208075417025157 0.11393427248905943 0.12441093054029022
0 0.915961053048387 0.044497120030569194 0.13442404774937972 0.08899424006113839
0 0.5579624060549274 0.8105886981132695 0.2738913457982935 0.26456935245758995
0 0.21122168747627582 0.32329352353480423 0.19181085267042677 0.2458784974428603
0 0.7303290420656621 0.4499877925127601 0.17174074608662365 0.21546254965658918
0 0.39159093306615034 0.6766840808702725 0.1803769037901349 0.18259360047280151
0 0.08194378464076088 0.8926122167791477 0.1586723436261 0.17842373613632334
0 0.708495863633713 0.08023550162048863 0.23685442657872802 0.16047100324097727
0 0.3916078400025376 0.07945000955218127 0.2696689353795402 0.15890001910436255
0 0.05469010181326553 0.6882115608367193 0.10938020362653106 0.24077666713747892
0 0.06434970755448682 0.5013248111860984 0.12869941510897365 0.2058963202848746
0 0.4027744395730115 0.828052854063158 0.12933657632400958 0.15924212214922415
0 0.37301018687720844 0.16833097237294276 0.2691978193958574 0.3366619447458855
0 0.3285940934288848 0.45160535313396727 0.15748328237596831 0.13755835152093887
0 0.16156537121695136 0.5875447554711186 0.09675762551503887 0.11101813007345686
0 0.825074743894991 0.572952213954274 0.3210332630891803 0.31877838229613786
0 0.892864823477291 0.30362353096833034 0.1925360241182048 0.18838241399306727
0 0.862157906795191 0.12267266383681961 0.1806566829078129 0.19220898508818626
0 0.707638028808425 0.24080402188447458 0.14191536532859644 0.17945401259256696
0 0.8069132343636348 0.8262390691994361 0.1466531128568692 0.1774426149237501
0 0.2949068654211955 0.908802105349188 0.13839240270403808 0.14079624988851364
0 0.1647494492164056 0.9314174452142111 0.16653910875599684 0.11911247926022821
0 0.3266834738216397 0.5584783948588637 0.0964079016179414 0.09899889930422609