0 0.48618287381141845 0.5070862843440089 0.2587079514177218 0.2617011825656713
0 0.6671348294659334 0.5964664348197771 0.18620098210352262 0.19313471153719405
0 0.3103610706794856 0.15562396416297075 0.19819224253712397 0.18853681568296593
0 0.1281278694596179 0.6996153159349713 0.21988279859299853 0.19852983391458615
0 0.19528252627649684 0.5181729739024568 0.1791432804879471 0.21945114135742336
0 0.851419843578829 0.7326586463595061 0.2295121683761979 0.2011015172312036
0 0.8790097363870994 0.3283719199610775 0.23926740466973065 0.2253078159324364
0 0.1266967938240495 0.32588017794793356 0.224886283250098 0.23226759864981783
0 0.8526225680109015 0.5259278771287369 0.2900278772567956 0.27426588411390895
0 0.4731800927766928 0.061777878997230265 0.23152442983122976 0.12355575799446053
0 0.8254802005727047 0.8532915266040886 0.1136800276215088 0.12216439435487067
0 0.23056324041531853 0.8576668356659487 0.2271083222223518 0.20105955794051056
0 0.8551436853808746 0.9188728047011974 0.15942303038366007 0.1349808516472654
0 0.7124085277511392 0.8708886132666515 0.1959981739004998 0.2245525486999655
0 0.012241390743968667 0.829075167332766 0.024482781487937335 0.1591573576421603
0 0.2958035319518692 0.5921318375395118 0.20564152885151393 0.22952807817042908
0 0.40685675208964484 0.30176115135144954 0.24399118597053399 0.21096865759074512
0 0.4980404737956296 0.7412305082451984 0.32829362336892703 0.24128338661114795
0 0.01895026451932388 0.578970269106034 0.03790052903864776 0.1401363848648551
0 0.5234338939018277 0.9210574175860388 0.22196498588710428 0.14328333166681737
0 0.6492054821970896 0.16653462725220466 0.3477621404525478 0.28248444555207536
0 0.9292535591201665 0.1616463698864899 0.1407656530332975 0.233202869629415
0 0.7012090320093729 0.3170538305492701 0.19105062991465943 0.2004301685801182
0 0.2604047452417712 0.06954978459094453 0.20995974028568837 0.13909956918188907
0 0.1316171688294096 0.10174386863153323 0.16945797003348848 0.20348773726306646
0 0.6056907096359505 0.41606699176240614 0.12082164024397347 0.11027104145771843