0 0.18439769867436678 0.8692018533638447 0.24498164153368004 0.20466426259608256
0 0.29076300916551384 0.7285357385055923 0.18684149010533627 0.19437756720363536
0 0.9506782509395874 0.24436158987411988 0.08879093592803199 0.2557027733437757
0 0.4646072672927143 0.5333363867330738 0.2580678151033439 0.27929537849482355
0 0.026415796273526967 0.8695218389805592 0.052831592547053934 0.08519752411496466
0 0.6528022303882015 0.15912042470496093 0.33761866004828506 0.28502612312097697
0 0.09390799961897074 0.4735305630906287 0.18781599923794148 0.34129189541202665
0 0.23411793885850607 0.5246415282402082 0.2864134586738049 0.3204684472163618
0 0.9055780562469937 0.46390792935656766 0.15503168543529108 0.18199470976349566
0 0.5686048285329341 0.7017043590559402 0.25800852070899194 0.2264387343925859
0 0.42626413947092784 0.8625349128433556 0.2726028529604299 0.2749301743132887
0 0.8129145263136077 0.9505706800543331 0.11801901126117488 0.0988586398913338
0 0.1410925491511693 0.12069663284041866 0.19377644015919981 0.24010658669146737
0 0.14629541865524076 0.06062845027664243 0.13529377807413387 0.11929891078685234
0 0.6806175383368411 0.543065340608597 0.19187310428104654 0.1992412020760829
0 0.8091870325157392 0.6744394247294353 0.335721952024827 0.34747018055622164
0 0.6904073140589821 0.8698871497820962 0.33935074059807707 0.26022570043580756
0 0.3376711484389897 0.2119745426112566 0.18890945345715543 0.18719400002447437
0 0.7648510370950274 0.309543464721114 0.3649566552126649 0.3045645764578999
0 0.47398565247964275 0.30615893955342355 0.26404778329078343 0.25293698464964876
0 0.056220245913452586 0.6738880902658736 0.11244049182690517 0.18912233437790119