0 0.05165545109814862 0.6043306796439116 0.10331090219629724 0.233646333019869
0 0.17460085035833445 0.5615381553774896 0.19741395780484303 0.17784372890747863
0 0.899595836148647 0.08422660995817298 0.19197533763518493 0.16845321991634596
0 0.4275146690345451 0.4741059501454902 0.2819986130648144 0.24209723062945074
0 0.8334039831069098 0.4432628953157006 0.2747260519106831 0.323072118428253
0 0.28506117827799315 0.8716019839621654 0.3498173679404554 0.2241160421660087
0 0.32335544935769367 0.6937224793871921 0.3249670905534184 0.2682773562251519
0 0.7025403841802709 0.0797449200682305 0.1863264081782048 0.159489840136461
0 0.3316593960701573 0.3116318103546726 0.2297449255421648 0.2465372038404437
0 0.133212142644694 0.3781955032533077 0.266424285289388 0.25550224402395416
0 0.18164076125569803 0.009877566711991106 0.20402616979629623 0.01975513342398221
0 0.6723065190304862 0.9171099841718354 0.33689805742051254 0.1037977542350401
0 0.7316066577240046 0.9367340265475144 0.2247291040383191 0.0524555665722111
0 0.5221037260926644 0.26815150558525624 0.20243195939985734 0.18049953553864712
0 0.4688867560355416 0.12750261194067136 0.35068802639045527 0.2550052238813427
0 0.22165128811702306 0.14310205789246092 0.31631280838133846 0.28620411578492183
0 0.6430974991655284 0.717643521902651 0.19020241934330448 0.17746578819149542
0 0.7639910178348296 0.2794029728996104 0.3082894540712245 0.3511521692231557
0 0.627560763067665 0.5533528902705309 0.25618723323447246 0.2479229864657164
0 0.09166597795947366 0.8412559492749873 0.18333195591894733 0.18467732665303388