0 0.5206370799513057 0.45133111135639636 0.3020750783616559 0.27578660751531103
0 0.7813083447367075 0.634331894095779 0.1935803425788388 0.21986881342518372
0 0.29246209781171967 0.8959019967846373 0.19812231669804997 0.17422370683773636
0 0.742208878429297 0.11128557811701856 0.20291602383792742 0.1718478310195198
0 0.9249455456904973 0.739731319273067 0.11641951780291038 0.17855590343972566
0 0.2504693044769451 0.2887070802534468 0.28508033327095544 0.2468425574944537
0 0.8217767547796692 0.9768294202212052 0.2094283039087263 0.04634115955758954
0 0.8850451376543336 0.9025898928082705 0.14539153815939743 0.1948202143834591
0 0.4884315000214405 0.9066571725769279 0.157284902418295 0.17879365129257715
0 0.4153697125131087 0.12380667221728317 0.3740086557954482 0.244956162549755
0 0.9316450228164967 0.5438737984058647 0.1367099543670065 0.14504190896402752
0 0.044677144200066084 0.8620096014227904 0.08012407764236647 0.13748074130711913
0 0.4962917460760681 0.6050304209404949 0.188395050740147 0.15493699693570798
0 0.1546658888736183 0.5549676040338707 0.3047446427039833 0.3214736696062029
0 0.0872960646659088 0.7504824882896105 0.16692825736930914 0.1836572842715286
0 0.21957053638261387 0.762068980211732 0.19092476340432635 0.176585597488138
0 0.12777066593762856 0.8901363204816314 0.13291079685227827 0.1209614919221216
0 0.6714244888217663 0.9572839847146031 0.1255174512091475 0.08543203057079378
0 0.8960130767720063 0.35136332116485786 0.20797384645598746 0.29448594036911807
0 0.9232447450907006 0.15921645828703568 0.1535105098185987 0.1932027430478393
0 0.7637533915782655 0.30251022127421356 0.1042744205233464 0.1568513622160362
0 0.6793810283407986 0.26115535578531107 0.1960820849073886 0.23670972166992157
0 0.4477541138164061 0.7321475711541375 0.31640025911002934 0.2590435954452767
0 0.16151920284558058 0.08026392932051443 0.2076537903065458 0.15985657058591865
0 0.6601798321559578 0.6792987200442087 0.14548943433410086 0.21718526391504156
0 0.7489271488540078 0.8528861017463718 0.14983561610390475 0.13788631117374806
0 0.6892629324998137 0.513608150026509 0.10154891550975975 0.10154891550976003