0 0.2707118672368506 0.14840918352878416 0.31509447691546344 0.2968183670575683
0 0.5296904498468963 0.7128408758257586 0.35126792784253263 0.35224228408101593
0 0.7634627631054265 0.8447569958329522 0.16962434853665087 0.17566576061680414
0 0.9195885728691563 0.7248709409288993 0.16082285426168744 0.30802358889723835
0 0.33944443864456125 0.5595260871293098 0.21211725463534653 0.2555032786515862
0 0.34873120063799223 0.89790400573788 0.31600700344394395 0.18196937504748772
0 0.6341284564932917 0.1498467928349158 0.16822834429209402 0.19471437727809165
0 0.21249851615858095 0.7851440906437313 0.3143181522449281 0.37817399681546465
0 0.48098030476941633 0.15179809638161124 0.2364076766511303 0.2621324966540942
0 0.3765696421736224 0.04079907628116818 0.17836809310069165 0.08159815256233637
0 0.577600635806787 0.06369766485209327 0.20327819469049715 0.12739532970418654
0 0.06063751087191861 0.12090156718666455 0.1152279702881017 0.14281225024205552
0 0.09207303082389379 0.4214002677927266 0.15592648818768848 0.3254686951837776
0 0.9615605651806555 0.37257912094683465 0.07687886963868898 0.16113225662541686
0 0.9178758280255555 0.8439165390784389 0.13219109522297037 0.10100024002867733
0 0.9062516604036256 0.20766178133772015 0.17479975994104263 0.22873252857090096
0 0.7345911848098278 0.11011586402011274 0.16961412691736683 0.22023172804022548
0 0.5639333107169116 0.9057308885924814 0.18367970636302863 0.12405621321855985
0 0.7956406220628333 0.6528674027901015 0.2553864854045773 0.25878202490225444
0 0.024133776919270163 0.1381480089367059 0.04096069999619324 0.141973212895819
0 0.8683502618027947 0.003325443335163859 0.13573898514405103 0.006650886670327718
0 0.22769791775219314 0.7067637931648018 0.26916943951506417 0.2933466339035085
0 0.5807892382480616 0.49055683209616074 0.20112630901397333 0.1828414363277568
0 0.7192198056907755 0.39197836959662236 0.21338727864124224 0.23405081583645235
0 0.9241621925332737 0.49521255695185074 0.1516756149334526 0.1852811452321886
0 0.19992604634067573 0.4301214015277196 0.1720281946904971 0.1758479131862856
0 0.7225345179694768 0.02587224097546372 0.2094921128620305 0.05174448195092744
0 0.10767592718169991 0.23559343504393931 0.19947834429209405 0.19708236068135213
0 0.5269274458120095 0.3377677309163107 0.28638452492725486 0.2563423159978227
0 0.8731970505852326 0.3597968365573685 0.1942927112684185 0.18950651708085048
0 0.3410856321531729 0.2915151723507566 0.13079509097841324 0.12004885668996497
0 0.2685718635832365 0.3814786699587823 0.10258905994484926 0.08439133227182151
0 0.7643566363977298 0.24013447460648926 0.14698189124274647 0.15479561826070057