0 0.6010913861352964 0.8815485377702406 0.3003510744052103 0.2369029244595189
0 0.5310096561441351 0.3453671638890414 0.19603176964638835 0.19098248438942822
0 0.24068990855205907 0.33724903054476635 0.19413158843713474 0.20520933706999037
0 0.3454518603815045 0.6945632792661965 0.30009924193291404 0.288166210267352
0 0.7907471274568574 0.2670941030597823 0.1938797559648386 0.1979977986084519
0 0.6910676266908636 0.15828359489765706 0.1911401331812641 0.18818618975055268
0 0.8150489610334463 0.9263136312480006 0.23782053999352606 0.14737273750399885
0 0.9328067862614241 0.33795801262240793 0.1343864274771517 0.2469579291427739
0 0.845564373231816 0.8374203796163217 0.308871253536368 0.3251592407673567
0 0.7149649557367345 0.4994089468794612 0.25291517017605963 0.24116871889034258
0 0.16181318972458109 0.03478163963309826 0.14093407175685446 0.05465023683508162
0 0.8922810078145782 0.5807220949051174 0.2154379843708435 0.29508361073120126
0 0.29463153593159613 0.9524256287911569 0.17850275889832437 0.09514874241768631
0 0.11125996495281115 0.3374702291412819 0.2105998595502661 0.3335943044364099
0 0.6566774817635808 0.9966631960468361 0.2324481139178725 0.006673607906327889
0 0.9048954558140548 0.2144053151855158 0.19020908837189027 0.17675563170886585
0 0.6185822033940553 0.7252481923300731 0.25392250006524464 0.2700148727364962
0 0.44476882869549633 0.44978760094858744 0.29660412173245077 0.25671998602483725
0 0.3497672744622363 0.2346927237891097 0.27969325449809557 0.25294257017338845
0 0.5557005741974007 0.2287314701838328 0.15373933435465842 0.14678128765129414
0 0.7179907239937003 0.3114919207725968 0.26476651263042605 0.23734214779522353
0 0.1016484608256367 0.8172829163197743 0.14619201926339154 0.1365772303083655
0 0.08199414126889656 0.7006228433588136 0.12319142202579937 0.2329764559483965
0 0.10478109952349773 0.8726694899794933 0.15365539019722624 0.1443774414974481
0 0.3979091468507382 0.8582454212260018 0.24380345050526747 0.25480689884336055
0 0.26045870667791565 0.525828263878597 0.2535027792780842 0.25799564196726565
0 0.15138134076773838 0.6283845706342538 0.13906442495928514 0.13839240373466755
0 0.08676746962609405 0.5284289293732065 0.14213982437258801 0.15781939720795152
0 0.14419262669086366 0.11364257972556972 0.1617063702330856 0.16900457576345354
0 0.29429182786425795 0.08754316854245546 0.22319904034390053 0.14526025222268107
0 0.47036020619705177 0.1186944613229494 0.26764348931718046 0.1824461347417913