0 0.21666215308409534 0.29213636571975027 0.213619680599671 0.20903591015999676
0 0.7102243993785772 0.40706964529202977 0.2023841763685033 0.22530302856687479
0 0.511396817777486 0.09581953124101678 0.23950218362193368 0.19163906248203355
0 0.767340332764102 0.6742554705134608 0.19623295285270304 0.19623295285270276
0 0.973379809124636 0.11297378507816952 0.04473135076604306 0.1364067595595288
0 0.37567472323349715 0.792040796273527 0.16201930202881165 0.18264626900734598
0 0.9195796227038631 0.4440920830992368 0.12299795889722823 0.1688356632939709
0 0.8294681749102037 0.8080838146634346 0.19008835719159778 0.27030433988589775
0 0.44318663199407415 0.6557723309178356 0.2529769065332816 0.23005805433491025
0 0.45335537157376093 0.30869646402208895 0.16570738499641388 0.15883172933690246
0 0.09208375262477907 0.24037798752992018 0.18416750524955813 0.3036223032377168
0 0.08006774670841973 0.5462822342054313 0.16013549341683947 0.24397399312759893
0 0.1966244598238299 0.6708540958845285 0.21781490169766135 0.24760940955554417
0 0.18501052618197328 0.025516973023059553 0.19247894763605342 0.051033946046119105
0 0.07636972195877477 0.8081895040406532 0.15273944391754954 0.24419791499561683
0 0.32510187663280443 0.4873714337994626 0.258568325379037 0.24710889927985122
0 0.89089146847668 0.5965420391976255 0.15788337532517333 0.19684542406240488
0 0.7515868021933549 0.935240719606782 0.21170971686682258 0.06502906279724549
0 0.4460480855170469 0.9290830463852386 0.27851689889882203 0.10891739263087338
0 0.05626959852576192 0.8547022879687975 0.11253919705152383 0.15598003944702027
0 0.41713636571975027 0.21084018451562675 0.20003299675431416 0.17482225933610548
0 0.8889686053323457 0.07133130177941699 0.217136508238912 0.1300448698851007
0 0.8423930349335493 0.6335810466415706 0.18762521664339935 0.21741972450128236
0 0.39134925399475873 0.4555023347350654 0.2752832875219511 0.24548877966406807
0 0.17600761277629065 0.06414645288561152 0.1960616975243418 0.12829290577122304
0 0.86000054877014 0.22979087326242117 0.26678751224665664 0.2690793974664937
0 0.5974113933998692 0.8464762950975305 0.27835889927985136 0.2600238175211543
0 0.5828139253700358 0.516145037541874 0.21736705796162534 0.23799402494015956
0 0.7061050423116769 0.14356876725980566 0.24923615702602248 0.2871375345196113
0 0.3521864808809424 0.0708771864865903 0.19947319208426906 0.1417543729731806
0 0.218917585103109 0.8617062960501036 0.2233470261490646 0.21188760004987892
0 0.16404749825245968 0.44330208500438306 0.16246714576484772 0.1922616536227306
0 0.5445862505585582 0.358416526057276 0.14787281351340964 0.13641338741422396