0 0.5332513603800471 0.9189436472697117 0.20524052474088433 0.1621127054605766
0 0.8440690274627443 0.5463595526921481 0.18174852091086727 0.18180112520406
0 0.5264135419831051 0.4393823692116991 0.19613573508335863 0.2133308759054489
0 0.18455111554598572 0.07628367006607921 0.24890992339966372 0.14976983311826944
0 0.15857838336014798 0.8735483111699254 0.198757596557272 0.1845966223398507
0 0.9308122804087968 0.713456845332693 0.13837543918240633 0.3141805140864318
0 0.38966186243499024 0.12305078954172041 0.18542743505108453 0.19868399842126083
0 0.8187805263545875 0.8989046158220623 0.30245142356103416 0.2021907683558755
0 0.8001400731002052 0.31497487037986177 0.21700587743946187 0.23541309241228647
0 0.087242564332015 0.676320021334936 0.08486606447909491 0.16994773497756419
0 0.9317829642531764 0.2715687790770841 0.13643407149364714 0.23418218932617532
0 0.6040071768333999 0.26001808992687014 0.17639437089473034 0.17447768646196593
0 0.3361453906902957 0.4301546158220622 0.24741967890977865 0.32010720919967967
0 0.8467017232705675 0.10609303556554558 0.24246285796663722 0.12802331745309845
0 0.2428370989635366 0.6871403438443912 0.23849420300518148 0.20231874766121813
0 0.4720967344593129 0.7992589105961009 0.16178914140217182 0.17173813946645294
0 0.3407973782534589 0.8873879313762821 0.1994862068351983 0.1942120069552353
0 0.9718645250564796 0.11031626621746876 0.05627094988704083 0.07591798427617527
0 0.6093584880329838 0.10896743321650691 0.25237082221981366 0.19544291004134634
0 0.10420584136989776 0.1560002342468484 0.14179389914289062 0.19286920358856852
0 0.6610289265984897 0.44251557706725475 0.16157112608210455 0.2005283431723291
0 0.9633850156499532 0.9151191021730773 0.07322996870009363 0.16976179565384525
0 0.4668057934946876 0.25442508577719053 0.18950651708085048 0.18918051408643174
0 0.07398128951044566 0.4696452022444445 0.08603070539715568 0.12198271218119672
0 0.1841910686318524 0.3090371209370728 0.1656860708624562 0.1598308089777779
0 0.14294770572704157 0.5564364443532053 0.16218930929172065 0.1453517819144232
0 0.596345934581264 0.5705888150263358 0.15206332971847686 0.10672239303205143
0 0.6711025314541315 0.6071230884654386 0.0744475052680594 0.0641225540680556
0 0.7756353958041301 0.7199380171534728 0.23386866326697076 0.20461069353450867
0 0.517202583482099 0.650333354277244 0.32685419023845874 0.22837141424967972
0 0.6112107197775818 0.830092299361165 0.1680899170163025 0.15988675911805572
0 0.6630963348466017 0.9688949000459405 0.12824288350008273 0.062210199908119095