0 0.22705503675804786 0.3013794524116704 0.17674044486353235 0.2178249268948839
0 0.14638398434073902 0.9085527661885056 0.1493370347279199 0.1776824554539342
0 0.32207942304116705 0.5409653446478455 0.15405428304230734 0.20429285644418288
0 0.32273650206709237 0.884879879574744 0.18824861306481439 0.230240240850512
0 0.629112471616381 0.40475195376914025 0.1619871933591165 0.1857344604051781
0 0.48109722525940124 0.2558316055123894 0.177882435293447 0.2035699432697481
0 0.77589746364131 0.403070460823289 0.1958807701009966 0.24544388767277944
0 0.9401871636701564 0.5461827936596658 0.11962567265968715 0.21905211996314206
0 0.0935647518310533 0.441366145852646 0.13371094468233566 0.272155368628369
0 0.2542955396941593 0.1348499312794863 0.14567133285014222 0.16309128523291605
0 0.7298364595810539 0.16332471196413792 0.24906613876623898 0.22527157198696393
0 0.5399031921264956 0.09509306648420929 0.18076792271452974 0.12731923953843569
0 0.9159547385631053 0.3376617748091795 0.16809052287378934 0.281837766576354
0 0.08988760943967217 0.11260227932718171 0.16712506024814777 0.21715255370311934
0 0.4461782532448708 0.5257517812512933 0.12484853331410242 0.1162415552242512
0 0.5561694704564806 0.5131354272978635 0.13855023838190866 0.13631279094472612
0 0.1377182616550558 0.6320011418558921 0.17598965170754952 0.18193532788513275
0 0.6556103517733605 0.8032020887648078 0.14251669354031324 0.12703359292522373
0 0.7328205613722923 0.6616690489760617 0.29230376814358905 0.36447601562942933
0 0.40481869680306204 0.38070581552215355 0.2219634819112533 0.16125873230549376
0 0.9148737708257836 0.13487296140506183 0.1702524583484329 0.14414616261535876
0 0.8832440140654552 0.8935320061147897 0.2335119718690897 0.2129359877704207
0 0.5277542856529898 0.9069050598921746 0.26087506024814766 0.18618988021565086
0 0.6916963753361807 0.9325401277778569 0.14735380714871782 0.13491974444428634
0 0.25775910266146584 0.747906510484261 0.14777442572336147 0.1871297467713776
0 0.165225736388745 0.7689110559848171 0.13981209410584017 0.15073586786780305
0 0.9360618865006761 0.7391040825014874 0.1278762269986477 0.19272736558610531
0 0.4491961365191583 0.6967863147615876 0.2806463133475778 0.25853869156225756
0 0.22299704756075417 0.43249838443659144 0.10979452852905958 0.10802145697506606
0 0.3618082674545583 0.08025031628271947 0.2091934579860397 0.12452866680603694