0 0.5438242049273352 0.4949785565216885 0.25084187616278975 0.23860024053002155
0 0.34288361635283743 0.43990987578814134 0.18138421577190414 0.1769934328963677
0 0.8204722741975237 0.8049678347825326 0.19303914140217168 0.1724654912900643
0 0.8291669601075642 0.23886307049081262 0.21263421577190436 0.1777207847199788
0 0.8196096278428879 0.42940933831880407 0.17155081583645207 0.20555983604113265
0 0.126462898188959 0.3388883674301283 0.2150380619257503 0.1777767348602566
0 0.21688745485379515 0.7405275055524575 0.23609035685133534 0.20226279752094017
0 0.917253718486619 0.605059967848505 0.16549256302676205 0.21143058101410261
0 0.1780035589025852 0.5440545426112181 0.29225371848661913 0.2467629313762823
0 0.6968771200357744 0.9387069477721689 0.22895054389096822 0.12258610445566212
0 0.11125457804552408 0.21735426131020308 0.10934055665769091 0.11292682896858984
0 0.6821293380168468 0.10346237403344075 0.22002790680292433 0.1802924812946583
0 0.06623554708264891 0.12992059752729707 0.12664221194188738 0.1829181181315172
0 0.2152202144952319 0.18018058101410275 0.18837773891337542 0.20595148702307703
0 0.941398348868561 0.08910027194588753 0.09914285158327593 0.13668553980566248
0 0.7003087322144186 0.3750410392777784 0.1985395812372048 0.2133868260457266
0 0.681374800846271 0.6793503733613787 0.23980513374213813 0.18795162087841888
0 0.460505017880557 0.266276466125588 0.32299312352876003 0.20908469487863274
0 0.9761913582858053 0.33373408317446657 0.04761728342838941 0.13601413812232913
0 0.37583903734623647 0.08313555237200886 0.2196994644145468 0.14429073912724377
0 0.4909825493346884 0.8584888422069982 0.3429166402868698 0.2503417304759616
0 0.1840561340791693 0.9064458254909723 0.21132328503494746 0.18710834901805548
0 0.394061391335777 0.7194554063877674 0.1865562132185596 0.18191302548461535
0 0.9018137098726539 0.9100866043652247 0.19637258025469223 0.17982679126955065
0 0.9679732732293016 0.8500294799187507 0.06405345354139687 0.2407223261043803
0 0.456231529539123 0.6057213201413465 0.11786302585618608 0.09872755260662394