0 0.7599274211528116 0.38598637555390963 0.20799090899888795 0.20579800979753438
0 0.24308402472595828 0.44775222075618426 0.1947444851613988 0.22144758741936954
0 0.5026647827421628 0.1582841899959058 0.23582850305739483 0.19372962378463351
0 0.1368533773370493 0.7050131128274757 0.19289545888404636 0.19500527972706186
0 0.028030957347783356 0.12384703380066414 0.05606191469556671 0.1323094522167129
0 0.5078361715028323 0.8622184662217166 0.15856923953843569 0.18264275571647176
0 0.042093137650082775 0.46124392680860665 0.08418627530016555 0.167680161309521
0 0.07010350331045342 0.8308473634072874 0.14020700662090685 0.2705547869525359
0 0.46573479717778443 0.7209804142384205 0.2476291005460142 0.22576452075469222
0 0.5199042623554135 0.3784812941929307 0.16135981227083435 0.15418905035534727
0 0.8943829491452202 0.347401750617113 0.17435353619497163 0.30582758229016965
0 0.8693452844269568 0.6535977988687255 0.19608923154492786 0.2406783566501387
0 0.7094142651886219 0.7626299023595321 0.21068040176594577 0.2442595482590727
0 0.8459522461896049 0.10652677299229382 0.18790319992848262 0.08943227320034569
0 0.8390879308311133 0.8966578044438702 0.2199595997854484 0.20668439111225959
0 0.6154703419329057 0.5675998466445524 0.25104150648750717 0.24038382192028387
0 0.051515438959411054 0.6162674261098485 0.10303087791882211 0.19166946760431242
0 0.10217337811274636 0.9665913349662557 0.20434675622549273 0.0668173300674885
0 0.41034637560686205 0.9694607673723877 0.27785406740843727 0.061078465255224486
0 0.8501491417953676 0.9435082268220352 0.18506208721341366 0.11298354635592964
0 0.5736710875709999 0.2837499746142745 0.19602221821232732 0.1713592666736296
0 0.1200665177020718 0.09804215734740478 0.22871804456119704 0.12622570723442653
0 0.07995399455637965 0.6572553021022427 0.1599079891127593 0.21065485734889686
0 0.5541217250271585 0.5287460580640675 0.2702722757182764 0.241953615860401
0 0.8456665995763929 0.14518453569634696 0.1884744931549065 0.16596290163839325
0 0.12792515936403961 0.25478271795369145 0.25585031872807923 0.26437312821507525
0 0.27303270158301435 0.8828366808896693 0.27228939529357 0.23432663822066147
0 0.3507363484052817 0.5677479074738115 0.21241187472802744 0.2348403878862029
0 0.2981362597009984 0.1790609690092889 0.23858500915705344 0.3015102522226811
0 0.6698496437497413 0.13566785830046835 0.19395455865436353 0.1759707347388072
0 0.6517477874540892 0.9216041502446071 0.21777438691221354 0.15679169951078584
0 0.7853952356902126 0.5403720468839374 0.15683776657635398 0.19206191608934184
0 0.4193547204637629 0.4162072892941636 0.1455919889642285 0.13378093566948998