0 0.7812527771251607 0.7602193737422347 0.17778590816510914 0.18786714395551649
0 0.8798830121018606 0.4445675665268928 0.17626487273649616 0.25703222470861004
0 0.2700188400581543 0.9064623376869607 0.18406548065774453 0.14773036961805822
0 0.575356258474203 0.8534630370092054 0.2947403174898421 0.21584123652140128
0 0.6829378855445754 0.06329607755426785 0.23027807506469544 0.1265921551085357
0 0.8595224657310104 0.05675651642822398 0.17518583776874846 0.11351303285644795
0 0.5014720785510258 0.08464095211764464 0.23744045828256374 0.16928190423528927
0 0.40524648319250345 0.6107326278214522 0.22095682844699988 0.24847389275952927
0 0.1023610743435565 0.8974693945060221 0.204722148687113 0.1966821927918034
0 0.8485354950788521 0.6237272498978792 0.2063866825250784 0.21631312991212134
0 0.17793615102128027 0.7175438186982472 0.3229974018762861 0.32787538015417694
0 0.05401379742644778 0.5881032703460711 0.10802759485289556 0.19398576700016543
0 0.7183347591878817 0.46278140406677376 0.258682228449984 0.3301687992397128
0 0.8816973920638311 0.21747724989787917 0.1633136759983622 0.21543822981529923
0 0.3509888932085341 0.8071566843177727 0.1693970242484829 0.1728976093239948
0 0.21445744592042942 0.22532400446835293 0.42891489184085885 0.45064800893670587
0 0.47564540160109203 0.7726265186588278 0.19319010630075958 0.20097929014163676
0 0.8965147027666835 0.7383459728457059 0.0923756368380659 0.22439672965392887
0 0.5346609335508349 0.37158437885606893 0.22164381166188407 0.19835742866772318
0 0.6066532316909613 0.23592987294967344 0.2356252848562616 0.2233066530535926
0 0.21840829368730397 0.48513521480368216 0.3121559132943092 0.2243278429693107
0 0.5724119030060685 0.5968711011655596 0.21982863823558196 0.20538681455978008
0 0.02401428064879228 0.31004094031199875 0.04802856129758456 0.21645658091446407
0 0.014889258273611438 0.15007616342119587 0.029778516547222876 0.1517707500806852