0 0.5952556290922542 0.19699891475440712 0.11589017652521386 0.12565730288729543
0 0.03914282631212532 0.9005900138107545 0.06507370645277787 0.11094053744010779
0 0.5921423567944438 0.7439298554256661 0.16195490443023502 0.1427499441526998
0 0.6755186304681615 0.9319403140509064 0.10353524491431625 0.11116430012514464
0 0.9098227694653844 0.2649437335528221 0.1453517819144232 0.15226743259338063
0 0.48688270692200825 0.4115417833076016 0.15004757394155988 0.14748771062131802
0 0.9284710869184829 0.031847575052726534 0.06613474923995738 0.05326221491561489
0 0.9656856432691232 0.9119909113879741 0.028792213583974522 0.10111537530750124
0 0.03178797682483944 0.7683155420940495 0.06357595364967888 0.07969053744010779
0 0.4311206790692839 0.3282734469723542 0.12774155687361122 0.11851569026483097
0 0.6454166132829052 0.8307899758238683 0.1009635483396368 0.10393877649579125
0 0.5014356098052877 0.9225129278458721 0.1009635483396368 0.10393877649579125
0 0.751333758915224 0.4118782286903062 0.08122922784636771 0.08219227976865759
0 0.39698623202783073 0.6069587713886379 0.13752479190982925 0.12578316939762857
0 0.014700817746367445 0.23447289617470357 0.02940163549273489 0.10356117696479175
0 0.750978122515812 0.013985749557508522 0.07977452419914527 0.019692279768657513
0 0.9681204793102558 0.7557339188040667 0.0306365583350426 0.07709089893685436
0 0.021000151611244418 0.6143575069053773 0.042000303222488836 0.08683215006257232
0 0.11219646232783112 0.0860008339327413 0.08642857113600434 0.0990471731812102
0 0.37176980272638827 0.8123687436160582 0.16312985737606855 0.193230713383469
0 0.9438042769485038 0.66423392811195 0.08408067512243605 0.10143703416724154
0 0.2111886915501062 0.7393093601731748 0.22753216214551308 0.27532509697742297
0 0.912475376433333 0.40920946570312833 0.11052298281474347 0.10159087101320424
0 0.32914902326559786 0.5260243553681627 0.07882538169252143 0.08217829460084267
0 0.38283587123279833 0.955326862575681 0.12472225917670944 0.08934627484863793
0 0.9042557305077453 0.5041264258605144 0.09827995148440175 0.0919055605587457