0 0.36976579812781585 0.13701923076923078 0.1268079705174752 0.10336538461538461
0 0.1649408415305874 0.9507211538461539 0.12661207206764621 0.0985576923076923
0 0.4057050904933829 0.42908653846153844 0.16193105504503805 0.13942307692307693
0 0.6348744125164452 0.8617788461538461 0.10757720128670584 0.10336538461538461
0 0.32705364018667993 0.23918269230769232 0.08746488903170661 0.08173076923076923
0 0.9168753922770722 0.6442307692307693 0.12979951202080778 0.11778846153846154
0 0.8620379811637555 0.15384615384615385 0.10478155823320197 0.09375
0 0.6806904302423005 0.21634615384615385 0.132203358174654 0.11778846153846154
0 0.2280448974538428 0.7295673076923077 0.12018412740542338 0.11778846153846154
0 0.8239273381674531 0.7524038461538461 0.10487950745811639 0.09615384615384616
0 0.4614893798171555 0.7067307692307693 0.1218043797599539 0.0985576923076923
0 0.6095442589630304 0.7415865384615384 0.12577541351243132 0.13701923076923078
0 0.9345889978347403 0.8846153846153846 0.13082200433051946 0.10817307692307693
0 0.664661362912316 0.38341346153846156 0.16580413957260104 0.17548076923076922
0 0.5286298046791141 0.28966346153846156 0.13450925510358594 0.11538461538461539
0 0.4496355320852106 0.09134615384615384 0.08986873518555291 0.08173076923076923
0 0.11695987616128213 0.6286057692307693 0.13200745972482522 0.11298076923076923
0 0.6085994793787199 0.5709134615384616 0.13661925358268853 0.10817307692307693
0 0.29070818186498315 0.49759615384615385 0.1419166920149532 0.1201923076923077
0 0.9459991403330494 0.4387019230769231 0.1080017193339011 0.16105769230769232
0 0.6539685368228726 0.35697115384615385 0.12710181819221855 0.11057692307692307
0 0.08341415103653144 0.8377403846153846 0.06381822439290288 0.09134615384615384
0 0.7780319375254465 0.06850961538461539 0.14893233202666287 0.11538461538461539
0 0.15722540210570232 0.0829326923076923 0.15633976893803012 0.1201923076923077
0 0.05498024480724622 0.5528846153846154 0.0688218151504241 0.09615384615384616
0 0.21691948013916856 0.5745192307692307 0.10198591517969796 0.08413461538461539
0 0.7189723237189298 0.6838942307692307 0.10478155823320197 0.09375
0 0.6657633452470281 0.056490384615384616 0.10497745668303082 0.0985576923076923
0 0.2693654226378144 0.18028846153846154 0.08766078748153554 0.08653846153846154
0 0.44204845018893424 0.5540865384615384 0.08486514442803147 0.07692307692307693
0 0.07739436384773501 0.6310096153846154 0.08044924901999707 0.08653846153846154
0 0.39196964966200376 0.7704326923076923 0.07485796291298914 0.0673076923076923
0 0.9195384805496765 0.09014423076923077 0.06764642445145068 0.0673076923076923
0 0.42634584457238184 0.9651442307692307 0.1518789890609805 0.06971153846153846
0 0.8223437899950533 0.9495192307692307 0.12062898906098077 0.06971153846153846
0 0.7438515339560484 0.5865384615384616 0.14510413196811484 0.13942307692307693
0 0.45281877478608135 0.8774038461538461 0.22482285194469576 0.14903846153846154
0 0.10275104977909946 0.7223557692307693 0.10738130283687701 0.0985576923076923
0 0.6297157176346679 0.9711538461538461 0.062251036794271804 0.052884615384615384
0 0.8241294253868697 0.31490384615384615 0.10257361052918466 0.0985576923076923
0 0.3785037298624126 0.056490384615384616 0.08986873518555277 0.08173076923076923
0 0.09233172775603718 0.28966346153846156 0.16487771207935578 0.09375
0 0.08190212681994513 0.3581730769230769 0.09879847522653626 0.06490384615384616
0 0.2610356483766441 0.03485576923076923 0.07628231681769088 0.04326923076923077
0 0.8705085976015586 0.037259615384615384 0.1064018105877327 0.07451923076923077
0 0.6542480154411439 0.9242788461538461 0.06985437215546798 0.0625
0 0.6892406438139526 0.013221153846153846 0.08040436455098206 0.026442307692307692
0 0.06832388873896751 0.20192307692307693 0.12508976893803012 0.1201923076923077
0 0.9973716243922297 0.8569711538461539 0.005256751215540589 0.08413461538461539
0 0.0484646298331387 0.06850961538461539 0.09477437671815954 0.08413461538461539
0 0.7744506020464813 0.4230769230769231 0.08545283977751804 0.09134615384615384
0 0.13300729558233176 0.5504807692307693 0.09526412284273178 0.09615384615384616
0 0.07811472108697018 0.5012019230769231 0.09389283369392948 0.0625
0 0.8846398183671889 0.3545673076923077 0.07495591213790356 0.06971153846153846