0 0.7969142295218786 0.1670439320519223 0.1685927385104185 0.16397530444662178
0 0.3903975774245526 0.27004396481705606 0.12498783341564518 0.14272923840369034
0 0.17558964473541347 0.7424129897572157 0.13945286962941497 0.14580485016159053
0 0.6461344574196647 0.2737451253450964 0.12481999625287389 0.1331138537883057
0 0.9000014192101313 0.5909802675490462 0.17398786088781074 0.19785307246848605
0 0.8996563080690481 0.266740939114838 0.1805280506982635 0.1597274168089745
0 0.8825843362946946 0.8319806680707112 0.1451417070416569 0.1965095412603778
0 0.7881271116450937 0.9456661640300581 0.14481819930046888 0.04037150219438683
0 0.4121708610201503 0.8803113383617807 0.14898433566341396 0.1414450015899343
0 0.04191499063725436 0.8979451854681998 0.08382998127450872 0.1175711675251388
0 0.47942169768398074 0.9492358363579083 0.12836890983978128 0.06122239104093934
0 0.776209425579232 0.6651998905681212 0.2143077747241882 0.16850640834663913
0 0.7570747415142031 0.7981951555677228 0.11723082417509982 0.1111433556016632
0 0.989104857018484 0.027189402880595 0.020111914335318695 0.051376456702841314
0 0.5696817457552004 0.11277637462893221 0.1733165122367253 0.1593915340069475
0 0.1305398738805516 0.6400289202780838 0.2166696615873417 0.166214523126802
0 0.8343714747756034 0.025691364129815982 0.16214863386570583 0.051382728259631964