0 0.9257156241214214 0.5409532691449669 0.13758074205010692 0.1328890027490552
0 0.636379823912233 0.15332589230903854 0.14982377338044892 0.14299413348901213
0 0.9462002468131948 0.773097879206442 0.10759950637361043 0.1324972058493975
0 0.6221346468004814 0.678441795321559 0.13070490443023502 0.14701823199738884
0 0.33276785670400655 0.13441749464825903 0.11063488309529923 0.11017694589038095
0 0.8345673056443381 0.6565521350704765 0.11829402267905974 0.12970156279589357
0 0.20744823488712688 0.9527944481431259 0.1412694315522437 0.08500797812196098
0 0.6247552589420943 0.3258375622709825 0.16553370352991473 0.19887029037696033
0 0.6612136466831738 0.8067802492555346 0.12036216799123932 0.11537643509773086
0 0.8013769764142629 0.05757611348517666 0.11074678337585471 0.11498463819807325
0 0.41101681625315234 0.7568218401880261 0.07625368511784199 0.07755565674157885
0 0.4823958045934832 0.2570483611592469 0.15966295855694448 0.15300131500405456
0 0.38386910217307724 0.417461203218111 0.1820249257651711 0.18513285802828455
0 0.26784307005336583 0.4979818690850728 0.18375737023568384 0.15638465340704513
0 0.9126532762446582 0.3163405775977231 0.1746934475106835 0.23320978110520763
0 0.13722812046784244 0.6753420256802818 0.12310171498675225 0.1298974612457225
0 0.38545564165860047 0.0721174832415301 0.10577124064732911 0.1075772012867059
0 0.5968352972276715 0.5218714152688659 0.1327730497424146 0.13269310429922634
0 0.21814660772553468 0.5854243158822718 0.10325549421292748 0.1026715597540991
0 0.05512865063002171 0.40438896472662544 0.09336035889615392 0.09026053208521062
0 0.5070907569527786 0.956224769641277 0.085253618190171 0.05150514594892887
0 0.4717543868344023 0.6785540064940966 0.1323254486201924 0.11346233506845713
0 0.6067483582240919 0.031048019889432246 0.1317659472174146 0.06209603977886449
0 0.6975520946313042 0.8690619085711982 0.06395470364722218 0.06504667984777567
0 0.7160394330136751 0.025287367710545145 0.1388096352581195 0.05057473542109029
0 0.6782384051291674 0.9179714000598941 0.06881834609519243 0.06764642445145068
0 0.10381499561570523 0.11848228639974702 0.1613394528871796 0.121849264228969
0 0.4346036569131949 0.5296849110275142 0.0860928702943377 0.08756283825662105
0 0.3115508574933762 0.04986454998603615 0.07602988455673086 0.06794027212619405
0 0.7154640158093487 0.6048612624758998 0.14512798135331195 0.14760592734687542
0 0.4540942412876076 0.9535719602817027 0.11913126490512824 0.06249181971311575
0 0.8516329401448719 0.012243760223154836 0.07345818798205145 0.024487520446309672
0 0.02004807589909217 0.3444621769523508 0.02588481616762827 0.0803064153260676
0 0.22817357888060916 0.189208029775264 0.0886086167287394 0.09246847978922784
0 0.11634983691602628 0.7604071587015846 0.10325549421292744 0.1026715597540991
0 0.7199339973972761 0.486778953262695 0.16944619359316265 0.16060465036525073
0 0.055942942481197085 0.5944397347178433 0.08676427197767103 0.11640899210277503
0 0.5239995953620199 0.8556815604573462 0.1605022106611112 0.18905900731174688
0 0.2141401430613783 0.1031593143613747 0.08855266658846159 0.0900646336353817
0 0.7135027460824789 0.36553164633083585 0.17811042582382497 0.12013106264952397
0 0.3065233843807694 0.24737173150107855 0.14305983604113265 0.16193105504503805
0 0.5395316257001606 0.38585411898328725 0.06395470364722232 0.06504667984777567
0 0.9297190739684302 0.8680232699054155 0.0950368532263889 0.05910848131012504
0 0.3111442956489322 0.7043473737941338 0.08139707826720097 0.09217463211448464
0 0.11570942511997936 0.8879579286928023 0.06993734890074797 0.11572334752837375
0 0.46663494899898544 0.4586020834171735 0.059035111058974396 0.060043089090254506
0 0.2521391695381951 0.753671104416995 0.12310171498675225 0.1298974612457225
0 0.10166694484930586 0.33632421099756726 0.09839185176495736 0.10007181515042408
0 0.8524043460634089 0.8543307220257547 0.09336035889615382 0.09026053208521062
0 0.4259454543168277 0.8813320940634539 0.1232136152673078 0.13470515355341478
0 0.47348080167062 0.3392199019021312 0.06881834609519243 0.06764642445145068
0 0.051407966301549354 0.24453319549585623 0.09498291296420953 0.15997207054674908
0 0.7828485987541135 0.24360278496801777 0.09872755260662394 0.11449489207350101
0 0.8210084410784193 0.53920444504413 0.07899323211335485 0.09207668288957006