0 0.3498016893621308 0.741469119438536 0.12970087281619685 0.14116635702576458
0 0.5430289378627655 0.6542786530645747 0.16659800669821004 0.16709452214414375
0 0.24263972091764968 0.5002400784544127 0.10191545860497578 0.10131903593895358
0 0.466369080129617 0.21758730299658813 0.201175238583809 0.19530055317770753
0 0.7749123689620766 0.9154620194499562 0.14020910875165007 0.09852702744983989
0 0.07557624276415245 0.6125500600147393 0.11455283288791544 0.18836141843205978
0 0.4892743464921451 0.563174238076459 0.1596383007089677 0.17392811988969867
0 0.1520491154377843 0.9059606034515575 0.08374542900913928 0.06197563580678725
0 0.6409913619908123 0.4251778302557916 0.18303574339965706 0.22554271126841824
0 0.1136180094891308 0.2192164848835245 0.14711540499514447 0.1588751417733159
0 0.9875954123941035 0.3187293801992252 0.024809175211792933 0.09804354973376347
0 0.4420749565800487 0.10808121194828486 0.13872864832955673 0.12484335490348632
0 0.9357296664645042 0.8311742093748438 0.083943851735688 0.13636888633735658
0 0.5795673178821876 0.05955141121375528 0.1539072226695226 0.11910282242751057
0 0.43287546321301407 0.029837002922891317 0.1157509264260281 0.059674005845782634
0 0.8247138749063685 0.3071782947171444 0.23477567499190746 0.2642459885879948
0 0.10377371868491302 0.4545363366734832 0.14926741867669438 0.15178958355043876
0 0.7431128005011581 0.046760136381818536 0.14535257768907073 0.09352027276363707
0 0.9789606527950301 0.4575174451193542 0.0420786944099398 0.12561967957402162
0 0.6602793705061398 0.4602906707735252 0.14968713946385476 0.1638088143196694
0 0.09558533379647419 0.11660698170010682 0.06775794750653708 0.08513223567462047
0 0.6847833034998886 0.19650771666303823 0.18244813429763232 0.20871578819149522
0 0.5599894362534577 0.8641112705714686 0.1961157138038206 0.18783705423884675
0 0.31304563702330857 0.009640938663595056 0.1693605048158479 0.01928187732719011