0 0.329367799131463 0.7444821354181687 0.12310171498675232 0.13481121212573355
0 0.5190498546022965 0.6354266445020245 0.15491121638953012 0.16140058881688574
0 0.21468658025651666 0.5175145013900561 0.09341630903643171 0.09639882890786512
0 0.43056318754460443 0.2107795307528182 0.18672071779230792 0.18798996550803793
0 0.7604635179477556 0.8808405475230134 0.12997755260662394 0.1209768079302005
0 0.04986029299246771 0.6516387303009054 0.09972058598493543 0.18229946247511253
0 0.0009980580735573388 0.8957516062932994 0.0019961161471146777 0.10753524895186271
0 0.4622257790233435 0.5512918307513262 0.14786752834882494 0.16802345455088016
0 0.9823587850719016 0.10935379460157421 0.029239814706196708 0.12235077435996906
0 0.1354914930178945 0.9306569274999046 0.08050187602275649 0.05695616923375341
0 0.6097855816006407 0.39648953004659976 0.16586940437158132 0.2198777934792521
0 0.0768621020875532 0.2540475713255516 0.13551259673792748 0.15261925641522994
0 0.9683802944538994 0.24605411138519795 0.05025897854775634 0.09767448485029338
0 0.40183094385710455 0.10515736898243198 0.12992160246634626 0.11857296177635443
0 0.9166875527557151 0.766118734463613 0.07267689589626077 0.13309434918677163
0 0.5380409074704059 0.04817582866251201 0.14484823065192318 0.09635165732502401
0 0.3908757706922008 0.0270315755181004 0.10767153553867527 0.0540631510362008
0 0.07890729702483973 0.016164715849956792 0.068146944411859 0.032329431699913584
0 0.7905516292095617 0.2581708591774373 0.21472962941239343 0.2574561244833916
0 0.0750127326412389 0.4881282349617796 0.13774859247094026 0.1456039421962062
0 0.7005522984862714 0.02583014835638457 0.1390893859595087 0.05166029671276914
0 0.962703365093803 0.38687533562771265 0.055682122398504404 0.12450924102763043
0 0.6306368950213671 0.42837735801781396 0.1380283431723291 0.157623172965437
0 0.05640344458782039 0.1537482400909794 0.0618865583350428 0.08182868298594366
0 0.6475807430740917 0.1642731950803441 0.16788159954348295 0.20324709464484372
0 0.5430563213144224 0.8410046458995406 0.1817451750637822 0.18038597856147037
0 0.26872721796826926 0.013981869926543265 0.16446864098653846 0.02796373985308653