0 0.1408184185457974 0.1744177326734955 0.1278833073299143 0.12224501203372401
0 0.5120600925835462 0.3993258456977444 0.14347779598361782 0.16381043712350737
0 0.27660194475505606 0.5099750159725682 0.09453021445669499 0.09638644526182542
0 0.9191186382953693 0.6645856064644087 0.1484957975786324 0.16649429946711305
0 0.8003826949183748 0.7425717199447595 0.11502283941139578 0.1119295869439405
0 0.6403923497432324 0.6770508132096297 0.11021514710370348 0.11164957075418104
0 0.2716923679404554 0.22150162324058473 0.14356823997692286 0.13750813752607954
0 0.9635647310231478 0.4614831934300684 0.0728705379537044 0.12140496346444539
0 0.16207109707891598 0.7317018703516088 0.09735467918518498 0.10133414566439733
0 0.12303747335683601 0.8322670930693982 0.11105638425299122 0.12126495536956565
0 0.6897627299359677 0.55795486173547 0.10540745479601117 0.11136955456442156
0 0.06743899811531273 0.34712204854755946 0.07394714550868925 0.10714560317713841
0 0.37747085913212114 0.7334852911984804 0.11658544841595414 0.10245421042343576
0 0.4730591602989312 0.2679080602989348 0.09453021445669499 0.09638644526182549
0 0.3692666168353973 0.8310629268420142 0.10456621764672337 0.10175416994903695
0 0.39815091234693717 0.12244092675513776 0.12025115029373186 0.11701729544139242
0 0.47230182686944294 0.8059732830167241 0.14600150743148108 0.19265659096966148
0 0.6931173280650995 0.1862569062355897 0.10456621764672364 0.10175416994903688
0 0.9943687763362171 0.9303031974775083 0.011262447327565676 0.08805484204124908
0 0.4032391970569791 0.5496373559357994 0.19897656680940137 0.16943446945958826
0 0.22325693902706545 0.036919206267400174 0.07632157036182322 0.05227716592331611
0 0.8597858081643858 0.9158349466231119 0.126320698325356 0.13172038855422896
0 0.8684591611691587 0.5229224000232555 0.12568977046339022 0.1245088500926905
0 0.7896738120064806 0.4561521531294226 0.07905559109700824 0.0835271659233161
0 0.7893370971516364 0.9757837244048628 0.1924569789024215 0.048432551190274446
0 0.6857227215257827 0.4297691167893402 0.16949948510128174 0.16054283385949256
0 0.9298422318576193 0.9651580866615919 0.09453021445669499 0.0696838266768162
0 0.9330666142247149 0.3427265294978935 0.13386677155057022 0.13015659096966134
0 0.3607376501852556 0.41921148147159315 0.08972252214900268 0.09610642907206596
0 0.10483100935313276 0.5968301780873548 0.11670531370997125 0.13116035617470972
0 0.164402480026566 0.4986569472529668 0.1451308489814812 0.12803276100557467
0 0.236261243312392 0.6092683115659945 0.08888128499971494 0.08649104445668133
0 0.9859185381718655 0.8065751246018712 0.028162923656269028 0.11760103636180147
0 0.18104415493454237 0.9348968743990489 0.1198305317190881 0.11220960313369997
0 0.33306072797856007 0.6495843964970747 0.09954821605170917 0.09907030760543126
0 0.737375992532763 0.3777708454805531 0.07863497252236475 0.0787194736156238
0 0.24948457724971432 0.41871072044429936 0.11607438584800547 0.12394881771317127
0 0.9780297598061245 0.9750707080847885 0.04394048038775093 0.04985858383042304
0 0.9933289454071225 0.16705833509046433 0.013342109185755154 0.08525468014365355
0 0.10025487725662384 0.05247532379519071 0.13320206220555536 0.10103042093374794
0 0.7136110430653845 0.10613623009593777 0.12818406061054113 0.09834655859014224
0 0.4735860235628202 0.17825385786178322 0.06054619372150983 0.06331634002838851
0 0.3327191128836177 0.30397872845230256 0.1672155042414526 0.18910897151588693
0 0.5338178433989315 0.14230061083763554 0.07382728021467216 0.07843945742586425
0 0.27832964105028396 0.5160546354046235 0.12737224476196557 0.14373961932345958
0 0.3560748842899556 0.8853013276688776 0.11502283941139578 0.1119295869439405
0 0.5034750034809099 0.9431229107608504 0.1391811662438743 0.11375417847829922
0 0.585808369318517 0.8185632788606886 0.1557977800334755 0.14061202415432478
0 0.7136023227007106 0.8714467726700736 0.13521471108547006 0.15137118206963754
0 0.7989012694846862 0.21992148508465045 0.1198305317190881 0.11220960313370011
0 0.9629948258537747 0.27440321771470766 0.07401034829245062 0.10133414566439754
0 0.5166912570869657 0.06955518979529196 0.13915174494316224 0.08702736829531031