0 0.8591322166609333 0.2546953750757788 0.1382123572047488 0.1262381981287943
0 0.5816912657552635 0.744424794493078 0.20089692385262017 0.23458253038023222
0 0.06831025528613367 0.7192175491511693 0.0906902540043195 0.09766863269031544
0 0.2124146745602271 0.6286451800610358 0.130496538849387 0.11869077686522872
0 0.31425674295341677 0.020452397722825585 0.12148651409316645 0.04090479544565117
0 0.10551877072163882 0.5126250741242375 0.12926934578112878 0.1354057390081428
0 0.8500963619469376 0.1269293128500771 0.13150509863703383 0.13311385378830576
0 0.7584233781127463 0.427107160403343 0.15191252095339097 0.15083646433730089
0 0.3145770161658088 0.28125644970574293 0.11350152247452282 0.11550320417331957
0 0.39410665913985304 0.583044475092749 0.2005607372567379 0.2297748380725399
0 0.0057165720460982394 0.7221022001655751 0.011433144092196479 0.057975523954677755
0 0.05254898875517304 0.4099907495072591 0.10509797751034608 0.12534251065672222
0 0.32814427318212974 0.7382638073441872 0.0900178808125549 0.08805324807493083
0 0.7074388889545937 0.6079850738090256 0.09516175971612958 0.09308486225064104
0 0.5714600447399901 0.05125437583783728 0.08795022125459112 0.09274897944861407
0 0.8303970593544049 0.7855535118067473 0.12792459939759973 0.11617496977737354
0 0.45574747943445754 0.021621359675225025 0.09331273343877719 0.04324271935045005
0 0.6700188569805623 0.38929436820337765 0.11143386291655889 0.12019893554700299
0 0.5202821922925611 0.2177651927874475 0.12876506588730544 0.12819420054660438
0 0.035298274062354515 0.8153187287653585 0.07059654812470903 0.12053481834902978
0 0.43724842001952824 0.15454407457108413 0.07235049124592627 0.07525029076763692
0 0.6554293666588641 0.9063155659511428 0.14782774182013342 0.12668604186483032
0 0.5254425445460659 0.1097040767983796 0.0774943701495008 0.08028190494334726
0 0.863107119187445 0.043660737740357766 0.12763895278438753 0.0778253922498442
0 0.5774455100661502 0.37683392155280604 0.0774943701495008 0.08028190494334726
0 0.963699524353241 0.24982507444638677 0.03797373191764509 0.09760933829596329
0 0.5246383845548601 0.9435554759206249 0.10259193145827944 0.062282705986677254
0 0.5164841797053955 0.5461964283922984 0.08297443564895755 0.09012121142674992
0 0.5141720569090451 0.3222765200127507 0.0774943701495008 0.08028190494334726
0 0.14883798150709998 0.37283646720195757 0.1256888465416947 0.11846685499721069
0 0.48956230214415963 0.40009528440789965 0.0823020624571931 0.0805058268113653
0 0.42317912297514354 0.39000903671399817 0.10802145697506592 0.10566389768991691
0 0.8018453487628678 0.8683479099106021 0.14665108873454577 0.10985911878790725
0 0.7691983824973488 0.3415467000737865 0.07939393640952375 0.07318232741581782
0 0.37752307936843665 0.4604219879767667 0.11282914928275836 0.10588781955793508
0 0.7376204325764315 0.2962951336169172 0.06961045849619787 0.07033063752593559
0 0.74109105520912 0.09247203474303459 0.09857416565762268 0.10761990010772705
0 0.06085313365332885 0.15769886428742197 0.04920303617984067 0.05260802697694041
0 0.26349088707587554 0.22373539734179634 0.15895596611698826 0.1487685009854818
0 0.39304811933597594 0.7352408621259438 0.07201430465004403 0.0704425984599446
0 0.19124035586241012 0.029652899726697792 0.15117313442902594 0.059305799453395584
0 0.26603811650276754 0.3757638429739775 0.1428014162318297 0.15760015906280328
0 0.24944574008994622 0.13334091143471907 0.1901554261343179 0.1837658783474361
0 0.1745508192493275 0.9131387332199495 0.143742962686876 0.10253561939236004
0 0.7781342771788837 0.7448593825197237 0.1266974063293415 0.1328899319202879
0 0.10210524484726606 0.18452972132141363 0.07475433739977239 0.07536225170164593
0 0.7559931420346853 0.06781778806752349 0.1052814242253374 0.10074424444821561
0 0.9368457800574854 0.37686670452837745 0.07218239794798528 0.07284644461379076
0 0.7410339584508043 0.6243904864197412 0.08162968926542866 0.07089044219598069
0 0.6172342016284078 0.11621088853134035 0.09001788081255505 0.08805324807493076
0 0.7080085022816978 0.02210207546130857 0.07324149771830199 0.04420415092261714
0 0.4250951625850965 0.2940791124281701 0.07475433739977241 0.07536225170164593
0 0.8287150064421136 0.4669615826852989 0.0642984862946821 0.06289517719637908
0 0.4440166951106384 0.8287076458635736 0.112492962686876 0.1010801272502425
0 0.4334855939979825 0.9621770878690398 0.09817096572913979 0.03332459120651411
0 0.24744789369678238 0.91573354011729 0.06413039299674098 0.06049133104253293
0 0.811368450054317 0.9206167401581679 0.10393667784180849 0.08151347521744648
0 0.9720877159003672 0.23266226856743666 0.02186972201515703 0.07289911115344769
0 0.8985781648516631 0.564340371258549 0.07989821630334695 0.08039386587735628
0 0.0285781005157519 0.2766069351659736 0.05480065499456831 0.09839306483402635
0 0.87209411381809 0.6518305007360872 0.12552075324375359 0.11606300884336473
0 0.8966362952839352 0.47218415760450355 0.1263612197334593 0.12808223961259543
0 0.8534934144713802 0.5580541674662587 0.08331062224483979 0.09492890373444222
0 0.652098207534142 0.06307270408153089 0.0625670133326004 0.07239860087775472
0 0.3118051566490999 0.8348654972340694 0.1164601885048626 0.08928481834902978