0 0.7009556811332374 0.11139910652334545 0.127442547720985 0.12945985139779484
0 0.2011335754778891 0.355388867384181 0.2372191350188104 0.18419067557289476
0 0.20274508136999422 0.872704405596249 0.097721493778009 0.08572906843094276
0 0.2996662393689056 0.7341746403620764 0.12227055027432954 0.12456824050871682
0 0.9199869055048163 0.6741332361455191 0.06421393744305867 0.11875352522439672
0 0.4085292250027699 0.8499070966565893 0.13632932205844328 0.12001230394518157
0 0.8280131535234131 0.1295869767789713 0.13428978104356032 0.12477803696218107
0 0.5261289578626698 0.2008747184103051 0.15257392467633607 0.14430252122780007
0 0.6500827395302758 0.6560380975322706 0.1161877899802662 0.10765739885040823
0 0.35290006733374446 0.5543957736041063 0.2325935952805997 0.18651060314535536
0 0.19489458950699368 0.9604657698569802 0.059660123206019315 0.05865737137824294
0 0.5079051844648527 0.9165914828960665 0.12838917331897848 0.11027104145771843
0 0.19495548067425517 0.6111677066699859 0.0879239565931428 0.08315738511432559
0 0.3420884372745432 0.23769649101146 0.09568195276312594 0.09049480144794245
0 0.8904716131397211 0.4141760939124145 0.09273164890083517 0.08324130369571109
0 0.17218267219653144 0.10382420704419154 0.11728070539715571 0.12208047577348505
0 0.9258351385117961 0.5335921547269049 0.07146133865518269 0.08767136238716808
0 0.5588706217608315 0.29152854396002725 0.12063117714899554 0.10293362512410151
0 0.721782863697372 0.4543309003548352 0.12893563102742325 0.1174825799192569
0 0.10405903061869887 0.923640643732462 0.1209954822879585 0.10774131743179374
0 0.7824419872189868 0.5408964248308206 0.07481181040702257 0.06852451173778434
0 0.05253682221266847 0.2669798638865254 0.10507364442533694 0.1391171953038723
0 0.8296827117662265 0.4560485015044271 0.08238765400752421 0.07345808191755519
0 0.9114012272548094 0.12212976586545327 0.07900131950509877 0.12381297327624595
0 0.566189748474127 0.3850267882158703 0.08238765400752421 0.07345808191755519
0 0.7103544698368313 0.009834617884389359 0.09852182955710677 0.019669235768778718
0 0.2803580670038586 0.9889823326697686 0.04880553335484942 0.010454570429241326
0 0.015640092558739636 0.3961311038963014 0.03128018511747927 0.09716086913047416
0 0.3955704656769286 0.434817958919022 0.092367343761872 0.07843361138801878
0 0.618599631651469 0.4537313037007808 0.08238765400752421 0.07345808191755519
0 0.5515222084060304 0.8162024781510587 0.11950239898152021 0.11971858891033176
0 0.539199563665098 0.4719219037252209 0.08275195914648738 0.0782657742252475
0 0.5461185224888446 0.539019799579449 0.1060259476564369 0.10027802322609834
0 0.08761060676350495 0.12690641795770957 0.11152638749146983 0.14118536713217583
0 0.6105368021015075 0.19580037400528683 0.0727722693921396 0.0732902447547839
0 0.47460338970778326 0.5798791009026563 0.10879409894924622 0.10512767482448354
0 0.6534775904823609 0.23106083978981531 0.0696398129603671 0.0636329008487064
0 0.8567115981423945 0.24191737700400162 0.11028718225568432 0.09315040334594553
0 0.7609644959871772 0.9193763161895114 0.05394166805091935 0.04655422202762639
0 0.7046963849166896 0.711500479525681 0.15053438366145308 0.14906825424479947
0 0.20116659941192158 0.5450409577938703 0.06982196552984868 0.06603674700255255
0 0.9033945097149767 0.7980571909406746 0.08064069263043304 0.14544758866086155
0 0.55332722213383 0.6973379714077524 0.16127854644431275 0.13245112762134043
0 0.7944031656375092 0.7315406418639687 0.1839702144952321 0.1784598788699602
0 0.033538451156567825 0.7511450674330612 0.06707690231313565 0.13625179695240502
0 0.2100604707907629 0.15837838099552853 0.1339254759045972 0.11997034465448876
0 0.7366900877533555 0.875387694186325 0.07481181040702257 0.06852451173778434
0 0.8829538218899279 0.2282556506055731 0.10121825534874446 0.1001941046447127
0 0.5827864024887964 0.02884950736951703 0.07481181040702257 0.05769901473903406
0 0.32910464953202595 0.2031134571701942 0.07055057580777499 0.07565213161793717
0 0.8282821241528058 0.3636472820987751 0.08792395659314259 0.08315738511432559
0 0.9306291576690254 0.2802381412402926 0.05558104117625335 0.06818883741224177
0 0.6417259109342461 0.5445529664132743 0.07739780913035031 0.0709703171823234
0 0.489708379824291 0.1270897752281989 0.0646499680831932 0.0611451361134746
0 0.11067741428729708 0.48780411900700626 0.10416855921103546 0.10744760239694393
0 0.022284403119987327 0.6779326579674857 0.044568806239974654 0.06106121753208909
0 0.03849740121212413 0.11106553821206802 0.07699480242424826 0.09998430819124857
0 0.7276367743374583 0.00357324675561699 0.0735726051712373 0.00714649351123398
0 0.39466679987090375 0.05072706543729778 0.0825698065770058 0.07586192807140134
0 0.6403347382464584 0.9430879164634219 0.09979689754347759 0.0497552947046365
0 0.06678006445051404 0.9879090172337383 0.11684183594046799 0.02124481518402523
0 0.3067621940613304 0.07026644605608584 0.11709855282767413 0.11967662961963892
0 0.48768818959297744 0.05872366383764523 0.12893563102742325 0.11744732767529047
0 0.39841743951229225 0.09627426448829621 0.09699288350008271 0.07611368381555833
0 0.8834436466559408 0.33267610078045584 0.07408320012909651 0.05890912712239977
0 0.0982551768119643 0.6200576167592374 0.09010978742692168 0.11200353896047936