0 0.21640927356424994 0.8564637103121506 0.1715242737358525 0.15955435655153577
0 0.6069984978967553 0.709955062113083 0.12724720105733256 0.13881259248698868
0 0.7482720523262384 0.21999399705443848 0.14179625821907066 0.1417201035854276
0 0.35162900532472996 0.7347527996578441 0.12674328010268787 0.12919720787160435
0 0.0676635293814819 0.44980159765321137 0.1353270587629638 0.19287242607565355
0 0.09815943795190601 0.7692498659754219 0.18556940994294593 0.1528464830345898
0 0.049861089656747626 0.2109813868481213 0.09972217931349525 0.19119354292701182
0 0.10129182148711761 0.06615157084829573 0.14801017639060393 0.07715203406130978
0 0.4902790783845226 0.1110424964310097 0.15115968235713295 0.1372481879074636
0 0.8863944403855671 0.06587313540192498 0.15028804230578885 0.0748321320648957
0 0.4105588821626898 0.046848346076525806 0.13055335212037497 0.0645451941900544
0 0.16037847302035668 0.3632249935748443 0.2173233308975906 0.16355314169659144
0 0.15775499165066625 0.22947575540665438 0.11852389973186014 0.10971460616853879
0 0.45331921076639936 0.8852068742056194 0.17848385172006864 0.15499849671613958
0 0.8094645922492224 0.31605246138382087 0.21947521657411456 0.15882939354633122
0 0.20321878457594864 0.9874389617462711 0.1602915892564412 0.02512207650745779