0 0.8560170488733464 0.2900362593716176 0.18103367594417982 0.18086372502380635
0 0.630758915611898 0.6529777990805082 0.15207122254403613 0.13713294205695448
0 0.12280104116941096 0.7158757885875411 0.16012280957485328 0.15168189685210967
0 0.7088816724614373 0.40426972403099437 0.144719675987618 0.1346032180310298
0 0.4941078057446048 0.07706720467168761 0.21370746543386743 0.15413440934337522
0 0.7964098017840413 0.15899958104947837 0.17692602411088634 0.19279903721165148
0 0.2631748583396041 0.04061971216340503 0.20441951409002262 0.08123942432681006
0 0.11047247779337846 0.06309351336187703 0.0963627367209354 0.12618702672375406
0 0.07466092122695617 0.4430121871884788 0.14932184245391233 0.15880951673226262
0 0.03359681795208174 0.3549510246007206 0.06719363590416348 0.13110843031917
0 0.38711406493279116 0.1565382554972214 0.19076536011355408 0.2242588336651156
0 0.25757453454441337 0.13358465222459606 0.12252502822348355 0.12461019979940974
0 0.8337427859417879 0.5281638861198117 0.17410215367240084 0.18554553945942012
0 0.20245539751787378 0.7913302903363688 0.1860976759007415 0.22657876123757603