0 0.1633586438472071 0.323342267945299 0.12156547962711507 0.1325492491813035
0 0.9679548837728026 0.15419073591602483 0.06409023245439481 0.13377814238931626
0 0.4521920167687614 0.3707427646436428 0.15867234362609997 0.16944619359316254
0 0.8682949819307855 0.6172408561810356 0.1137943829302203 0.11315062952970087
0 0.26811367531485497 0.28602469254230745 0.09160020931024909 0.09341630903643178
0 0.6284626986001971 0.8898306437065701 0.1337245999551849 0.13763669219038485
0 0.14156968654109472 0.8145661354340811 0.10417899831483589 0.11292682896858991
0 0.21939640995116289 0.6371550863637284 0.13379454473460434 0.14004053834423094
0 0.7661202491013989 0.2058774479799139 0.13104097468366077 0.12796535743472232
0 0.7449700435461891 0.8017245733012814 0.10417899831483596 0.11292682896858991
0 0.7259599479256719 0.4377377064845614 0.11181020545289154 0.12751775631250012
0 0.7495622658701605 0.5875304899777238 0.15055152303210798 0.1380283431723291
0 0.8661508268864969 0.9155695548892087 0.12396932578096144 0.13260519932158132
0 0.38749077877184485 0.6272289611596685 0.1949398702720508 0.17749698415886755
0 0.3028351906322476 0.487276367782051 0.13146064336017768 0.14238843435779922
0 0.11151033832709298 0.401524223024626 0.09167015408966858 0.09582015519027792
0 0.673785619607245 0.09136106470865328 0.12898685242691216 0.1399286380636753
0 0.578539465049986 0.5794837191682153 0.12184525874479299 0.14216463379668826
0 0.52953837545902 0.25949343494433713 0.1364781700061286 0.1497118730998933
0 0.42013244817890605 0.9223425366799677 0.17465992934998908 0.14099169072895307
0 0.3606987471824396 0.6158251819334933 0.12644311671422687 0.13506499561570515
0 0.885931473597564 0.06597678498637746 0.09811229997759231 0.06954569791880351
0 0.07407788354872674 0.7271344815292734 0.11024569665207937 0.1563079600183763
0 0.12464666301223795 0.10895336406981827 0.13930168483649175 0.16419090016324797
0 0.6033525227885932 0.03264222140312477 0.10312982662354332 0.06528444280624954
0 0.6116795646301794 0.1890255646499995 0.09682757029445838 0.10795128624006417
0 0.6840952483902938 0.6936923766679481 0.1041789983148357 0.11292682896858963
0 0.06474589114168466 0.6130916645722756 0.09689751507387792 0.11035513239391033
0 0.21341049566533238 0.22475559562841863 0.0964079016179414 0.09352820931698726
0 0.5748802259572532 0.4123884364057688 0.08672257222313708 0.09090056260203
0 0.6798430692083617 0.05152975274935841 0.09619806727968284 0.0863166708554488
0 0.7937829773428836 0.37121130626265963 0.07682740849007448 0.08106137742553415
0 0.07463382869341832 0.8702472528935363 0.07414378321855039 0.07139004266987187
0 0.971592012302617 0.41500804360833254 0.05681597539476586 0.15541275777393165
0 0.9424001796689616 0.8079539694908112 0.08529795298116429 0.12449845861559848
0 0.5848951912410345 0.7152450767202452 0.15584882879573683 0.1549671665298078
0 0.8967029696281684 0.43616909267868514 0.17491398481408418 0.23228189443482924
0 0.7684927359561999 0.08073757262921945 0.108986690622528 0.11303872924914539
0 0.973957272976089 0.6158970478753196 0.05208545404782191 0.06624664952051293
0 0.30542878311623195 0.7830893200558224 0.10884680106368914 0.10823103694145321
0 0.08173279178556717 0.32885034194551277 0.09167015408966855 0.0958201551902779
0 0.3386717773107566 0.07004422448605757 0.11484355462151319 0.14008844897211514
0 0.4054548837728026 0.048604429653365235 0.07505306535100413 0.09720885930673047
0 0.06865514058891684 0.2100837578912393 0.052719002172193545 0.07809802986891033
0 0.045415840387248586 0.8168041410451923 0.0464866906225282 0.11158402560192307
0 0.9290556111814247 0.6386786411356297 0.0694060356902776 0.07368198854316241
0 0.025746905007708463 0.6368513803483975 0.016801199423340248 0.08206647007243587
0 0.2501969725114671 0.045950817746367445 0.13500932963831885 0.09190163549273489
0 0.11975977718899923 0.025603055588140997 0.09528878514722922 0.051206111176281995
0 0.4183874417840828 0.7383643807003201 0.1012155939256337 0.093640109597543
0 0.5935715249607867 0.1040527021002666 0.10863696672543072 0.10101949847991462
0 0.5486236194854878 0.048141836057024365 0.074913175792165 0.09628367211404873
0 0.3421380890016182 0.8459799660987177 0.07675746371065505 0.07865753127168801