0 0.8948140285649102 0.31905230672581564 0.1333049312786678 0.1307884167880998
0 0.6302747631817792 0.7567231598821637 0.1432000950117304 0.14118869837354325
0 0.9208993861787913 0.0819055897087752 0.1404465249607867 0.12897324336179775
0 0.5829178079261029 0.24139229787985278 0.1241092153398003 0.14442659674111807
0 0.32945713188070386 0.8340376934598555 0.10630306535100399 0.10939918088966913
0 0.7957281373209071 0.22162260626345837 0.11160037111463285 0.1266185524516217
0 0.15121036279113081 0.0457468097885821 0.13507927441773834 0.0914936195771642
0 0.6087635624385469 0.5894104727036712 0.1544941543331832 0.19966590303590953
0 0.6144090015634067 0.10692418062939561 0.11598839474580817 0.11258792401357406
0 0.8022804040044912 0.8206219022998501 0.10644295490984326 0.11420687319736143
0 0.3681803840065978 0.20376401816771153 0.07173993706470419 0.07540204149446393
0 0.47049818746655636 0.6846317577903653 0.15302531396537356 0.14918513380514042
0 0.361819022170087 0.5460177587270164 0.17316536532859644 0.18200492774525756
0 0.24121629453738913 0.4875155797106493 0.17713372028325466 0.15355122238413307
0 0.8991264717712035 0.541726989942192 0.17223035954256005 0.23228947273351225
0 0.10046990245080398 0.3383294540750944 0.11881190957617134 0.12720722517916572
0 0.3867076603335761 0.8857205841336306 0.10142542826389225 0.1066028862507939
0 0.5674841447921076 0.4009291531250149 0.12849723897097548 0.1303959683030706
0 0.1859021093453448 0.41049419230023204 0.09888169255120699 0.10159896970058678
0 0.04017959391591422 0.6206830666646772 0.08035918783182844 0.08899106620381211
0 0.44885475536474545 0.006157477847791532 0.08305972003973985 0.012314955695583064
0 0.4333897329317048 0.2703851239926854 0.13034152688946568 0.11136142331481597
0 0.6104181040268988 0.9034313097662013 0.12518411068467566 0.09894974406055577
0 0.6451436644538873 0.03966564356537343 0.06184477333164159 0.06500175990902059
0 0.7210299994935317 0.8932030715336036 0.1348694400794797 0.10213848718446063
0 0.6236710491910293 0.013675939033143876 0.0666524656393339 0.027351878066287753
0 0.10110460909211061 0.8934462689928764 0.15692372414061226 0.1183275822901695
0 0.4049447502898142 0.42378967411013974 0.08403894695161308 0.08599854732242179
0 0.31371796597544765 0.9216553883321476 0.0739339488802919 0.06838672727544001
0 0.6808238866561014 0.2969509148924171 0.13853229226287722 0.14560394219620615
0 0.9793482246179223 0.020753193221962563 0.03780631179318005 0.041506386443925125
0 0.39819912418542747 0.014914232627612293 0.11706329009068356 0.029828465255224586
0 0.8557153288883359 0.8798106677989358 0.06926614613143847 0.07280197109810296
0 0.0073494054655795504 0.6885302764562435 0.014698810931159101 0.07967021631828211
0 0.22134113791025498 0.7996966657250422 0.08417883651045208 0.09080623963011411
0 0.07283492041770012 0.2578495647988355 0.09888169255120702 0.10159896970058678
0 0.691854641777332 0.4123601078988675 0.16292047769843623 0.1595854153905836
0 0.032900928497687464 0.43315848904284227 0.06580185699537493 0.1144522526835463
0 0.47356130539835684 0.08988735593646005 0.15181052906165904 0.1797747118729201
0 0.2127785380768275 0.8879276109467134 0.08417883651045208 0.09080623963011411
0 0.6943320458012623 0.5332637780618116 0.17368070243811573 0.11729730583392622
0 0.2953800039596761 0.7277041692188327 0.13414426863170187 0.1596345706342538
0 0.5188862489602027 0.5463862246884594 0.06184477333164159 0.06500175990902061
0 0.877849238483946 0.012229132385243258 0.09281499421396361 0.024458264770486515
0 0.2701380288084249 0.27651683402214444 0.07696729804891361 0.09021756690257021
0 0.06572468603462642 0.13132872773630536 0.06331361369945128 0.11548252913978982
0 0.44264975800452955 0.48785966641634004 0.05689719146511015 0.05980161911629896
0 0.2088970348379761 0.23834943355829513 0.11881190957617137 0.12720722517916572
0 0.08576502385525107 0.6788661333293545 0.09400405546409521 0.09880267506171127
0 0.8014636092333068 0.034452321314361205 0.08891658403872481 0.06890464262872241
0 0.3741863863005487 0.07976971700211993 0.11654795298116429 0.1318186932443433
0 0.45604938688989666 0.6042745582571989 0.06672241041875346 0.06779805454789613
0 0.8380490684583786 0.9100303913426923 0.11409988570148144 0.047684077859727836
0 0.04376968349716082 0.780440723774189 0.08753936699432165 0.160272398605468
0 0.006535791766128271 0.9034782829829595 0.013071583532256542 0.06804343403408097
0 0.7715734873223915 0.6396710351683393 0.09201987798676606 0.11302952774227365
0 0.7898620245857952 0.3408092151213576 0.07456345189506745 0.09002134266005543