0 0.6506610018108958 0.6965202894818648 0.13698856591137834 0.14685546952123582
0 0.45466921772417745 0.6443312604411433 0.1744320408443432 0.17603006575576702
0 0.7491624752125252 0.4388519501883458 0.10612672824664589 0.10620810022591848
0 0.5150462069031151 0.2004021263834096 0.21200149601596946 0.20760850814414467
0 0.23218580785112156 0.9377316884705302 0.14611025119140236 0.09247777083018222
0 0.9149223228278169 0.519669117755154 0.11799953553864712 0.1956968656266708
0 0.5053185140743701 0.5459184385440703 0.17000228925263436 0.18287729907834246
0 0.8547036391490186 0.8235197095213324 0.08488027519729804 0.0662893412085272
0 0.3494209007421431 0.4368195062148458 0.1966863358029802 0.2351795940039274
0 0.869099372021494 0.1376590826466665 0.15710119681277546 0.16513961315401152
0 0.006554422816396717 0.3942487006060621 0.013108845632793433 0.10092567571095278
0 0.536529288000859 0.0874392885279332 0.14344422294094983 0.13297885030660367
0 0.06826800612534277 0.8902951382033459 0.09346737466482515 0.138769030962875
0 0.3972849598164895 0.06402681694460904 0.1615309484044844 0.1280536338892181
0 0.5387867106774755 0.02135712830556322 0.11954196326043351 0.04271425661112644
0 0.16107647514263515 0.3529250957504203 0.24918278885232803 0.277466336424579
0 0.8869273657944385 0.3685552524512238 0.1568492363354531 0.16033192084631925
0 0.2331935201616453 0.07331304946747788 0.14977389973186014 0.11669838493812527
0 0.017702013534283564 0.5313769390353265 0.03540402706856713 0.12955381423703935
0 0.3307042740853027 0.4741522665089092 0.1573531572900979 0.1699473054617039
0 0.8829299838223853 0.038581380455481915 0.07399486657601774 0.07716276091096383
0 0.29623321678378456 0.21817993328315605 0.19340062797850605 0.21817051835752274
0 0.4448478699182493 0.8545767226179409 0.2044120168384475 0.19985051197416143