0 0.7788280531814158 0.5402822043049541 0.13666808895680085 0.12383435197494809
0 0.06453123895098706 0.08569544060604636 0.11704100398228251 0.07497370235996201
0 0.23162674148510654 0.6125163558579951 0.16124287433389137 0.17532276961179852
0 0.05251425133221713 0.721930944837214 0.10502850266443425 0.1111433556016632
0 0.716937745793176 0.8620090395786548 0.1698782022851177 0.15894369027091151
0 0.5627845024906812 0.46284222561839855 0.16280667191845913 0.1610116536227306
0 0.9347658389060124 0.847068882743147 0.030782558633580457 0.07575080104333
0 0.19793284621900353 0.059104896927858426 0.08565099588740271 0.0711143640639987
0 0.6446197170049951 0.3955015721861826 0.13256043712350737 0.13562966087616082
0 0.14505383871054026 0.6788790080813063 0.11433343309778674 0.11080747279963642
0 0.05454973505558107 0.5489659826943 0.10909947011116214 0.11080747279963628
0 0.5666843853321158 0.7251676919924803 0.09143874485925338 0.08816520900893984
0 0.36499166436655744 0.40133348253669404 0.14287586221329093 0.14809673538142767
0 0.22703242604542512 0.9795210908583937 0.08016697164620169 0.01811778774537432
0 0.3499233320203852 0.025887384838807887 0.09216249387454233 0.051774769677615774
0 0.882048943400999 0.04605159540824197 0.10868569222081594 0.09210319081648394
0 0.15868091942042753 0.4037505843999305 0.20945980550569426 0.17996583444582478
0 0.3177948389711698 0.9441285363000603 0.11265333595922956 0.08196131895348256
0 0.22843763181328536 0.2350861764343206 0.29991849370078927 0.25130412037784156
0 0.5717269198982483 0.8855536186961187 0.11234961122857985 0.11790705032716559
0 0.44512307320142397 0.3220855592692563 0.09129873676437364 0.08576136285509366
0 0.03355052244553196 0.43663064579775634 0.06710104489106392 0.13154640071217963
0 0.47677499682132524 0.8899760755894746 0.10203418613879642 0.10543997582189873