0 0.6470856433601777 0.12445641439877082 0.12567372414061223 0.10862268792339752
0 0.8931177204244508 0.9329829494999994 0.12772784639736082 0.09665940729444436
0 0.6255358571365712 0.4172230988445508 0.16037674198575103 0.1454636821949788
0 0.4192360278732438 0.8501991769944441 0.10637301013042343 0.10577124064732911
0 0.6933624996444473 0.22681469648915542 0.08898652881814438 0.08614882043461544
0 0.12550652039232385 0.6345294495268696 0.13090108512482163 0.12315766512703
0 0.15454198854968443 0.14433965469417723 0.10609323101274551 0.0961558560319445
0 0.3391577776760286 0.2061932132638352 0.1333049312786678 0.1232136152673078
0 0.8194450531895832 0.7157995534277771 0.12128570050943702 0.12293386456591876
0 0.22367590332254436 0.7428963420628203 0.106163175792165 0.09855970218579066
0 0.5843006606159686 0.6948123844125529 0.12072614227408092 0.10370309533514953
0 0.4374083766765935 0.7307052411165594 0.1266529510524853 0.1422765340772439
0 0.11447215218042862 0.8753336909635683 0.1402366906225282 0.11376608107275661
0 0.3644516321533769 0.37278494476378177 0.16623360598473597 0.18163327478322658
0 0.49517221968418734 0.27713163505528804 0.13563883265309437 0.12086571925373939
0 0.563990950930728 0.07948371916821534 0.09139037497199053 0.08620477057489324
0 0.9247503941564603 0.6147241048075848 0.13316504171982865 0.11840592295961536
0 0.4300384511839622 0.5600881143337604 0.13535905353541638 0.11125033463835485
0 0.7441857665909851 0.48542297857954 0.14299026067347198 0.12584126198226506
0 0.07381819243916911 0.4288617329613782 0.12735239884668048 0.16631499561570515
0 0.3732976241951469 0.34611883651036296 0.12828740463271707 0.11589017652521383
0 0.9689425641528694 0.8229635179477556 0.06211487169426114 0.0951487535069445
0 0.23502661357769394 0.05943773475884074 0.1500619095761713 0.11887546951768148
0 0.8559533414539064 0.06908000789369587 0.1574133375965489 0.12617696282393176
0 0.9738127590491865 0.5388061205314094 0.05237448190162707 0.09772045008162394
0 0.8221451533785633 0.5605836260838668 0.1034096057412213 0.08648452127628221
0 0.32508283411418265 0.6731827937231836 0.10609323101274547 0.0961558560319445
0 0.3464907082241523 0.04765478467721676 0.10382927441773838 0.09530956935443352
0 0.7493761326306868 0.16777958543018098 0.08912641837698351 0.09095651274230779
0 0.5954841671228298 0.5418044777315166 0.08403894695161308 0.08122922784636757
0 0.9617981526480192 0.6174066967237706 0.0764036947039617 0.08838481616762824
0 0.6571026311987568 0.7580657014282046 0.07407383843913078 0.06898619651602572
0 0.09375924873612693 0.08080658697713668 0.06686229997759242 0.06881834609519236
0 0.6314831859420273 0.9523026686364311 0.15099691536220777 0.07077660100491447
0 0.23662291369648258 0.9398438762573715 0.11988680492104684 0.07485694148899569
0 0.2946058397784618 0.5764704511056087 0.1459536650626741 0.14512798135331223
0 0.6024878938009076 0.865177735564102 0.22556036725727516 0.15658972059786352
0 0.9443051636307442 0.7080824538256402 0.10623312057158457 0.1009635483396368
0 0.43083197687529307 0.959378351503472 0.06403878514722919 0.054339319031837564
0 0.20129559646309925 0.3044182195470084 0.1014254282638922 0.10085164805908126
0 0.6327232624803933 0.04420731894631357 0.09139037497199053 0.08620477057489324
0 0.9243102054528914 0.2766480193505334 0.1513795890942172 0.09984655541217968
0 0.9457277603179192 0.343620010816559 0.09804235519817275 0.06714185176495736
0 0.7499521657834989 0.02296937923888859 0.0758481815782014 0.04593875847777718
0 0.139200380758027 0.03264674362884611 0.10532383843913087 0.06529348725769223
0 0.40302574598430496 0.9131188030465274 0.06912625657259962 0.06406660392777806
0 0.31885933928171295 0.008774122633119542 0.08002637087111818 0.017548245266239083
0 0.9432390850030643 0.18602821238894152 0.11352182999387139 0.12533771071976504
0 0.04028053474537707 0.8469920933189636 0.033698067279682824 0.08486196720822647
0 0.9572203826867057 0.05465492109252057 0.08555923462658846 0.0885526665884616
0 0.2561607762343793 0.4125902915310361 0.08686246178197621 0.09570825490972232
0 0.9044133702817703 0.535816807782745 0.0942138898023538 0.1006837976382479
0 0.9552418408548391 0.4864810065495719 0.0895163182903218 0.06702995148440175
0 0.14235353147736735 0.3454804345924144 0.0741437832185504 0.07139004266987187