0 0.8102951489124188 0.37395570093234937 0.12079608705350062 0.10405065783830955
0 0.15916238910096794 0.9667858852771706 0.10737796069587945 0.05590380892231268
0 0.264259486265453 0.40598348045636945 0.13661805956496753 0.15221149192212147
0 0.06861655510854257 0.3337919787731529 0.10849707716659163 0.0943653473838511
0 0.7123299646749944 0.06545116128027807 0.14807773209884198 0.13090232256055614
0 0.6057897507962825 0.4929538794867908 0.14100608319614294 0.13781638533467427
0 0.9580376094768217 0.03168652601041898 0.08392478104635669 0.060585634719671724
0 0.058461700265922296 0.0264143373566781 0.09769263130107536 0.0528286747133562
0 0.2926108230291392 0.9672116315403725 0.07619790547529895 0.0581258478945662
0 0.6938669974819732 0.5453350288300736 0.114004217268479 0.11843177925794225
0 0.1726813875181223 0.3572290780955782 0.10128553870505315 0.09432339188040664
0 0.09525222222165289 0.5055411122628197 0.10128553870505316 0.09432339188040664
0 0.5813038743729232 0.22983062181534056 0.08149521123892793 0.07498074130711906
0 0.41999053606526904 0.5938113305448678 0.12149553484769544 0.1280891193767711
0 0.8252026356649014 0.9689216091770873 0.10009647745492163 0.05345800726502203
0 0.9832872428283331 0.20583251307002456 0.03342551434333366 0.07714683960811364
0 0.214606783096793 0.02231908725239099 0.07344433542435524 0.04463817450478198
0 0.4467017836032614 0.974730042338687 0.08546356619358601 0.046162557796594846
0 0.9589885109218463 0.850294037569738 0.08202297815630726 0.07987234462170015
0 0.2166778122899289 0.6298558390398946 0.18695893923689771 0.14769748813853995
0 0.31142510465512446 0.04491088527717051 0.09881174777178744 0.08982177055434103
0 0.30415691525988936 0.7856233507502842 0.26556069086604295 0.20583732120092108
0 0.5682041126133546 0.06882187759500004 0.0967576255150388 0.10391080616016168
0 0.5071806111814245 0.6570167801643656 0.08142526645950837 0.07257689515327297
0 0.06746448880291861 0.6247133040597966 0.0947734480377098 0.11831989791542369
0 0.47483880890016184 0.08258845298593095 0.0891963631564028 0.09184961988748652