0 0.9475138757391114 0.22497281182246132 0.1049722485217773 0.14268386291655888
0 0.575550076666745 0.34441581641611924 0.16190734109480262 0.18383489414515544
0 0.7827682786127691 0.5216538885667451 0.10577585862392606 0.1104253031289122
0 0.13998637366942185 0.49425132120370124 0.16934280142435915 0.18914686634667122
0 0.24282822866663262 0.6052320041755471 0.1283061614806134 0.1311689120411516
0 0.40589790385913954 0.5853881983770886 0.12338650823891201 0.12842887929142321
0 0.834460734553552 0.23346152336848844 0.15838388560086641 0.15962833930875278
0 0.10908533403188697 0.27092049885158553 0.1384813507660431 0.14386051600214683
0 0.8573040790187378 0.7756969243587373 0.10840362664579026 0.11540108873454577
0 0.8851788595106819 0.8822731149513735 0.14490916268951864 0.12753787281904722
0 0.37799347617001955 0.4522856534431742 0.11857881593121984 0.12809269269554086
0 0.9835781959014989 0.4187010604876882 0.032843608197002376 0.11667882178547415
0 0.6483604243776168 0.7167515936403963 0.12785831774457754 0.12155352742576699
0 0.633821894444231 0.22337480555914077 0.10817970477777215 0.11059339642685319
0 0.6409315919027555 0.8161497524377942 0.11572712604133753 0.11830921478221512
0 0.7292973471393279 0.09852642550715172 0.13333777565632368 0.1363127909447261
0 0.5467864147063763 0.7624411439134033 0.16805856461060303 0.21301723458719152
0 0.4366405875797991 0.0804041760964901 0.11332327988749145 0.11814112148427397
0 0.6551405105909048 0.5257551410499328 0.21786756823731837 0.2021241169208784
0 0.9142518928542968 0.056653041070560246 0.08531351911905762 0.08263824905307536
0 0.15607578704219585 0.7620280274106358 0.14122107972191628 0.15124014776162653
0 0.21240136603496224 0.36619213517446075 0.14340100400774441 0.1466005487518752
0 0.2983503757062027 0.321595191338071 0.08838913087695782 0.09722941927409347
0 0.2070110278636963 0.8718150239805235 0.20316127505187123 0.14359134273886498
0 0.4034774880685554 0.3263023636468626 0.18846160972111947 0.188087766576354
0 0.08443789336002332 0.8032125653055325 0.0985643201623875 0.10992102323508873
0 0.1777562629628207 0.16603403787976564 0.1556441566449932 0.1522487075492732
0 0.7171300585331691 0.40686583639988877 0.10096816631623376 0.11008911653302984
0 0.932810985555488 0.6581188594259222 0.13437802888902384 0.15107205446368527
0 0.8922289062769496 0.5417339209286249 0.16045184895268577 0.15258489414515544
0 0.8048573655881157 0.6334580047119265 0.09822843736036055 0.10270948477355027
0 0.05110667429881384 0.6053742675157131 0.0513830845575365 0.1257899265070354
0 0.8018016373943012 0.9303077347205913 0.12897129922997244 0.042562790944726134
0 0.7053776525385229 0.6464434919610988 0.11080747279963642 0.11556918203248674
0 0.3617131020537511 0.25807839487545914 0.0857613628550937 0.09225363366846001
0 0.8246906642465442 0.4379312697520175 0.1312698123045046 0.1433562361083235
0 0.1327713431315835 0.008405224863496458 0.05881191703239779 0.016810449726992915
0 0.9772227559328136 0.10491509076179455 0.04555448813437288 0.13814534387214833
0 0.428530047718841 0.02705646419287673 0.13590624928383585 0.05411292838575346
0 0.6477081860397438 0.1331717981322746 0.06815071324010748 0.07425005750594901
0 0.762796507601551 0.29997049252774044 0.1896931799952187 0.21453007426866166
0 0.044135449193079074 0.42980945163597334 0.05154771203120244 0.07788109672805331
0 0.5957982579366858 0.08012732612468315 0.08084170961339236 0.08951360091873156
0 0.7806443347939455 0.5278315972493016 0.14418473054580752 0.16342747182879827
0 0.6460784809398225 0.8748758899090839 0.12830616148061333 0.1311689120411516
0 0.4915902086867906 0.8977371383955176 0.15324031049114703 0.15208061425133196
0 0.4349219408883497 0.7425292048494646 0.17062703823811523 0.16527649810615067
0 0.3043041887727659 0.7601037511257178 0.15665180505107432 0.17388332293388833
0 0.32944551186562726 0.08307663554717812 0.13322581472231482 0.13390894479087995
0 0.14510343736036044 0.08632038822429 0.12064677928303894 0.1210492475319435
0 0.6239133517844336 0.03423889430881744 0.1467532041733195 0.06847778861763489