0 0.5660739779127926 0.923647478809242 0.12884696286807304 0.13512094575598282
0 0.165184002274512 0.6473090318850964 0.13633828044728954 0.144904180792201
0 0.7997845025083072 0.9416163550666136 0.1241092153398003 0.11676728986677286
0 0.6893145191553114 0.6150070335493596 0.14299026067347198 0.12584126198226506
0 0.13189476439935272 0.34464721212254285 0.10644295490984305 0.10817508680117527
0 0.6783167138689925 0.8276355178841885 0.12340976754560493 0.11337443009081209
0 0.9505977392047706 0.19171133460657133 0.09292916011921958 0.13908938595950862
0 0.33765353289957784 0.6308767746072653 0.19445025681611428 0.16067006108194448
0 0.8193798800177634 0.6505082392714215 0.11153042633521328 0.1179023716971155
0 0.07728523062803452 0.8160518289685899 0.11125064721753533 0.10828698708173061
0 0.7580745769133574 0.4013175064273511 0.07421372799796991 0.07379388882371803
0 0.2623834070289863 0.48960734305502157 0.14630338895977163 0.15714721212254285
0 0.4169382574054622 0.3861610480463679 0.17811294719512774 0.17710533317692329
0 0.49255088099182226 0.2676472445623936 0.1494066829078129 0.1812416238012822
0 0.341209445359048 0.9164408834313302 0.228593716425897 0.1671182331373395
0 0.6637099582801712 0.13091077931169928 0.12602344803770976 0.12064191869262829
0 0.07132185892405374 0.4009687413780449 0.10389921919715786 0.10331144435320529
0 0.5323522095343248 0.5945153762842419 0.12630322715538775 0.13025730330801283
0 0.5770923032261632 0.21428906286351543 0.09902158211004597 0.10079569791880352
0 0.3892261044116098 0.05716882087206229 0.08679251700255677 0.09330440875587612
0 0.9623922512541536 0.4890619107989324 0.05045504557718635 0.08284977203632483
0 0.6828337877870132 0.465716796379648 0.10954624885788423 0.13226949847991462
0 0.033953713279644596 0.6223733582240919 0.06790742655928919 0.12936210106356846
0 0.883374444039156 0.6832688930589217 0.06184477333164159 0.06149490735309836
0 0.03237995574270564 0.734152204377938 0.06475991148541128 0.13657363952510693
0 0.9308789470539316 0.662725305409723 0.0643885090443266 0.06635854980106834
0 0.10605262297757331 0.11672842369033129 0.11512333373919117 0.15882370645277785
0 0.5322657898374494 0.432143860619071 0.08417883651045208 0.08603692015405989
0 0.047012867004041094 0.32703598214268165 0.06459834338258529 0.07357008826260693
0 0.620375986358052 0.7108241739224899 0.14347987412940844 0.14266818505918813
0 0.8606408001919489 0.999169792347276 0.06312950301477553 0.0016604153054480264
0 0.9590533993142711 0.4384692412876076 0.06104965710444405 0.11672741875128209
0 0.0227553223911941 0.8673978154955662 0.0455106447823882 0.07133409252959393
0 0.32770533132348295 0.022060271070993866 0.08016626042995717 0.030692508475320575
0 0.1818823070835209 0.2387670860118057 0.08898652881814438 0.08614882043461544
0 0.7486139662384013 0.10642672652911388 0.09902158211004611 0.10079569791880352
0 0.5022727733122027 0.7188999247411864 0.15372476175956867 0.16452660100491473
0 0.5781728342165012 0.05314744534540646 0.11288510079776679 0.08190062952970095
0 0.8619331880753431 0.510778441515866 0.18469498264189055 0.1556385682131412
0 0.0956236246627374 0.22713749634642105 0.08658268266429822 0.0860928702943377
0 0.3808435701532622 0.7172763657340815 0.1132091010412816 0.1755946793894232
0 0.2446178650753623 0.31479697056853656 0.1553592153398002 0.13814024345288473
0 0.3931610775124248 0.5419634469241457 0.06184477333164159 0.06149490735309836
0 0.8922497728251734 0.9156037228168811 0.05554251700255664 0.09257705693226506
0 0.6996092635567707 0.30253500861949845 0.08877669447988595 0.07893728197307705
0 0.8750257236535829 0.10215257043215885 0.11479933349567627 0.06512965659305565
0 0.4626720303718317 0.46780889700576966 0.05689719146511029 0.056575314764850435
0 0.7470659323550451 0.24229998436169933 0.12602344803770976 0.12064191869262836
0 0.3240203685771673 0.10736883446239344 0.09647784639736086 0.0959320554708334
0 0.8752222641461185 0.839434967848505 0.08672257222313708 0.09090056260203
0 0.8828297701853892 0.41264037526025715 0.12835734941213636 0.11829402267906002
0 0.3444988725465628 0.4782884939783123 0.06686229997759245 0.06881834609519243
0 0.0029171607085676232 0.848893393149359 0.0058343214171352464 0.1160560170679488
0 0.22813343971420774 0.05462208455037413 0.1543100436485076 0.10208255114519244
0 0.11022719917982553 0.014592937222008637 0.06800714010188741 0.02560506546623937
0 0.26201879875029943 0.7914858608536861 0.11083097854101825 0.09386391015865396
0 0.5595011912021567 0.8188563705558232 0.0887067497004664 0.07653343581923075