0 0.23494434325842134 0.0772883877246139 0.12768951354170519 0.12642653540125798
0 0.3587934934201009 0.4611222605640536 0.1691425935065764 0.14132512412475423
0 0.5336212321151576 0.2431003559711854 0.09987591670059523 0.09246500514125809
0 0.513429429835158 0.8861991303309755 0.17174233811025152 0.14616078771482405
0 0.6237043249504535 0.7768529436786671 0.11758438280174822 0.11429541950251668
0 0.6014697437860248 0.6142576729055206 0.1173884843519193 0.10948772719482437
0 0.24518213588812665 0.20968173952160682 0.1427002858142688 0.14101744001860056
0 0.29151852225994596 0.9317166810703476 0.12749361509187626 0.12161884309356562
0 0.786239328809898 0.15224538369726778 0.10478155823320197 0.09492479385985948
0 0.9019402341037642 0.11631440422558874 0.13019130892046576 0.12885835283748173
0 0.4688929408027783 0.6511947764774794 0.1147887397482443 0.10465206360475457
0 0.4256052508336333 0.031407210314333 0.11032795987119488 0.054143323091607715
0 0.7294938993280463 0.36442634266510027 0.10796899818636355 0.11418353437300634
0 0.23700337560777024 0.41040289336776065 0.09987591670059523 0.09246500514125809
0 0.8292535147126616 0.3655871508837709 0.10507540590794526 0.10213633232139795
0 0.1118748038614639 0.32356989129902014 0.12258797355926952 0.11915905437496425
0 0.7771606734142462 0.4635854175439111 0.1980866965776449 0.14406462566713168
0 0.09631922919113198 0.6167971651446845 0.10507540590794531 0.10213633232139795
0 0.7495042793235377 0.9899124718454522 0.0901176983912811 0.02017505630909556
0 0.5380453078100764 0.370616087254542 0.1786069641411472 0.19669749951034854
0 0.06758727803481246 0.14147812411251703 0.07284591365880082 0.07773424411202755
0 0.7805236682088748 0.8532322647260089 0.1372069489321754 0.12413457437692224
0 0.38491751968586113 0.823376618518319 0.12999541047063692 0.12405066052978952
0 0.3390668964040206 0.7386685918449628 0.08726899058187776 0.0779020718062932
0 0.8898945780654326 0.7955827560225817 0.11831491184516452 0.1911905251432161
0 0.34212576461087607 0.6340872985114662 0.1678161888267892 0.16773946053468444
0 0.8244112168489841 0.92709501242468 0.09997386592550966 0.09486885129510424
0 0.18579417595973025 0.8703618195172015 0.13548874735273034 0.14093352617146757
0 0.4200078830658866 0.3163329077510463 0.09968001825076624 0.08765731283356581
0 0.667636650950729 0.08232321855258322 0.13710899970726095 0.1217307282230761
0 0.5513970249198332 0.13147535187041612 0.13318285042379877 0.14330940104293627
0 0.6442205974265882 0.21432497239628964 0.09006463363538177 0.08754542770405543
0 0.6286977439037936 0.9747061990158024 0.1177353967825622 0.05058760196839529
0 0.9602508596669506 0.19034497961852545 0.06970335817465394 0.11854368616265692
0 0.6582824999713992 0.31189052624489094 0.10247566130427024 0.09730066873132802
0 0.27531190857119814 0.6802070738872709 0.08236334904927102 0.07544228308769181
0 0.44970495741487865 0.20725160621601113 0.12960361357097908 0.11443527591440485
0 0.8341286408327253 0.978284839029508 0.12475103679427181 0.04343032194098402
0 0.017692212636233225 0.9259003384664334 0.03538442527246645 0.04891606154825139
0 0.10996678549292886 0.04577181847671259 0.12622027516798842 0.09036884309356566
0 0.030509299152402778 0.6302971897493005 0.061018598304805556 0.1259789948832163
0 0.1471529925132828 0.40214243181706194 0.06735257677670736 0.06085137847034917
0 0.3121510960520606 0.27780059901824977 0.19646644422311418 0.16326742361552332
0 0.4504703062319777 0.9822105938769916 0.07378052143893016 0.03557881224601681
0 0.09441939110948126 0.45684349642559374 0.0821674505994421 0.0706345907799995
0 0.5395818728873157 0.24437220725405254 0.14922617970140614 0.12427443078881034
0 0.88728864469217 0.35784500012237197 0.11758438280174816 0.11429541950251682
0 0.91361874121194 0.5084629970498543 0.1376966950567475 0.13615380514615302
0 0.7581339829201901 0.5763983590804147 0.1479977242465334 0.15309261335258645
0 0.7769321609257288 0.7052838411349599 0.1568295150626026 0.13397372925132783
0 0.10037395022090055 0.72386621847916 0.11778028125157722 0.11910311181020898
0 0.10615096297355632 0.9067123682245447 0.10767515051162033 0.10697199591146773
0 0.03702701275265576 0.4344116994932165 0.07405402550531152 0.1380541682172023