0 0.29037040314856816 0.8182497987291785 0.1121087079505003 0.12261262719608422
0 0.7947930201254513 0.6343572478592675 0.215984687523744 0.16813408417115
0 0.8060199106329411 0.11279844244865761 0.08978134503854426 0.08040249619717035
0 0.70575253910702 0.24063899519728674 0.10693671050384469 0.11746874829250942
0 0.06390626524652729 0.22148179607476332 0.09473532716513243 0.11422443564895762
0 0.5992159964927238 0.11034349634570122 0.12321717587232314 0.11143386291655889
0 0.16449550305174598 0.7835533261549454 0.12117763485744014 0.11607346192630995
0 0.46767127866587654 0.7502702931961616 0.13687577976688806 0.1339089447908797
0 0.35449984041596616 0.2772838941148932 0.10566164251747373 0.10064182521558634
0 0.6488827567939324 0.41498485468373336 0.21135914778553327 0.17020174372911392
0 0.8150874181316043 0.02604434603418732 0.05190212703603637 0.05208869206837464
0 0.501403426429974 0.041626762743262116 0.11545917970233993 0.08325352548652423
0 0.8067348477604044 0.3773643426783405 0.08016596042315964 0.07973012300540584
0 0.651292280580885 0.733805386672896 0.08533795786981511 0.0848740019089805
0 0.10843689085166607 0.49023355540304436 0.08479150016137037 0.07766246344744204
0 0.8190910373676723 0.8912325997249237 0.10435071178051694 0.11489680884072201
0 0.0662398053074787 0.3638970456944804 0.08053026556212275 0.08453781531309815
0 0.4361645617786704 0.6533935338678807 0.110105029686203 0.09617031950377626
0 0.2772705107046344 0.469969516359733 0.11600563741078468 0.11092958302273541
0 0.904613465691219 0.07448852393513011 0.1104693348251659 0.10097801181146863
0 0.22052340920204364 0.37485773665983396 0.06687166166755777 0.06206273343877706
0 0.9476137258310572 0.741303691680526 0.10477254833788571 0.13083272544526908
0 0.16986190681006946 0.45573100608452743 0.07204365911421327 0.06720661234235173
0 0.08323804661997353 0.7795690670205886 0.05682024641203869 0.11874648134343821
0 0.43137338143799436 0.5582735174930165 0.07204365911421326 0.06720661234235173
0 0.2759860277926301 0.947334577862436 0.09163873348394566 0.07335905103357294
0 0.9852093298834199 0.6180269279676427 0.02958134023316024 0.09415319992848262
0 0.6032663128132872 0.530545800041255 0.08202334886856104 0.07268667784180849
0 0.3810733453684301 0.4844601665818505 0.07204365911421326 0.06720661234235173
0 0.45673360804732244 0.12755658603473696 0.10657240536488152 0.11266105598481711
0 0.4601270395911308 0.4753073185190238 0.07240796425317643 0.07201430465004403
0 0.45493569136090595 0.40679770313440844 0.09568195276312608 0.09516175971612958
0 0.901386195682179 0.8770199194074931 0.09397085413662044 0.13569095773563197
0 0.3826259004338533 0.7441343278548704 0.06261042706831023 0.06893808530443343
0 0.5273601675810986 0.37394258012900267 0.09604625790208911 0.09996945202382189
0 0.3408856157216465 0.7035545898526977 0.06188181679038388 0.05932270068904881
0 0.13763225727804343 0.6682274874279656 0.09976103479289197 0.08588256169662692
0 0.25007314490944793 0.008926538073689929 0.04822321289581898 0.017853076147379857
0 0.3014137216782998 0.21453999084294656 0.13261454516764049 0.14078429665653608
0 0.799633736367176 0.4431086553218923 0.06206396935986547 0.06172654684289483
0 0.08253394382642008 0.10055833853305572 0.10857608362917895 0.13910336367712484
0 0.45123600702884276 0.24635360736084527 0.14558040153486473 0.12256208721341366
0 0.2120518953128738 0.1833317341842119 0.16328222470861006 0.16683987777029124
0 0.9738696227290535 0.2583157413717604 0.052260754541892905 0.1324466450920801
0 0.7807012244073052 0.8310859058960995 0.12099548228795844 0.11366961577246407
0 0.2728558892451079 0.044959520356486996 0.06687166166755777 0.06206273343877709
0 0.11182748357892125 0.6784899752437794 0.09069210788595211 0.09242172696640119
0 0.40395426303021387 0.929928124884124 0.0659250360695643 0.08112540937160517
0 0.6638221063079748 0.7715945519426698 0.060388733483945654 0.07117383816033833
0 0.16966324227357163 0.5487833629014278 0.08016596042315957 0.07973012300540584
0 0.06622613215701567 0.6188475613087786 0.043197505268059405 0.06518949276705809
0 0.3593641656660902 0.38931488021565097 0.06705381423703936 0.06446657959262335
0 0.5025284673049224 0.8275800966977911 0.056891971913209986 0.05658266793932016
0 0.8882131583287971 0.511828667312154 0.09142071816387826 0.10203711158178581
0 0.10363771499363338 0.969052679929582 0.06301059495785907 0.04266387091006671
0 0.9816649010578989 0.3319692356599504 0.03667019788420207 0.056246481343437967
0 0.9579591401326447 0.8972175050846438 0.08408171973471049 0.08722730808015637
0 0.2581393342082655 0.9509991237508407 0.06891120268244076 0.057423134429025864
0 0.59385810918406 0.9166487543467746 0.07222581168369484 0.06961045849619787
0 0.36897245324009176 0.004362749037944236 0.09371413724941433 0.008725498075888473
0 0.9455857288542224 0.009726101171790133 0.10882854229155524 0.019452202343580267
0 0.6824361117374047 0.9056216100152604 0.10398640664155377 0.1100891165330297
0 0.5030031995121959 0.8976278217552119 0.11600563741078454 0.11092958302273541
0 0.5915080571560923 0.8696897076978041 0.08664888860677177 0.07061901828384456
0 0.11472115449878041 0.5731662477107367 0.0661430513896315 0.052447348823392574
0 0.9035262279074359 0.37905407229915683 0.0773619463797645 0.1058362441018313