0 0.4311876410868335 0.5262177782383837 0.10611174142595299 0.11469079052332987
0 0.7601458983861581 0.8923165620926465 0.16168341922678472 0.17453798116375552
0 0.22833591556716082 0.4207811979521724 0.13389758032636878 0.1446143858435427
0 0.2606396026582037 0.2901368470892651 0.1262381981287943 0.13470515355341478
0 0.3364563259505808 0.4755717330791774 0.1633035388425677 0.15780900731174688
0 0.314423397591191 0.8009765970160803 0.11377112362352743 0.12460002281345776
0 0.644658907551672 0.1642266730609399 0.18834964878711047 0.18042311494550672
0 0.6332129153108289 0.8199644847018602 0.12567839345874934 0.12268592278418403
0 0.9215427874232252 0.9470377789988322 0.118690776865229 0.1059244420023355
0 0.28276147260912166 0.043911982391913545 0.10398448367978173 0.06901771360025298
0 0.5962232604791933 0.6697016578519679 0.14580485016159053 0.14270028581426875
0 0.8180950890710075 0.9687121929503721 0.0805058268113653 0.06257561409925572
0 0.34069427180618533 0.30899417151144193 0.12372239104093907 0.13220335817465406
0 0.8814511875638608 0.8180829987112748 0.10381985620611599 0.11699668745226159
0 0.1552852545004853 0.21746438964578566 0.11550320417331957 0.11027489511529541
0 0.10910521759597251 0.5910706582624758 0.14843261818345477 0.1476059273468757
0 0.8064478380067227 0.6758683688781362 0.10040836164618838 0.09526412284273178
0 0.8548241906848494 0.11760671792740705 0.13590624928383585 0.08471413044721773
0 0.23415770598667718 0.10791184328702214 0.13618946554620592 0.142308488914611
0 0.5630238859160783 0.781115239484106 0.11516732137129264 0.10306335665375708
0 0.06845399121551542 0.8773283391634391 0.059878859832831 0.10081052448072442
0 0.9837065483232935 0.14337764299293682 0.03258690335341295 0.05916154606602442
0 0.18283391582349276 0.0362413203271947 0.08682167780083166 0.06112053056431339
0 0.5198830075686423 0.6018103603382312 0.09593655214052327 0.10227976285444139
0 0.40801208404487266 0.9043603337225303 0.17907014697375276 0.18724285650738728
0 0.862539909647333 0.9866787983027863 0.11326398549313957 0.026642403394427507
0 0.6855079006792709 0.3458374491357465 0.12545447159073136 0.11787823047649172
0 0.7516827279374827 0.1182025935637781 0.12579035439275815 0.12508976893803012
0 0.7034479833905413 0.7052614237482039 0.14932830565552663 0.1668366965776449
0 0.638810605713375 0.0644180830638673 0.08190202455913027 0.05852078596063834
0 0.5744437230360453 0.5884381925112634 0.09112885983283096 0.10208386440461253
0 0.9111304205603871 0.7341177493985386 0.11091943373364516 0.11488668897315872
0 0.3691353066739173 0.09541712834084232 0.10314809060206187 0.1025736105291847
0 0.1324093052086803 0.47325566434606464 0.1945535388425677 0.1590823472356347
0 0.8516336603634971 0.9248358118730923 0.09056905516278572 0.09006463363538177
0 0.9798275046121969 0.3521694360903516 0.040344990775606195 0.08869334448657937
0 0.5636494346862184 0.5112212679134432 0.07089044219598069 0.07966565522068145
0 0.635376269959919 0.5573310262051929 0.08598528472311173 0.09467642749324522
0 0.15938194852280926 0.8978283581746542 0.08794128714092181 0.08515899210277503
0 0.8096420385533272 0.7959627273455292 0.0931968231846502 0.09497027516798849
0 0.34054603582030507 0.1770275061121896 0.08313359483322949 0.08496309365294603
0 0.7972966886151599 0.505146317342602 0.09789255455833348 0.0927623274639712
0 0.1366210959434086 0.7697388674464067 0.12864204428264048 0.13480310277832921
0 0.9134125421471336 0.996218675927764 0.10286487433969153 0.007562648144472042
0 0.046002688168313315 0.7816417968996577 0.02393312845914771 0.10174513226085388
0 0.9364166657117811 0.14372455542357954 0.0704425984599446 0.07005027060529687
0 0.23876485206673687 0.9022626056737539 0.11997501367898487 0.10325925510358594
0 0.818536126803396 0.44602965574559256 0.11595104790935551 0.11989027973068002
0 0.24239364063998695 0.8256333764254205 0.09800451549234243 0.09516617361781735
0 0.6198864283853613 0.9201914039765402 0.13311385378830584 0.12778746276661962
0 0.5933091404165637 0.9811936417075771 0.11326398549313943 0.037612716584845884
0 0.7108142075437028 0.5028220683226048 0.11835489406320167 0.11998822895559459
0 0.5214077358871543 0.8406012557462657 0.09297290131663215 0.09016258286029619
0 0.9673670579616254 0.5666280222851813 0.0652658840767493 0.1453530951738433
0 0.09070734936662342 0.06727706978630045 0.05781089648101187 0.10792411371734863
0 0.4139557771804408 0.7486490544595598 0.14133304065592528 0.14971592582597829
0 0.9537507269190925 0.4459949430807585 0.09249854616181516 0.14623463819807314
0 0.06648455493936267 0.2426374475576477 0.055071167525138694 0.1006146260308957
0 0.421344842527131 0.0315641912831054 0.10711276197733888 0.03315591974238958
0 0.9711044935415368 0.2821640499540698 0.05779101291692639 0.07966565522068145
0 0.04101711267756472 0.6230858999707262 0.028069055162785947 0.08751795378760609
0 0.3654179328070436 0.9665338720090985 0.15446525291055097 0.0669322559818031
0 0.35158744352958304 0.6201453245971471 0.13574162181016988 0.13269310429922634
0 0.499934255899905 0.3022866411220989 0.11091943373364516 0.11488668897315886
0 0.8364169151203142 0.7526669641983488 0.08805324807493083 0.08756283825662117
0 0.8117328430986748 0.2742036303580498 0.09890020296441439 0.11439694284858658
0 0.8731132337585847 0.2527118486673639 0.08872501367898494 0.10198591517969796
0 0.8481330460630894 0.3860538933588607 0.07033063752593559 0.06764642445145068
0 0.9542661498678495 0.8139568608345414 0.09146770026430098 0.1167028397775183
0 0.4902334217692921 0.7121689427308179 0.07525029076763691 0.07024616905512569
0 0.08376594960701697 0.35610796291298913 0.07765413692148307 0.07034411828004011
0 0.1477477750189626 0.3647132327578374 0.07547421263565496 0.075053861362818
0 0.09863355633878236 0.31472629979508265 0.0711143640639987 0.08447334752837375
0 0.13512583667312034 0.11947195045307255 0.10074424444821561 0.10247566130427024
0 0.5180584933510222 0.047501391048914106 0.09380929439435202 0.05660668593136443
0 0.6102675516936767 0.4303455093289543 0.06552294521824328 0.06745052600162182
0 0.7136165448212757 0.6145029652515366 0.05786356302066874 0.05754129371149393
0 0.7311944114606905 0.9770430165246152 0.08989728955873187 0.04591396695076956
0 0.23853098841667608 0.7427006841177282 0.09492890373444222 0.080645147469826
0 0.15964859514844143 0.6974990012281581 0.0561314824708767 0.07186642140965642
0 0.044096038362812534 0.6891916692014953 0.027509250492740892 0.07549872301837532
0 0.27681464369515824 0.5859078732372566 0.07854982439355516 0.08957488751080935
0 0.8960749888635225 0.46238518478900875 0.06837463510812551 0.07716385984192087
0 0.48754618120412363 0.21660728037335986 0.06289517719637908 0.06254488446901509
0 0.6396635684278329 0.2887859015488249 0.07329428834982685 0.07976360444559588