0 0.40755412037784156 0.2653969331672626 0.15072450340329185 0.14698189124274633
0 0.06521043805660168 0.8568502844171348 0.05518312845914771 0.10360712347342262
0 0.3970233428752516 0.3755908047185601 0.15106038620531892 0.1541934297042848
0 0.28092092320162043 0.521438873813356 0.1408851969198892 0.1416702779804095
0 0.34068101609679496 0.07130507427974575 0.12064677928303894 0.11902782068650475
0 0.21710354711438848 0.03816192029381183 0.13613017115185388 0.07632384058762366
0 0.6827156833326931 0.7666550751502487 0.12305062543688522 0.11915380092516596
0 0.23721029840209648 0.17793572348103626 0.16559542406240488 0.1573531572900979
0 0.5030001040247147 0.5555847588989372 0.12763439587655936 0.11459806909479599
0 0.5613774330304668 0.77421900027956 0.11997501367898494 0.1046047437634276
0 0.46006012820281583 0.4614465965636695 0.11024766812959132 0.10169697665493707
0 0.1403846866441963 0.1685518561044056 0.11550320417331957 0.111564321747644
0 0.2768540545254247 0.3047777693705493 0.12293866450287606 0.11674995477131975
0 0.9052920605041327 0.7080009228354306 0.11354720175550935 0.12105372612436746
0 0.7267222456571207 0.06213062049967518 0.138257428898025 0.12426124099935036
0 0.4837034125448981 0.3999646600922429 0.105439975821899 0.10144501617761474
0 0.13417085480669616 0.03979966339640687 0.09526478653646925 0.07959932679281374
0 0.37875749729294933 0.6042660291209555 0.12327454730490313 0.12396149323285827
0 0.29022013043011125 0.3848026945697508 0.1136591626895185 0.12345757227821362
0 0.8151047486793833 0.04367106512979916 0.0980045154923425 0.08734213025959832
0 0.7545246541942744 0.34239667223497083 0.09515282560246 0.08651801829989317
0 0.6900982989736405 0.38191882110584496 0.09582459120651411 0.1009410952229701
0 0.9909510479093556 0.23680964061046422 0.018097904181288708 0.11689637824854927
0 0.08037765253852286 0.6909900106113922 0.10365522873244991 0.16609690185413856
0 0.04917369122348459 0.53840365915185 0.054234774447418706 0.1347311432347616
0 0.43742100019051466 0.05298172076781505 0.09079297703080404 0.09588144243795549
0 0.0703932458476353 0.16619566764096377 0.060326703568867046 0.11107062241228355
0 0.9248090927011913 0.4356155368284903 0.15038181459761737 0.15469735065892942
0 0.34936810841348837 0.852801923947426 0.1461407329636176 0.15153762307311616
0 0.9334237239886184 0.8980988501569105 0.09330878411865921 0.09841126883046278
0 0.46082397117679336 0.16742148436247176 0.08827716994294886 0.09335161604544816
0 0.8028288130665632 0.3964934323157935 0.06815071324010748 0.0731130049053896
0 0.608360901888176 0.2825848041276174 0.11527928230530152 0.1067566294399517
0 0.3595725885981895 0.021985341648762893 0.10376056181176373 0.043970683297525785
0 0.394975263087518 0.6937803586968805 0.1130993580194734 0.11143834150898285
0 0.660310597119405 0.9581966644066899 0.08503030285668754 0.023640077583909676
0 0.7206536921760576 0.8827428034667846 0.1160630088433648 0.12358355251687478
0 0.8613212387847196 0.22956743729107318 0.14591681109559956 0.14672993076542398
0 0.7448665448212757 0.5489333602981062 0.08531351911905762 0.0812064050375562
0 0.2113706982864003 0.4250807248725919 0.12361043010693012 0.13117303169439673
0 0.3831107180099104 0.49078133893554166 0.08771736527290376 0.08133238527621736
0 0.715309036391849 0.35409073078826453 0.12478270598667726 0.1048567042407502
0 0.193941245781818 0.6199761228824799 0.08872501367898487 0.10296700066083275
0 0.6018375205184773 0.11665642939290216 0.10074424444821571 0.10359690185413857
0 0.48962077241063784 0.26832514351432174 0.07536225170164593 0.07349094562137316
0 0.5081766402589577 0.6408583072411449 0.13300189285429662 0.12686926034134902
0 0.97593520519171 0.03281121055672924 0.04812958961658008 0.06562242111345848
0 0.8580614722869725 0.8321667188552067 0.15212070115105683 0.12547325609679222
0 0.46168373989489875 0.9360751208999817 0.11678744098707565 0.08765184044784363
0 0.9911256171650643 0.44499429339547886 0.017748765669871328 0.10538106843396323
0 0.9530807073531882 0.800496231258461 0.09383858529362363 0.10600074800798473
0 0.9881816717563064 0.146728399960564 0.02363665648738716 0.07134928156413348
0 0.8027499914060301 0.912176311625482 0.10784382197574516 0.1015709964162759
0 0.178994461091615 0.29906266134401843 0.11332327988749145 0.11624603381667509
0 0.6301304975492812 0.20674278085244444 0.09582459120651418 0.1009410952229701
0 0.6428082382131758 0.026319777859663104 0.08279771203120244 0.05263955571932621
0 0.06353765190116169 0.9244099372021495 0.042880681427546814 0.045410894826470274
0 0.6900587099944216 0.1999875056551463 0.10074424444821571 0.10359690185413857
0 0.12346586434630202 0.9176546620048514 0.11382379016318439 0.0755066294399517
0 0.6877143363838798 0.6928968366226269 0.08246182922917537 0.07146504018351042
0 0.6022098565213277 0.6937633658643286 0.07284644461379076 0.07096111922886578
0 0.5898514290227225 0.6353730560497426 0.0656349061522523 0.07058317851288248
0 0.24882145256346233 0.7893945082285874 0.07295840554779978 0.07336496538271192
0 0.17122661003633136 0.7790027989426676 0.09045709422877692 0.088669903976417
0 0.24353295539521033 0.7017171137325333 0.09157670356886705 0.11270836551487853
0 0.8256292546251826 0.7049467322497102 0.07329428834982657 0.08057650384425039
0 0.5539484224066533 0.43363383867501537 0.07821394159152817 0.08323231047541887
0 0.5791361404823809 0.4829177956385035 0.058199445822695796 0.06539754548920648
0 0.8883693898320341 0.08597679087289395 0.08016994400933825 0.07374290609869548
0 0.8938455338164328 0.048339234772295084 0.07513832983362789 0.06868325331368084
0 0.6981593080733369 0.11522298907722514 0.07284644461379076 0.07096111922886585
0 0.5567476239058309 0.933502747626712 0.10465624928383586 0.08461809310069167
0 0.6495163087695782 0.8816515281995965 0.06859855697614356 0.08272838952077421
0 0.9757772055727393 0.3435237231696536 0.04844558885452152 0.0851322356746205
0 0.15386290163184407 0.6907533825629962 0.08508959725103957 0.07639871272986418
0 0.817014890561184 0.6234679234962633 0.07010671565791754 0.06362360052866614
0 0.9036653130336544 0.6213364810583079 0.05557167780083187 0.06046387294285322