0 0.30355106415935434 0.17934706015451946 0.10820167512848933 0.11827193925453781
0 0.05031150346423599 0.07048275232243167 0.10062300692847198 0.10359690185413857
0 0.06645167038646017 0.3463002696310757 0.1200668604367212 0.11649799429399744
0 0.8107805865349113 0.28333391434631666 0.07448694775250594 0.0781726576904043
0 0.7398795816934999 0.13731386772608084 0.15470586057869823 0.17102035278120786
0 0.8856489631286024 0.032514977995636414 0.09300837090041753 0.06502995599127283
0 0.9231414891103724 0.10015812893793273 0.09664458074225543 0.1248535765227705
0 0.3989203839054995 0.24262849563469682 0.12866480804725017 0.13851055039459623
0 0.3706332154925166 0.45973053091281757 0.09889438143510258 0.12257571060758547
0 0.3179312437743126 0.3474954214947311 0.11137574858733033 0.13041715026242975
0 0.2291895636624348 0.36771870020586334 0.1054897380526453 0.11333826670818435
0 0.1525012397421685 0.5550143974189454 0.10789358420649145 0.11346424694684551
0 0.6575667560411156 0.3189149001512004 0.1384342381236338 0.14141831750308714
0 0.46861946566998786 0.38871153237426326 0.09014238836357463 0.09815930835314045
0 0.7088574052162288 0.7522575522753823 0.1385882835846328 0.14382216365693304
0 0.710170476446032 0.9186949587743841 0.11729404213873998 0.07322876352476672
0 0.8711294772978941 0.5940174225050141 0.14959007734900792 0.16596069999619323
0 0.8591028769060389 0.22090712608493146 0.09495008067126694 0.09841126883046283
0 0.5453797252463279 0.7236905733583866 0.07991082190419427 0.08804000278311118
0 0.599912258582501 0.6765108443810178 0.09556626251526268 0.10802665344584739
0 0.02336139847232858 0.15246037122088113 0.04672279694465716 0.11815618063516084
0 0.883528294502654 0.3070727577170516 0.0944879442882702 0.09119973036892431
0 0.8358936814890533 0.07837709007608784 0.07750697575034812 0.08791402254445008
0 0.9151403371667074 0.6923333759546682 0.07448694775250594 0.07817265769040424
0 0.828377736916829 0.2704328219064578 0.11300936743618177 0.11852389973186014
0 0.06964925497628792 0.7450288913825264 0.08712236036573268 0.08841794349909494
0 0.5783242253173164 0.6956105225634839 0.09827819959110684 0.11296032599220086
0 0.3716598645256527 0.9484144130755074 0.15994709106397498 0.06588102320528304
0 0.615402599298634 0.09831774345204522 0.11254723105318483 0.11131236127032165
0 0.0542156705284372 0.6614560762622441 0.1084313410568744 0.14597404933345695
0 0.9209225691711366 0.8824942933954788 0.04477740236249544 0.10057337612627092
0 0.9477942900871736 0.021673841458126567 0.07556526597949897 0.043347682916253134
0 0.9264160964306997 0.4976848276124603 0.08308489536303518 0.1001852137910031
0 0.2419305972115733 0.24366866280546412 0.09510412613226595 0.10081511498430892
0 0.23511522683646893 0.7986472845569147 0.06696731836896969 0.07298702466672871
0 0.8953146146747303 0.21661357635116796 0.12216261566856937 0.11181628222496634
0 0.5244632278303081 0.4145341604925493 0.09014238836357463 0.09815930835314045
0 0.17193447895902375 0.6630036147936728 0.08595087789987818 0.1075227324912028
0 0.42327939306300905 0.08682453727965295 0.16324292696709009 0.15469735065892942
0 0.8523267190277412 0.42011140625750937 0.12379623451742078 0.09992303169439673
0 0.03597281889428301 0.8173230247366186 0.07194563778856602 0.10410082280878322
0 0.45802813909475293 0.9091493354915977 0.05944768898543328 0.06780139164305264
0 0.5436976818723895 0.6003964173899543 0.1287579722861121 0.10257883832556522
0 0.8918149065224157 0.9067796046016205 0.09248535329528369 0.05994973036892431
0 0.9393236321378873 0.22149448039747502 0.08447130451202566 0.1218198291756185
0 0.02199297323735644 0.463317517308644 0.04398594647471288 0.13105727307501963
0 0.003747357994718078 0.3478648009950559 0.007494715989436156 0.10715501339450353
0 0.14280146277365996 0.1829800438371246 0.11510512266802991 0.11384218766282898
0 0.032834493192207645 0.5622582611419619 0.06566898638441529 0.10840459416183088
0 0.874468210509128 0.3362968522791889 0.11981965073686059 0.15002586020918246
0 0.5764304999290115 0.013907273945522599 0.20290823091120777 0.027814547891045198
0 0.2004310468381744 0.12485702692878706 0.1589905352812565 0.12572521657411442
0 0.7473618409858859 0.581337625684625 0.08502660513388459 0.09309965556812581
0 0.3936902078541595 0.6980994624788545 0.07402481136950921 0.07096111922886578
0 0.25360805177896806 0.8839259437087649 0.06937116452281583 0.0731130049053896
0 0.10207257984779855 0.8559309866753865 0.09889438143510265 0.12257571060758547
0 0.04898917928840941 0.9365755914486098 0.06906307360081795 0.06830531259769729
0 0.035989881605473416 0.9648497234111463 0.07197976321094683 0.06374958076732731
0 0.15460436459664123 0.933436307101365 0.06425538129312566 0.06805335212037497
0 0.15919713022119747 0.9739237510007661 0.12925239168583363 0.03552310649519523
0 0.25806291345088767 0.9639508689079664 0.052945496606752476 0.041107123473422616
0 0.5154732370871998 0.8725979438485448 0.09045047928557264 0.10296700066083275
0 0.5888837090183694 0.9046872586384107 0.08410233236789069 0.07867657864504889
0 0.6282086390237644 0.9265840561196327 0.07627461206235636 0.06868325331368078
0 0.5074001494874609 0.9424984526680752 0.06829284629582315 0.05628608182846652
0 0.7602947302297165 0.8094561606323294 0.060371961751427033 0.08222446856612955
0 0.8561243439532021 0.7720910082476211 0.06875498267882016 0.06349762029000498
0 0.8842164120027237 0.8197321112988724 0.0690630736008179 0.06830531259769729
0 0.45518522754635404 0.5235788774669702 0.07356267498651234 0.06374958076732731
0 0.4384496263026367 0.4669574018032823 0.08271592321890008 0.0570419632604335
0 0.5058039007297599 0.4813958111552855 0.07131287429366505 0.0660274466825123
0 0.5739588430729464 0.46464721062661923 0.09371771698327545 0.07918049959969355
0 0.6546560337904977 0.4017216122202315 0.06921711906181717 0.07070915875154345
0 0.7503620426640533 0.3475925268779308 0.05944768898543328 0.06780139164305278
0 0.5407938891018536 0.25316151758820415 0.10006586390095726 0.10347092161547741
0 0.5032243403895841 0.16648685419179726 0.09612156313712147 0.0793064798383547
0 0.24312883547718417 0.05673557387943932 0.07898654913820052 0.07361692586003432
0 0.16186020262941178 0.053807363532380185 0.06363919944912985 0.05843796750499045
0 0.1947276799699008 0.028105604843113172 0.066043045602976 0.056211209686226345
0 0.25121481991651595 0.6408804108833389 0.07479503867450396 0.08298034999809654
0 0.2352494459777933 0.5722397044504203 0.05479404213873998 0.0699532773195766
0 0.28699301950762274 0.5311955710963281 0.06696731836896969 0.07298702466672857
0 0.2711046682993996 0.4613529415864864 0.08712236036573266 0.08841794349909467
0 0.1378203388278368 0.7654139259998144 0.05223615052389489 0.06742345092706942
0 0.31792431429423085 0.7775370333655124 0.05673575190958925 0.06286771909669944
0 0.7674112620467368 0.6797114584439677 0.05029444075304541 0.07450900914994645
0 0.6532714670471632 0.5167912770081939 0.08308489536303518 0.1001852137910031
0 0.7300404985092412 0.5151637555248831 0.08231466805804043 0.08816598302177234
0 0.7374738931339976 0.04400479856139488 0.07371672044751147 0.06615342692117356
0 0.7495074230059345 0.00767125213179534 0.07310053860351545 0.01534250426359068
0 0.5670839937388183 0.3476146305201247 0.0693711645228159 0.07311300490538973