0 0.3109705127185362 0.7716899693897841 0.14356114258433472 0.15812714373740006
0 0.1313813332395148 0.7000404059687088 0.09727269744895047 0.10231566459380413
0 0.6136050706923812 0.6058494981684999 0.10951569847720212 0.12231666112956838
0 0.5723366286784634 0.32775927252463444 0.11915905437496423 0.12533668912741042
0 0.13396867685944347 0.47768463673793937 0.0852534666797197 0.10154543728880966
0 0.6652220451206998 0.09795905423517223 0.07541431180531405 0.08169848621404455
0 0.2191390717573444 0.29069151283471106 0.09243703385888054 0.0996037275179603
0 0.4597910984551751 0.0763747057813 0.08522549539734214 0.09914159113496343
0 0.8126051486069981 0.8699912399693351 0.14820100719776155 0.14401215773632087
0 0.6948497107427983 0.23938472215123555 0.08748948513930034 0.0872764058267316
0 0.2314396994809793 0.06053846390947614 0.08505766770307642 0.08471851421188653
0 0.8971199024996535 0.5326036859897232 0.11910311181020898 0.12052899681971797
0 0.9371033496548292 0.7143860200187433 0.09981640001468478 0.11448894082403391
0 0.22154375997650458 0.18740315094982593 0.11421150565538395 0.1130093674361817
0 0.45364887577734814 0.9143461585881831 0.15082862361062838 0.1633969724280891
0 0.5725892122851758 0.20268224979413502 0.06328319590657308 0.07131287429366519
0 0.07349743689713406 0.1959582012522363 0.09984437129706225 0.11689278697788026
0 0.48577103792293824 0.22117507473663414 0.06322725334181784 0.06650518198597287
0 0.28845648606965424 0.6391398993951791 0.08514158155020922 0.09193005267342504
0 0.41516357636000234 0.3970732406366254 0.15088456617538362 0.16820466473578138
0 0.5910104984576225 0.06674133725189692 0.060711522058461205 0.05673575190958927
0 0.7826460379229382 0.24019968917000514 0.07798598565342593 0.0962756085981204
0 0.6473182276722387 0.1894288129312565 0.08760137026881054 0.09689179044211624
0 0.3172632091881838 0.3342669921202837 0.09467305231846104 0.08533469605588236
0 0.7134320880869983 0.9165599914529934 0.07793004308867069 0.09146791629042803
0 0.11712945227195969 0.2709234268961016 0.08514158155020925 0.09193005267342497
0 0.8681084471551761 0.23485099534316037 0.11412759180825123 0.10579782897464317
0 0.05374667274643697 0.5495242134480508 0.08508563898545404 0.08712236036573273
0 0.2383673147921715 0.6022510985603551 0.07547025437006943 0.08650617852173671
0 0.9178980255104955 0.9899598490927688 0.08502969642069867 0.02008030181446248
0 0.8054792081232206 0.6554327504330316 0.09716081231943992 0.09270027997841979
0 0.0844626921853203 0.9075271034017665 0.15312058463496417 0.15393563327370346
0 0.3492938788988147 0.57928911284323 0.09981640001468464 0.11448894082403403
0 0.4272404338246164 0.18615096094215972 0.10937584206531402 0.11029743036033761
0 0.6364242552514747 0.9996397997416028 0.11823600205650318 0.0007204005167945018
0 0.4165299588699349 0.7964968158275844 0.10951569847720212 0.12231666112956838
0 0.02424571996035147 0.29383883049379567 0.034604869754684804 0.0838874056847546
0 0.4941942747760184 0.7377243475026278 0.0876293415511883 0.09929563659596251
0 0.18701775167706833 0.8804201893403759 0.07779018667678274 0.07944868552119726
0 0.047654827645316845 0.746100438949939 0.09530965529063369 0.10758549328449345
0 0.026509709702309592 0.6533678759547947 0.053019419404619184 0.09038959806343548
0 0.21543456097293948 0.40231631352755826 0.06814683077902049 0.07642865752335536
0 0.18020117943007255 0.43253457741999657 0.04626047385300666 0.05340763298974949
0 0.8522605189614691 0.1496380617315523 0.10205241847426522 0.10021990936195611
0 0.8515883661190925 0.3107727767697441 0.07055067693286678 0.07658270298435436
0 0.9136687968834283 0.3508356510634093 0.07041082052097855 0.0645634722151236
0 0.9358768235567847 0.3029432140585537 0.051012223595943866 0.048908031604055054
0 0.3637491374308394 0.06059750272595716 0.0777622153944051 0.0770448393673512
0 0.11225098969300931 0.38006735870460323 0.07519054154629333 0.062467716983275315
0 0.3769932101674866 0.6796953506829099 0.07781815795916035 0.08185253167504342
0 0.48231574248398973 0.6214924820825183 0.05369578257356595 0.07310053860351545
0 0.5350045588919617 0.6417084053014184 0.06322725334181784 0.06650518198597274
0 0.48444071787937387 0.5422425817360946 0.06082340718797168 0.06635113652497387
0 0.7624888481124519 0.7320638779424729 0.06322725334181784 0.06650518198597301
0 0.7681191670543414 0.9641892973208972 0.08027794667776188 0.07162140535820563
0 0.8204723280737822 0.9931196234489035 0.06806291693188762 0.013760753102192944
0 0.741736170188045 0.5515139076014445 0.06333913847132831 0.07612056660135735
0 0.7941872306958077 0.5921625231280369 0.055875858468391146 0.05402381483374523
0 0.8601391578735 0.6096199271516619 0.07533039795818133 0.07448694775250622
0 0.9240508655682551 0.5956732857142881 0.08265382154923027 0.08456446875088758
0 0.7274957486657366 0.4315222274895666 0.07535836924055908 0.07689079390635224
0 0.6545140963619603 0.3979776870829446 0.06809088821426511 0.07162096521566305
0 0.5798969661044079 0.40161573933043854 0.07781815795916049 0.08185253167504342
0 0.2159232163492336 0.4636914131811347 0.05581991590363604 0.049216122526052924
0 0.23722217634531767 0.4939239761762791 0.06325522462419539 0.06890902813981889
0 0.2714913907114712 0.44319599724564906 0.04869229128923044 0.05596552460459437
0 0.300772783565106 0.20090011270125305 0.04371677128727248 0.04123435675951971
0 0.3121774881873435 0.1511125480449791 0.048608377442097575 0.048753986143056045
0 0.5319031148093036 0.49476569899480505 0.06814683077902063 0.07642865752335536
0 0.04789174148021247 0.43247553860351545 0.0680629169318877 0.0692171190618169
0 0.6073560152769281 0.8327818915154629 0.10943178463006913 0.11510512266802991
0 0.6158838881408422 0.5133784439759224 0.060767464623216444 0.061543444217281564
0 0.5199143815183925 0.1812644034983118 0.04374474256965017 0.04363820291336587
0 0.5539178687019587 0.15337296302922027 0.04614858872349632 0.04379224837436477
0 0.7397133046075528 0.105138309679986 0.06814683077902063 0.07642865752335537
0 0.7785516133158749 0.1785935213249303 0.05581991590363618 0.049216122526052924
0 0.9818164697277628 0.1795911320101113 0.03429718564853127 0.05744509799244691
0 0.4475184420139178 0.3041239085526888 0.051012223595943866 0.048908031604055054
0 0.4635490256083931 0.27026943481841276 0.05081642461930053 0.032081108527131905
0 0.5094598584316797 0.2527636062697006 0.046232502570629046 0.051003786835903196
0 0.5635324112520294 0.2574315522191002 0.04377271385202765 0.04604204906721195
0 0.26722913841014223 0.3960129063236512 0.04620453128825149 0.048599940682057044
0 0.2948873548205618 0.39658250604821615 0.04145278154531436 0.05309954206775148
0 0.32211201635412845 0.43441172115739646 0.041508724110069596 0.05790723437544379
0 0.646403266537768 0.9798770209486904 0.058391589751747776 0.040245958102619175
0 0.4188375896660875 0.5981795081352766 0.053611868726433226 0.06588900014197699
0 0.1455717066542663 0.10074292696709014 0.06322725334181777 0.06650518198597284
0 0.09451836820007016 0.04334441109407413 0.08980941744601353 0.08021891282619215
0 0.19892593938210273 0.7873633939148713 0.04620453128825142 0.048599940682056905
0 0.670796421497834 0.3424885979640532 0.07519054154629337 0.062467716983275315