0 0.8228138097758317 0.3257518834763945 0.09604625790208897 0.09737412132183465
0 0.40999406353230855 0.5897280001177687 0.16714329141830875 0.18174951962529398
0 0.6472325493346884 0.8248050052659385 0.14794838493812534 0.149813875050893
0 0.9415219998493475 0.7882780175508848 0.11695600030130503 0.20451464123986768
0 0.0948693632418419 0.4723598593742114 0.12707824258202188 0.1273956658669619
0 0.49395452186479893 0.02263046820752854 0.14175519757575172 0.04526093641505708
0 0.7238767197704365 0.49977767628107017 0.1961715978339442 0.18532875647811353
0 0.32407662402001625 0.6969134045048169 0.1507523989815202 0.12356746580841388
0 0.4650229693670107 0.3294800356838824 0.13188593488971415 0.12759156431679075
0 0.8799657866307877 0.4387857174630631 0.24006842673842443 0.21902748710097464
0 0.43177780755237305 0.7817418447507177 0.10398640664155377 0.10728335361196255
0 0.638908744672691 0.7467779544908529 0.07295442196162118 0.0772618090668353
0 0.594233248656933 0.5231447551927537 0.11378394382642011 0.11007899666546642
0 0.5638954309126175 0.6160091220250816 0.10952270922717243 0.11709463667717603
0 0.6918457347749083 0.6180293515661544 0.10970486179665401 0.11949848283102217
0 0.7076184440020808 0.7307162731221801 0.08384487456337689 0.09448052904341608
0 0.8075602119561777 0.7290552264420767 0.09622841047157056 0.09977796747568081
0 0.755205542312991 0.8336674186033994 0.09790364634749037 0.09026053208521062
0 0.865837678924069 0.8617116265591723 0.10584379508695517 0.10016976437533852
0 0.7970189719346457 0.8922453594633792 0.10252918608570137 0.08805258438119332
0 0.8906241015240265 0.9342453404521643 0.1154950424529256 0.06940951049991093
0 0.16812062306608466 0.8503554910209865 0.0914207181638784 0.09958206902585195
0 0.11587354167465479 0.8609238355075658 0.0731365745311027 0.07966565522068145
0 0.4691006319885001 0.24009695647945967 0.09382456431772454 0.0996800182507663
0 0.564015272906561 0.1880041151810442 0.0855201104392967 0.08496309365294603
0 0.7103228653110754 0.22544536706786528 0.08293411171596897 0.08246129827418545
0 0.7549209581925557 0.19348728025895665 0.06982196552984868 0.06754847522653626
0 0.8204967816818964 0.08833636736060442 0.07295442196162118 0.07726180906683533
0 0.8710879779809759 0.15137917824107605 0.0938245643177244 0.0996800182507663
0 0.20320240313427776 0.247314576601737 0.09254949633135351 0.08285309517384323
0 0.1064124423955227 0.3223908801990626 0.06741811937600253 0.06745052600162182
0 0.1568379980921368 0.28778407417402163 0.09069210788595211 0.0899666844104672
0 0.200508816159193 0.33905252734754865 0.10325779636362757 0.09766796899657794
0 0.2620442591859066 0.3715085405679139 0.10566164251747373 0.09776591822149236
0 0.13507786308047157 0.3983834394854523 0.08275195914648731 0.0800574521203393
0 0.23966452155634868 0.4580204697284257 0.09899656176438001 0.10468360900828753
0 0.2004191592827288 0.41742240040983475 0.07000411809933027 0.0699523213803824
0 0.20896239867307 0.5460771442530612 0.06687166166755777 0.06023898754008336
0 0.2690033389850688 0.5110785413283625 0.10048964507081831 0.0927623274639712
0 0.06473162944230079 0.5519540977479281 0.05150195914648735 0.07878411219645146
0 0.10710944814769313 0.6020696024569893 0.12358148101128628 0.11287463971897055
0 0.3205109757646625 0.9044277675349016 0.06982196552984868 0.06754847522653626
0 0.35964591096997217 0.8799260922498175 0.08366272199389531 0.09207668288956992
0 0.42833767892406915 0.8795383854936019 0.06705381423703936 0.06264283369392952
0 0.6295694277280821 0.9099191128996984 0.0844271950224072 0.07054001672986925
0 0.9767288503066036 0.2695186423536225 0.04654229938679267 0.07245411675914298
0 0.8945648892522532 0.31800571442126874 0.1017647130571892 0.10958925054089427
0 0.9648648750439152 0.3232848007624679 0.07027024991216962 0.07534770903756141
0 0.5715882776905092 0.03920334217663281 0.09309595403979834 0.07840668435326562
0 0.4526365946422635 0.16601849722234394 0.08588441557825988 0.08977078596063834
0 0.3613650051138343 0.2661882615976825 0.09458903734623657 0.07814335209106535
0 0.3472165764532563 0.3499535223171476 0.08901687201003224 0.09948411980093738
0 0.22706722855291733 0.7213620150340015 0.09254949633135351 0.08285309517384302
0 0.5371454510237783 0.724400539632495 0.05947797063653773 0.05754129371149393
0 0.5109777915939696 0.8086555464765323 0.09364241174824309 0.09727617209692022
0 0.5550209103173456 0.29205514437082997 0.0794373501452333 0.0679402721261941
0 0.7419400092665918 0.3881233117300882 0.08996349760802584 0.08035129979508258
0 0.26717329684059343 0.015976002574084904 0.09684659368118681 0.03195200514816981
0 0.10590042802938703 0.20425959637340046 0.07794426683879505 0.07986155367051037