0 0.3045455384248269 0.2775943102632481 0.16044400822601307 0.1575388631044873
0 0.5592379773417526 0.7067138484901714 0.11921499693971946 0.1253377107197649
0 0.13591183891937317 0.408321160129327 0.10708388104097828 0.11544257540299153
0 0.7354871147725921 0.7480857991852037 0.11913108309258674 0.11812617225822646
0 0.17033657946923159 0.13621197349139974 0.14398071181999883 0.18839721212254285
0 0.4987972348577629 0.11500301379316281 0.153344354893985 0.1669863972990386
0 0.7152807189198627 0.4181993747055027 0.08273773539636299 0.08844076630790604
0 0.23764511384223794 0.03438521773365404 0.11605592616167798 0.060377914425641124
0 0.7861678933065746 0.21546703062649641 0.14848072002153748 0.1620668047107907
0 0.044231713815316105 0.5095044892738783 0.08846342763063221 0.11035513239391033
0 0.05139303943472269 0.833073572597436 0.10278607886944538 0.12030621785096166
0 0.0657692717769239 0.1337781423893163 0.09509262155412515 0.1175666708554488
0 0.4403438080840615 0.9023175743790067 0.10680416821720229 0.09140411386453014
0 0.9172300829946891 0.6272820597060371 0.11918702565734197 0.12293386456591904
0 0.37748270760909475 0.6219327916752141 0.08751745642167783 0.08614882043461544
0 0.9196034316702154 0.9399219350567315 0.09011710155216744 0.10303169365181639
0 0.16184897939825582 0.6589925618126604 0.11672723693874057 0.11807022211794879
0 0.9562823866474134 0.16412305397761834 0.08502969642069867 0.07888133183279923
0 0.09204459384027999 0.0454233111699253 0.12360312001174771 0.08939191869262832
0 0.04751497123342881 0.7896644664775108 0.09502994246685761 0.14663662526271373
0 0.3900236174288815 0.060774590102831524 0.12379891898839095 0.10621884176955138
0 0.570728279941751 0.44248659705806676 0.14121323899524377 0.15709126198226506
0 0.8311128748225196 0.38242344297729775 0.14800520822111835 0.12120142009540603
0 0.8755692009621707 0.48805380333488324 0.10948772719482437 0.11549852554326935
0 0.12376252705287295 0.9358255155478633 0.07776221539440517 0.07390578910427337
0 0.8662886296700034 0.5623772086131418 0.07784612924153797 0.08111732756581211
0 0.46643815887727713 0.7261943834740923 0.0900891302697897 0.10062784749797024
0 0.24374589219266263 0.853258509030075 0.16991953642950958 0.1457434328963677
0 0.3042921127528003 0.5060156450189106 0.10451220719286655 0.1009635483396368
0 0.22825990653923667 0.9442689620345621 0.13576220719286647 0.1016909001632479
0 0.5390824716618942 0.9855259976318913 0.07739858872349632 0.02894800473621746
0 0.3264556563066481 0.7710261984149042 0.07787410052391558 0.08352117371965825
0 0.2257195722347586 0.5426588039214212 0.1018845907799995 0.08167682896858991
0 0.8845107486045507 0.8561499906448725 0.15530066052978952 0.12858080897777804
0 0.9276129937448298 0.768186810407426 0.1046520636047543 0.11298277910886757
0 0.9650717763673445 0.3386536757627145 0.0640384205307684 0.13366624210876069
0 0.8318278266537769 0.11433864668317378 0.06322725334181784 0.06395470364722228
0 0.6031958727904908 0.23525328150384664 0.1336101025804189 0.12326956540758562
0 0.7721338881408422 0.49165756268755406 0.08757339898643306 0.09095651274230782
0 0.7474932019659482 0.6461741132779921 0.08508563898545418 0.08368902414049154
0 0.8379302891348295 0.7264252186085477 0.09967654360279656 0.0984478019052353
0 0.4586968501811922 0.5649128906052888 0.09732864001370564 0.10319954407264967
0 0.5334957937741991 0.5426088834154386 0.09235312001174775 0.08866456686901714
0 0.48055691995545663 0.33939895326597264 0.14098946873622295 0.1378604927514958
0 0.4178462932723105 0.45936645545812 0.09987234257943989 0.11527472498215811
0 0.3151801907163661 0.39686444558002165 0.10479192001664257 0.12500200987809834
0 0.08712333227244917 0.26171351487580136 0.1357901784752441 0.10409474631709412
0 0.2088244050825196 0.3414900489530451 0.09498073642461471 0.10795128624006417
0 0.3000603579297911 0.14644481952793828 0.13366604514517408 0.1280772577152779
0 0.7115596962983268 0.8413042728525647 0.10931989950055893 0.10107544862019242
0 0.6516512502448256 0.1005270015469557 0.12379891898839088 0.10621884176955138
0 0.6906442430715387 0.05574912686832323 0.07278669539244721 0.05937081190064107
0 0.7674834061474829 0.06475106981875065 0.10171676308573406 0.0672537520455129
0 0.7205308993537124 0.990810271070994 0.1518339056455941 0.01837945785801218
0 0.9188062501224538 0.9971575971753742 0.0772307610292306 0.005684805649251574
0 0.6459171373574162 0.5933154630854172 0.10476394873426506 0.1225981637242522
0 0.8877439579151064 0.26832568081907127 0.09724472616657263 0.09598800561111122
0 0.9526181486559469 0.47902690013146443 0.08547723693874058 0.1173428702943377
0 0.6070055321818939 0.9410618783590816 0.08254193641971994 0.0716138432309831
0 0.5708787537335716 0.842838881954007 0.10680416821720229 0.09140411386453014
0 0.6291165014322426 0.7973066853206736 0.08273773539636299 0.08844076630790618
0 0.8122966224355305 0.9560114569195515 0.11901919796307626 0.08797708616089696