0 0.6377783908167421 0.35808540512563375 0.1280813104413629 0.13889653664442092
0 0.21064066504931162 0.5020490237288648 0.11498463819807328 0.11203450816495292
0 0.6524545210889895 0.4705358045389366 0.1601149042406786 0.1592185799218074
0 0.41921610897968675 0.22768244463829587 0.0854528397775183 0.0942002551988448
0 0.26866761474193557 0.37769387211544764 0.09766796899657794 0.09942766829369741
0 0.8177444807852139 0.6676855531048159 0.15511131348315743 0.15424299929925092
0 0.293077422462844 0.07402705444106963 0.13603155823320195 0.09836692865876473
0 0.6821577842075691 0.8049794916804063 0.14858541959601995 0.17081808990387787
0 0.6429819701675344 0.40761608375177616 0.15775594255584752 0.21914684545309696
0 0.9112312556318625 0.7660372145577384 0.11768233202666287 0.1193299907839236
0 0.05326115457800163 0.6542124648875666 0.10652230915600326 0.10457113723111806
0 0.9368328146255129 0.6694369427438581 0.08127772728832766 0.16846765349577938
0 0.4957842002940854 0.7707876166314731 0.10988309821563756 0.10465508138855029
0 0.7222068538761008 0.35381191217421826 0.10546720280760323 0.11410257768907073
0 0.46664828891663035 0.8359700001304892 0.08044924901999714 0.08922467457628833
0 0.3843665285185051 0.6694025278439637 0.1551113134831573 0.15424299929925073
0 0.6636493637333317 0.6093445674871151 0.1534910611286269 0.17338982437258793
0 0.07312958952936313 0.12532433896269662 0.107381302836877 0.10216729107727197
0 0.9222179293960493 0.7327191450336207 0.1058059349513616 0.1813263258393308
0 0.23024697771481875 0.9643868440576366 0.07745770751666423 0.07122631188472675
0 0.062396076223195464 0.9773046449804519 0.052439753729058194 0.045390710039096296
0 0.4615814615990287 0.9804983525016815 0.07196437063457085 0.03900329499663695
0 0.7695838704309996 0.5203641172549017 0.07235616753422856 0.06733822671937667
0 0.21778896695076966 0.6515491781332029 0.07986155367051037 0.0748015976532114
0 0.18854692606151585 0.6011790579327396 0.08197155214961317 0.06767400334910488
0 0.0704870590828185 0.574187283678313 0.0649487306228612 0.06227870193938811
0 0.11181974758826782 0.5936851525872205 0.04483641836786196 0.039972533295316026
0 0.14179231752093782 0.5670482517071748 0.05754129371149386 0.05721917715939954
0 0.05826374957687449 0.4606189053455191 0.07505386136281807 0.07463370933834722
0 0.010437781222976398 0.4080815042576637 0.020875562445952796 0.07097070082301976
0 0.12112492395514043 0.3653197679718359 0.0672546275517929 0.05995879994297404
0 0.09369903387024607 0.32945666885188163 0.05474565065798991 0.04751984838658284
0 0.07304800087821735 0.3636408848231942 0.05003590757521204 0.049755806225564816
0 0.20061712296050055 0.27541593200786973 0.057639242936408285 0.05962302331324569
0 0.35559378303661265 0.31212230224095533 0.07976360444559588 0.07239775149936521
0 0.29088174518915333 0.2460699427559338 0.0651446290726901 0.06708639424708042
0 0.5154128480852512 0.49584103656710066 0.08785668593136446 0.09428419935627676
0 0.5423530821890155 0.6027015413829486 0.078045402866151 0.08914073041885609
0 0.8029867618618207 0.7935516995520107 0.11017694589038084 0.11186661985008875
0 0.9404018796741516 0.8476993068369179 0.056508736706450034 0.0907890791558136
0 0.7210723646115492 0.9721802982623836 0.09590488294811796 0.055639403475232725
0 0.18244146007813147 0.982799157753443 0.07618436759277639 0.03440168449311406
0 0.3415788635869622 0.5379159523876296 0.09246847978922791 0.08964439536344862
0 0.1013575326134872 0.761828467120303 0.0699523213803824 0.06725428256194459
0 0.21156919116870215 0.8041934089024336 0.0848651444280316 0.07977717827576788
0 0.03723728025895663 0.7403312056388677 0.07005027060529687 0.06965812871579075
0 0.8096799231946918 0.3929755383068978 0.10218181362952695 0.09238401814702325
0 0.8450601512148673 0.5290179735986278 0.07765360596649301 0.07952534580347148
0 0.32609260713744964 0.4158081962802261 0.1025736105291847 0.10199940276240788
0 0.16693265428526252 0.18637441295228777 0.06504667984777567 0.06468254809323426
0 0.6933178070782287 0.08800375665351193 0.09766796899657794 0.09942766829369748
0 0.6385415338988469 0.04396376126155023 0.09310923989461382 0.04645910875165004
0 0.5389064001170957 0.06696435849914241 0.07476001368807471 0.06742217087680874
0 0.5695768850544932 0.20043505932216216 0.10556515203251753 0.11650642384291682
0 0.7595072635862892 0.2359547736841668 0.0927623274639712 0.09685593382498722
0 0.6764052052067177 0.26675451848532206 0.07495591213790356 0.07222986318450107
0 0.9403080205926794 0.9090813279174269 0.05003590757521218 0.049755806225564816
0 0.13210960620203063 0.6569826220828254 0.0672546275517929 0.05995879994297418
0 0.08417352530174037 0.9177007184118587 0.060238987540083354 0.06451465977837009
0 0.44034262614866443 0.32952539675287124 0.06735257677670739 0.06236264609682019
0 0.8644092132789131 0.1132365331406753 0.12661207206764621 0.10283884433672867
0 0.02015520520671763 0.5202800711986704 0.04031041041343526 0.06940629624349448
0 0.5483790581473995 0.8388241014831801 0.0975700197716635 0.09702382213985153
0 0.5083544222306721 0.9349207083524681 0.09448052904341622 0.08011295490549622
0 0.4296417268811854 0.9466156001590023 0.09477437671815964 0.08732449336703468
0 0.19373215332124274 0.7397779604873378 0.07485796291298914 0.06982601703065491
0 0.28048895554404074 0.7079022088454077 0.05754129371149386 0.05721917715939968
0 0.29947076156908164 0.6556052025628168 0.06524257829760452 0.0694902404009263
0 0.7919958908453429 0.05895157195258834 0.06975642293055355 0.06244659025425225