0 0.14489885186528179 0.7158750378624711 0.1935803425788388 0.22434558235356078
0 0.0914646270950049 0.26230825862303575 0.1829292541900098 0.19281580323588265
0 0.1388620675001862 0.5137421266011356 0.19574644087983342 0.18355014251759572
0 0.42863041779725874 0.5041416263673404 0.17412581066303284 0.1853244856566662
0 0.3553402790854312 0.7039663599078321 0.16220447606850558 0.2018016848364916
0 0.17582639165039204 0.9752013946240508 0.13732690446115628 0.049597210751898595
0 0.29109453717402994 0.3823313400122571 0.1329947078591671 0.13846234748345765
0 0.2502789020011465 0.16596307560318488 0.21757684861385598 0.2178334916862174
0 0.551204792536541 0.7180803209689836 0.14266603314581078 0.14835751121652024
0 0.5296215293047256 0.0887401315543095 0.14748771062131802 0.15090124692920545
0 0.9493777763807839 0.4651981326501258 0.09688107488021558 0.1277977911767804
0 0.24968992224262618 0.6804560973056814 0.12828491172617837 0.1551493810015418
0 0.6556338512609995 0.3316298971712358 0.1354824650199019 0.15295536918595415
0 0.6918865345629495 0.5057909643291614 0.12090555125086247 0.12609339281712934
0 0.6634101863087383 0.648015445519683 0.07983038911825592 0.08884663925930546
0 0.6761208815296522 0.736140526421875 0.06783912868465446 0.09330460766990001
0 0.8081576053935057 0.7700355662130249 0.1111922704607742 0.10898669062252828
0 0.9409557195481161 0.8796867322400386 0.1088024094747427 0.11132059199695486
0 0.8980011550547182 0.8243411877489488 0.08704192757979438 0.08905647359756394
0 0.8416809965185595 0.17355410672499957 0.14281986999177357 0.17479981890882795
0 0.7110000325775918 0.11325173163125171 0.0893898330623814 0.07951103376159875
0 0.7703138183812666 0.04284999411164508 0.06994928631438996 0.04289378321855039
0 0.1752677862929496 0.8682266276872325 0.13047898036280253 0.11916163347326886
0 0.026224736236028924 0.5332562880402475 0.05244947247205785 0.09055103761895644
0 0.3867115570773052 0.0641457248711564 0.1231835308943754 0.10452872221193345
0 0.8476408624606737 0.3889081718324889 0.08463808142594796 0.08898652881814438
0 0.796405695523055 0.3104812821518925 0.12082164024397347 0.11167031589405241
0 0.3821663775374964 0.8453957248711566 0.08705591274760903 0.09146031975140982
0 0.8335456356260951 0.5387638601610661 0.12329541223689369 0.12375949144270273
0 0.14312513961825088 0.40086627453949575 0.09194751606219007 0.10602328623332588