0 0.7211692152584877 0.7638089563044894 0.08964439536344862 0.09246847978922765
0 0.20256414672024897 0.3203380366193013 0.08433303811116392 0.077849504416322
0 0.7742408157026198 0.9048788179600464 0.06451465977837009 0.06023898754008336
0 0.3455129292048732 0.7947630100036005 0.0920482415172949 0.09256642901414235
0 0.3688568602510153 0.15347889780714905 0.07712149964962546 0.07755565674157865
0 0.5994124010878553 0.03664135106816122 0.07471765349577932 0.07328270213632244
0 0.2559600351776781 0.16048635753197427 0.07446582102348305 0.07024616905512576
0 0.4616148994664717 0.9140064479681556 0.08218102442961403 0.08496309365294617
0 0.14386838962696638 0.7764994625916493 0.10216729107727202 0.10738130283687698
0 0.08228794581990885 0.7019761416789763 0.09909189166396916 0.08805258438119332
0 0.86437733644483 0.3150366151524434 0.08707266089473856 0.08756283825662105
0 0.6572879661996688 0.8302044830665598 0.09702382213985146 0.0975700197716635
0 0.6449252487736891 0.23490973770243606 0.09196429735986282 0.09016258286029619
0 0.3514881296895941 0.24205185083430647 0.059874855785541956 0.06485078139794674
0 0.21645690477525914 0.7181745750808398 0.09230007398959117 0.09977796747568081
0 0.3200588037076982 0.30712506306003184 0.07728938796448964 0.08236334904927102
0 0.12714440555332865 0.1597170256802819 0.059874855785541956 0.06485078139794674
0 0.9377404967040639 0.7959078852900308 0.09685593382498708 0.0927623274639712
0 0.0683723633802349 0.8204992224042962 0.07306930475882191 0.09899437367636538
0 0.09696658285529315 0.05382331330818698 0.0772893879644896 0.08236334904927098
0 0.08087233281059511 0.5925031924540618 0.059958799942974005 0.06725462755179297
0 0.5300825427723711 0.9100129719811706 0.07779305290908216 0.09678642597234809
0 0.4518430642032546 0.8409829879505911 0.08260074521677432 0.09698232442217694
0 0.8110615116566229 0.011923380170461793 0.07885379254401506 0.023846760340923586
0 0.5715087806675068 0.5797330890330529 0.08209708027218195 0.08255924749909987
0 0.5270032119214585 0.03638116674517917 0.08226496858704599 0.07276233349035834
0 0.861195066590632 0.05157058824400344 0.06468254809323426 0.06504667984777565
0 0.13530220508068347 0.04865035647878657 0.055067163477849644 0.06465488294811786
0 0.250324440861496 0.8263252097694092 0.10191545860497578 0.10016976437533852
0 0.4521711308059624 0.2644292656926646 0.06253053441168437 0.07216026908439971
0 0.38658051513621705 0.5920828716591576 0.09719171045471556 0.10237771207935581
0 0.11627368811527321 0.22756343872500367 0.07703755549219338 0.07515181058773249
0 0.4659417512142353 0.3830278534083914 0.07214591902706885 0.07255206598405742
0 0.7640148957017476 0.6465143310340422 0.0724816956567972 0.08216745059944203
0 0.20279693339729224 0.5682770127526557 0.08310441016136699 0.11140540134525373
0 0.609798550325971 0.09070141070617438 0.06485043640809843 0.06985437215546798
0 0.9205166772246441 0.2682146799083428 0.07720544380705754 0.07995950289542487
0 0.4541438185056164 0.32091965030804914 0.05489927516298547 0.05984719064042562
0 0.9455509800358594 0.005428108804716334 0.06417888314864174 0.010856217609432669
0 0.8209212225148819 0.9318639365328258 0.059790911628109726 0.06244693524410066
0 0.7617063804229656 0.20126407183547423 0.0693223520860624 0.060434885989912215
0 0.35719628144557625 0.03399567268239838 0.09892400334910488 0.06799134536479676
0 0.5668383913135946 0.13578270213632243 0.07231380734193316 0.07735975829174979
0 0.05322805109196465 0.2144851185727793 0.05456349853325711 0.0502318060250409
0 0.7945132278236693 0.7271186841782953 0.09221612983215895 0.09737412132183465
0 0.8688111095828884 0.4075357174630631 0.06965812871579075 0.07005027060529684
0 0.9643372383759995 0.2001009515668274 0.0713255232480011 0.09197873366465564
0 0.7634921340125024 0.4936742018149825 0.09719171045471543 0.10237771207935581
0 0.499633739907987 0.2793461788837559 0.06004274410040612 0.06965847370563906
0 0.49935137302400645 0.20232515273576454 0.08192919195731764 0.07775155519140757
0 0.5931777090532173 0.3730288521802333 0.08226496858704599 0.0873669398067922
0 0.41308384070249377 0.35147991559020586 0.05721917715939954 0.05754129371149393
0 0.7289148511775038 0.08945869330367841 0.05962302331324583 0.05763924293640829
0 0.8774192152584877 0.7574422566850502 0.06717033840451236 0.06754847522653626
0 0.45803583510857643 0.8804505510392239 0.09836692865876465 0.13603155823320195
0 0.6486951277299118 0.5152026876877991 0.09271979477675153 0.11179719824491158
0 0.902052894027195 0.6011698144505426 0.11659036800034883 0.10796899818636355
0 0.9627461543983001 0.7041474923097117 0.07450769120339974 0.11199309669474043
0 0.8849359959380702 0.6969543059392385 0.09171246488756643 0.08295104439875772
0 0.45557469872077233 0.4652973433761901 0.069909961188087 0.0772618090668353
0 0.08798083037004886 0.4513884463294896 0.05266331732400346 0.0645569337232034
0 0.5860081936197944 0.7536691128996984 0.06211081362452393 0.06014103831516893
0 0.5366301361026741 0.718368482013372 0.05498321932041742 0.062251036794271804
0 0.638274665490701 0.6648778191882045 0.05489927516298547 0.05984719064042565
0 0.9764480723802832 0.6074549254188361 0.047103855239433626 0.06975642293055355
0 0.9510875158369662 0.4198304438159719 0.06501832472296261 0.07466206446316029
0 0.8368399251670948 0.18135174817374605 0.054731386848121295 0.05503949833273328
0 0.39626074716438114 0.45567786861736326 0.059790911628109865 0.06244693524410066
0 0.4900451111148759 0.6251796449849091 0.06253053441168437 0.07216026908439971
0 0.6956311456038805 0.2737671632070745 0.0722298631845008 0.07495591213790356
0 0.7871451877648986 0.2748527849680178 0.05489927516298547 0.05984719064042551
0 0.22303498156784687 0.21719508283169534 0.059874855785541956 0.06485078139794674
0 0.26674680845830145 0.09023609833340636 0.05970696747067778 0.06004308909025444
0 0.9641140255459822 0.06904236156975477 0.04983975038299677 0.052439753729058194
0 0.44513136114749824 0.7521876040956552 0.06451465977837009 0.06023898754008336
0 0.32595021288318604 0.8894435276402877 0.05489927516298547 0.05984719064042565
0 0.2620269917456511 0.9546371313254352 0.059790911628109865 0.06244693524410066
0 0.31959338320181063 0.9486805806967191 0.06451465977837009 0.06023898754008336
0 0.7937348550727171 0.8426991980127395 0.06691850593221624 0.06033693676499779
0 0.9555633120031403 0.8926759591713134 0.055067163477849644 0.06465488294811796
0 0.17334407370446117 0.4142084280787233 0.0594551349983815 0.05283155062871604
0 0.13708795867022036 0.3410604864582948 0.06708639424708038 0.0651446290726901
0 0.0278503125734002 0.28051538081314165 0.038240240400926544 0.0639692383737167
0 0.3194025686034833 0.7019435276402877 0.06949024040092656 0.06524257829760452
0 0.7327267022124423 0.37095356636596455 0.04992369454042899 0.054843599882904354
0 0.6689408349780871 0.37114537467235126 0.06708639424708042 0.0651446290726901
0 0.9687004197930627 0.13144441234484033 0.059790911628109726 0.062446935244100624
0 0.9332723596155107 0.530086986840202 0.059790911628109726 0.06244693524410066
0 0.7138928293841698 0.9001160101213692 0.06202686946709171 0.05773719216132278
0 0.6439866977348933 0.9318516661024994 0.0670024500896482 0.06274078291884394
0 0.38189496047526217 0.8715167208547983 0.059874855785541956 0.06485078139794681