0 0.3450982169553871 0.7702762926092596 0.13433275928020982 0.13666057880543894
0 0.4484721627864303 0.4535600389424023 0.0915776710849078 0.09917583582140128
0 0.5876160647803489 0.2928572200090909 0.1086565546391532 0.1045711372311182
0 0.4917226107207183 0.8209860189782616 0.09588144243795546 0.08972833952088057
0 0.46455163604827965 0.9619925462761167 0.09322563580678697 0.07601490744776658
0 0.9759274231976693 0.9443415507295144 0.04814515360466132 0.08500459137062076
0 0.6782182192174455 0.5107716079735806 0.07842461816772656 0.07712149964962546
0 0.36278834846676095 0.3066010845950902 0.11725387572596432 0.13126527739572208
0 0.4037048411785664 0.08008247144321154 0.10890851511647553 0.10937882953881048
0 0.6693774988689707 0.15894392306484736 0.08323231047541887 0.07728938796448961
0 0.0676940646405689 0.5362408478283986 0.0844921128620305 0.10132784950295118
0 0.5528386180978366 0.22445825365478156 0.10131903593895358 0.10191545860497578
0 0.66212341352667 0.06631190198433834 0.09803332811447928 0.08500459137062058
0 0.3625908168931105 0.6233211678007579 0.11890184044784363 0.11692614463007739
0 0.32681408951696755 0.21536557977924237 0.09803332811447928 0.08500459137062055
0 0.56501270396119 0.6627824280232602 0.1464779702881018 0.13948414574644566
0 0.9614566885841881 0.8153580327903007 0.0770866228316239 0.1073947041721248
0 0.6550513977303279 0.5723482222418276 0.0905698291756185 0.07994506659063205
0 0.8171339247798612 0.8035562705428714 0.07336496538271192 0.07214591902706885
0 0.9158466017804419 0.3978977091837065 0.09182963156223013 0.10398352812909359
0 0.25536438176238335 0.06530452114575364 0.09727744668251244 0.07058151444754365
0 0.6591457554868155 0.6504732222418276 0.08133238527621736 0.08682082842244217
0 0.49657809031758043 0.043734804123317386 0.0845023344813147 0.05573871673730631
0 0.0537272509817323 0.4757669452738004 0.06134573461348122 0.07172619823990854
0 0.028507309604916035 0.38370726608947386 0.02249603381667513 0.10876068602510153
0 0.9416674398963368 0.9134807371049904 0.09385553700009279 0.09685593382498708
0 0.13124113262336934 0.10056091441903067 0.13117303169439667 0.12215355772493003
0 0.6128190133246135 0.17856387867109266 0.08917382493106164 0.09909189166396917
0 0.8243830289112855 0.07197813261100414 0.09107375013026314 0.08956045120601663
0 0.9241426442959008 0.07546181514443571 0.06463144243795546 0.08863706547426367
0 0.4761010611267349 0.5229090959013385 0.06324565981268265 0.06219475778195602
0 0.7775301325534792 0.25389967568058086 0.09322563580678725 0.08483670305575644
0 0.19562904620089566 0.7110691605443639 0.16659060118949903 0.15698262208282515
0 0.5792349285033656 0.4305327368319362 0.09107375013026314 0.08956045120601666
0 0.16654460390272025 0.36213371952822715 0.0785505984063878 0.07952534580347162
0 0.06019658003660456 0.1184752820037604 0.10081511498430897 0.09230007398959114
0 0.1999192751274081 0.19773735766790404 0.08057650384425052 0.07239775149936524
0 0.10619648957924407 0.35522742328473267 0.071087099467527 0.07446582102348305
0 0.17290149514546657 0.5063225166802803 0.06805335212037508 0.06236264609682019
0 0.2706743015669649 0.9068452681796455 0.0900659082209739 0.07032968197524744
0 0.20464685488445256 0.837355027778719 0.07842461816772663 0.0771214996496256
0 0.6470277589307596 0.808413543057501 0.09613340291527778 0.09453603182857315
0 0.5807176869130724 0.8708830086458168 0.07374290609869541 0.07935745748860731
0 0.866559194410937 0.7165027063927856 0.07336496538271192 0.07214591902706885
0 0.9014626213321104 0.7873055189009412 0.05565618063516098 0.054731386848121295
0 0.851342799984773 0.586401209534081 0.09448543819339861 0.10887516459421799
0 0.8211415283711989 0.42218417365565386 0.12193558779499561 0.12902931955674019
0 0.7317685114628614 0.3650756455265603 0.1009410952229701 0.09470392014343733
0 0.7747006879932454 0.17701857083622 0.09107375013026314 0.08956045120601665
0 0.8979744007231093 0.2629045758598775 0.07817265769040424 0.07231380734193316
0 0.9737636554982357 0.496360019666935 0.05247268900352854 0.08673688426501008
0 0.9741313745949352 0.6008014111230946 0.05173725081012966 0.08441698226859601
0 0.9820306935594678 0.6755724743646216 0.035938612881064265 0.08888889794655998
0 0.7231149714699872 0.589121735573003 0.09297367532946492 0.08002901074806414
0 0.8001333637738728 0.7309791930616103 0.10372288209279973 0.10199940276240774
0 0.5863238075334939 0.9676969194426881 0.09562948196063313 0.06460616111462378
0 0.45593400132166556 0.18388284405159874 0.0915776710849078 0.09917583582140127
0 0.45015079236616207 0.3024535078798229 0.09663732386992244 0.10415141644395777
0 0.5277616497922333 0.34115544114662594 0.08133238527621736 0.08682082842244217
0 0.1465835072881945 0.2330662574315814 0.07298702466672854 0.06493438056553053
0 0.1897795263188105 0.27896446195408076 0.08614007758390968 0.08698871673730633
0 0.1033533729937094 0.6214667372596311 0.0605898531815143 0.05730312131683162
0 0.11846589082340611 0.932722842103992 0.05198231047541894 0.07619811391787251
0 0.5264949465935886 0.9121795517153934 0.07892853912237122 0.08673688426500994
0 0.8107907055624157 0.3162470545715589 0.05755610583436248 0.04519994639016877
0 0.5179454127959472 0.10806630838098111 0.0731130049053896 0.06733822671937664
0 0.8517820704164615 0.32007795140175055 0.03579551021108566 0.04204060281943383
0 0.4791569121160807 0.7185707249675037 0.07817265769040424 0.0723138073419333
0 0.15144562849955873 0.5547619212598056 0.06374958076732741 0.07181014239734064
0 0.02909977472710168 0.28055174186766946 0.03123977838071583 0.04668040681226197
0 0.8612169162907476 0.8434868317594714 0.04806670145763876 0.04726801591428671
0 0.8591177991142701 0.8950016357522995 0.05540422015783865 0.04992369454042899
0 0.5462535304235874 0.5337569380053305 0.07298702466672857 0.06493438056553053
0 0.878527317083747 0.9448680910081702 0.05755610583436248 0.0451999463901689
0 0.7415761872434887 0.9184906307286419 0.07361692586003425 0.07695361133476115
0 0.3673236370585625 0.3931395461335518 0.07994660265094457 0.06037852073013447
0 0.2740996616554011 0.5830395627485875 0.07627273249120273 0.08184524779988568
0 0.41526767908479134 0.9805937343261454 0.06274173885803801 0.03881253134770928
0 0.3580265238470819 0.9482868242300231 0.07589479177521938 0.07463370933834695