0 0.5952934310235362 0.5573104850536398 0.2179643095656098 0.22828315489887993
0 0.9238115737898556 0.7938770203937118 0.15237685242028876 0.1607237210497892
0 0.7371691126119635 0.6446864009328015 0.12779589790670962 0.12396674668265674
0 0.8560613851060909 0.6420998993781868 0.11440309743987626 0.1069999671938455
0 0.49057984779671554 0.2914485712187442 0.1294148470904972 0.11437933334964967
0 0.7260830380081333 0.33201857323853584 0.22394934732839009 0.24276217438671208
0 0.7656220245087565 0.8753437465725218 0.21605122238413307 0.17542651079664204
0 0.8963400806547605 0.050449429687135464 0.12921862284798252 0.10089885937427093
0 0.8893967140064958 0.5346392480904248 0.1858314988403766 0.1582639323311878
0 0.9080885608516398 0.3214792942393761 0.17793297716395393 0.20860484515006894
0 0.8194166069995177 0.1637065434804246 0.1443774414974481 0.15057688206922995
0 0.23030245432044755 0.2126687722788125 0.1365772303083655 0.1432814297605587
0 0.686199369703571 0.16766279580622798 0.08580232307990726 0.08024997539538412
0 0.5643119995689758 0.9294179835234995 0.21732687832656133 0.1322132225921665
0 0.5527367529214392 0.19808932710671662 0.0798172853171269 0.06577095590755196
0 0.3702156951176453 0.3349563999534987 0.0806021822871856 0.07538634052293657
0 0.37745200956710173 0.26148525020811414 0.07500959300943458 0.06571501334279671
0 0.35456572076364445 0.4674756225211908 0.16620828112457803 0.15323246976447452
0 0.43806151634663126 0.7829100809748974 0.07481336876691991 0.06331116718895057
0 0.5220260720392302 0.2934887907016815 0.1119992512860301 0.10697199591146787
0 0.07988943125396884 0.492326935379231 0.08913813520265655 0.12111536001076874
0 0.9982821452306235 0.5246733803800061 0.0034357095387529913 0.09665732923664304
0 0.1718476452530044 0.8377395425500704 0.11700316783623707 0.1094317846300694
0 0.12615256946717007 0.08635580613769306 0.08957973893135601 0.09710486975468481
0 0.04106101375965059 0.1787788543553848 0.062499603267834214 0.1184038297507689
0 0.3543689014228812 0.6419222963693026 0.13741128252209428 0.12407863181216701
0 0.3864517634401125 0.9760009691891628 0.09708581212274936 0.041956264628111375
0 0.30440247695590206 0.869882939455526 0.09821400233416731 0.08519752411496466