0 0.7857070806035262 0.647285203997977 0.15205976911346178 0.1315419118151039
0 0.880258308247062 0.16408331372720827 0.23474169072895334 0.17335832003132717
0 0.569914398525855 0.36366101325713635 0.11303872924914539 0.10705590975860073
0 0.7919944368114321 0.5558411506635014 0.10325549421292735 0.09973248616755179
0 0.5035628832981309 0.6637929835234995 0.10342334463376077 0.10694402462909025
0 0.3741448320942847 0.5787369999510512 0.1083988873622865 0.11421150565538395
0 0.7180117570700861 0.8380281886231511 0.1006837976382479 0.09249297642363584
0 0.06874849003146434 0.7842683723008395 0.07625368511784193 0.07538634052293657
0 0.8920327979583871 0.5150028952651803 0.1427241351994658 0.14344925745482434
0 0.17719428308258584 0.43315214972091015 0.06647045008162397 0.06806291693188762
0 0.06580507803258576 0.34788638153062973 0.06893024637574793 0.07049473436811154
0 0.6488436409865385 0.038626839959861985 0.1148830740002138 0.07725367991972397
0 0.3070019753902782 0.4316417004725194 0.1255055611405984 0.12642653540125792
0 0.23201721781917814 0.929042897407344 0.1007397477785257 0.094896822577482
0 0.9339582204219021 0.9051803547471385 0.1320835591561958 0.16989156514713188
0 0.5018894037850434 0.8501609886525204 0.0955963546291667 0.08041780308964956
0 0.6449752050182165 0.9025972214537801 0.09844780190523525 0.09967654360279656
0 0.5373165704639423 0.04886458560814837 0.1056593403667735 0.09772917121629673
0 0.2077259757104174 0.8668086245899312 0.09576420505000005 0.0876293415511883
0 0.38017639291474387 0.2696889271287436 0.07122219224903859 0.06571501334279678
0 0.8885159786332806 0.7771340111639216 0.07608583469700857 0.06817480206139812
0 0.5887855116010154 0.55459895479364 0.09073271218119672 0.07795801437104845
0 0.03964352598071615 0.4119099743548953 0.056799115325961595 0.06554718564853114
0 0.16653879617681636 0.1303094912598612 0.09095651274230775 0.08757339898643299
0 0.45075817336773544 0.46122740917105176 0.06652640022190176 0.07046676308573378
0 0.5757672178191781 0.9250430040273461 0.08111732756581211 0.07784612924153797
0 0.3101392030020306 0.7730437968834283 0.0688183460951924 0.06568704206041896
0 0.05728373596976542 0.5499633005067834 0.08609287029433768 0.08511361026783167
0 0.37334058963360117 0.9057579763624498 0.08117327770608977 0.08024997539538412
0 0.3159998985845088 0.30169415175293895 0.08380092442104715 0.08989333129314635
0 0.4796383319183234 0.7722737445527301 0.054115518470726605 0.05349998359692275
0 0.5442793481113783 0.19203775479853483 0.08603692015405989 0.0827097641139855
0 0.09788729556340812 0.02252885435538478 0.0900053603575855 0.04505770871076956
0 0.33524373202291746 0.9735271948293727 0.0633392521041667 0.036784945649510147
0 0.8192470165987185 0.5386925578392359 0.17117863806367511 0.12695798976643255
0 0.5685566842966888 0.9768235958233601 0.09693714811773504 0.034772697448950396
0 0.23136575169359017 0.4878252430470643 0.06395470364722232 0.06322725334181784
0 0.43419207037350505 0.9375106173799327 0.07379388882371803 0.07295452308671294
0 0.36240032733119687 0.33241269738776447 0.06635854980106846 0.06325522462419536
0 0.9496870811900641 0.034624420383922015 0.10062583761987189 0.06367479385985951
0 0.08847477101234007 0.39210579383538513 0.06149490735309836 0.06079543590559407
0 0.6732477883149041 0.15446961324245173 0.1387556949959402 0.17945100719776141
0 0.5810754465722229 0.7915316430005631 0.05143192161549155 0.04145278154531422
0 0.6102003461807164 0.7515185404323813 0.0855333688915599 0.06107514872937013
0 0.6378155969407592 0.6982982696592347 0.08586906973322647 0.07549822565244704
0 0.7728826024345629 0.9227493588723822 0.10509983896399597 0.07572199591146773
0 0.7987823294646905 0.330941678866998 0.127797507013889 0.12164681437594334
0 0.6952241341754811 0.4788210163174168 0.08357712385993593 0.0802779466777616
0 0.9339022702816243 0.4027065803873484 0.0858131195929488 0.0730943794986009
0 0.9780896536701924 0.4273735537139921 0.04382069265961519 0.09917306051999966
0 0.9569326243560365 0.3074609588454605 0.06652640022190162 0.07046676308573385
0 0.4340091458669339 0.15484890968517753 0.0688742962354701 0.06809088821426532
0 0.39923529196848295 0.05546690661265982 0.07122219224903859 0.06571501334279677
0 0.20506733910817368 0.7009292543333578 0.04679207972863253 0.048608377442097714
0 0.15897262625491504 0.580038506646924 0.09833590162467956 0.09486885129510424
0 0.19961320537013935 0.518250932282239 0.04695993014946582 0.05581991590363604
0 0.29300053439738294 0.5532317302183933 0.051991423018269284 0.0654912430837759
0 0.2459017338362718 0.5441617856093721 0.04695993014946582 0.05581991590363618
0 0.1455516271615922 0.3649921753660148 0.08603692015405989 0.0827097641139855
0 0.12581529679022457 0.2401879743426581 0.07860158113141033 0.07301046565146804
0 0.17953815933995748 0.22393362048916193 0.07625368511784197 0.07538634052293657
0 0.07921803761351508 0.14935928922049 0.07876943155224365 0.08022200411300653
0 0.26322416866330145 0.15202717842629532 0.08089352700470087 0.06823074462615335
0 0.27971438595950865 0.08571162457769405 0.05920296147980768 0.06557515693090875
0 0.24197919438253207 0.06571248714685464 0.04925187602275649 0.051040194878321385
0 0.18137948927387823 0.04477715382167945 0.07586203413589747 0.05855941744601353
0 0.19117679345678484 0.775630298438043 0.07144599281014961 0.07533039795818133
0 0.30538947071271444 0.8788969414997921 0.0616068076336539 0.06560312821328623
0 0.41367143309919935 0.7273558922538487 0.04656827916752144 0.0389929928267131
0 0.4069344658909728 0.6961758204597926 0.039300790565705165 0.03650523282573395
0 0.4243478605017633 0.669523728149653 0.04673612958835486 0.04620453128825156
0 0.44970115033675273 0.7257343999412614 0.04204033756121803 0.05095628103118836
0 0.41481841097489386 0.7766347384076948 0.0636190028055556 0.048804176418740915
0 0.44578966521255414 0.8159485589164363 0.05176762245715812 0.055875858468391146
0 0.49442809957035333 0.9428209507051079 0.058923210778418916 0.05355592616167799
0 0.14863290463306683 0.7039904256230778 0.04695993014946585 0.05581991590363618
0 0.06891332563515011 0.6363898769157346 0.05657531476485046 0.055931801033146586
0 0.1185318923868597 0.8570262543455951 0.08072567658386759 0.061019206164614884
0 0.07531961669695589 0.9116302615311191 0.07424148994594025 0.09218529231748217
0 0.6835426141260155 0.596777305550144 0.06881834609519243 0.0656870420604191
0 0.34144314326421 0.6716906604686035 0.07155789309070519 0.08013809026587364
0 0.2265011043065709 0.4337806615090922 0.041984387420940225 0.048552434877342475
0 0.578301894872276 0.4657545465896539 0.10269599281014968 0.07569402462909025
0 0.47683580020918837 0.39359804711601687 0.07614178483728637 0.07057864821524426
0 0.335716293398131 0.8388698532904215 0.054059568330448796 0.05109613744307659
0 0.07346220773824809 0.26363988101650393 0.06641449994134621 0.06565907077804155
0 0.4728923202586541 0.2758235712187442 0.056575314764850435 0.055931801033146517
0 0.4426753879756946 0.2172649958380447 0.06658235036217956 0.07287060923958001
0 0.45891282470160266 0.08843545634825459 0.06149490735309836 0.06079543590559403
0 0.8972281214918272 0.32498716398182376 0.05897916091869659 0.05595977231552414
0 0.8631256692767096 0.2544513147554599 0.05176762245715812 0.05587585846839128
0 0.24562600289107966 0.7389292666356658 0.05187952273771374 0.06068355077608345
0 0.1496629575329598 0.4899781897248261 0.04695993014946588 0.05581991590363618
0 0.19371147050988274 0.3163418410003508 0.05702291588707269 0.07516257026391575
0 0.3774398607363786 0.41038385533468763 0.056407464344017146 0.04872026257160806
0 0.5835881781894771 0.6412213301792343 0.0689302463757479 0.07049473436811154
0 0.886042113192468 0.05100464500811741 0.056575314764850435 0.055931801033146517
0 0.20766600581394284 0.6576180666405608 0.04684802986891034 0.051012223595943866