0 0.3125603702349586 0.6800973226460149 0.14186562464406194 0.13356169752434172
0 0.0506615023919742 0.07429199497386516 0.09604625790208912 0.09789255455833343
0 0.32093938843111103 0.5695203995690918 0.14241208235250669 0.14077323598588018
0 0.23052476762421106 0.41923066234139783 0.13188593488971415 0.12830616148061333
0 0.2130159313538572 0.8715719358033347 0.11360179125693853 0.10829166571178096
0 0.08169580495615716 0.9291885576135048 0.13152162975075105 0.1234984691729213
0 0.6693578879612905 0.19159284564811954 0.11600563741078454 0.10840362664579012
0 0.1292111777658959 0.7604978163780663 0.1568351592755836 0.1414450015899343
0 0.4551753753487928 0.39439521855548293 0.12044902457951381 0.10381985620611586
0 0.5494208777479123 0.1780161035848054 0.11491272199389531 0.0939805497227132
0 0.39786388476246454 0.4868906289389029 0.10511518480902897 0.09112885983283096
0 0.043545037973854846 0.7662341572823544 0.08709007594770969 0.10096816631623376
0 0.19018365111714855 0.6354945024507188 0.1158234848413031 0.10599978049194404
0 0.8786732365071109 0.25849541897739 0.10639025279539993 0.1079557829097541
0 0.5927863415026873 0.9017910899058206 0.13152162975075113 0.1234984691729213
0 0.4111567641097897 0.5485509219338354 0.10048964507081838 0.09330878411865907
0 0.024349421789532984 0.9052950181335758 0.04869884357906597 0.09286094038262313
0 0.3407388049704476 0.33984113094277507 0.11636994254974775 0.11321131895348244
0 0.21653630193299206 0.5564178345116422 0.10675455793436324 0.11276347521744648
0 0.6774122010615922 0.9230008808968807 0.09291380147031675 0.08816520900893957
0 0.8961442696862993 0.8972434163690652 0.06017071816387825 0.0986169867020446
0 0.6694777299552339 0.6167640653466903 0.09218519119239041 0.07854982439355523
0 0.6115494755675661 0.5751479153177661 0.09087426045543363 0.09286094038262313
0 0.9096414912032288 0.7349278205174452 0.06366747973461392 0.11315202455913027
0 0.012466095743275098 0.9641069351659737 0.024932191486550195 0.057363052744975655
0 0.05436731359513065 0.2397655163202182 0.1087346271902613 0.15670447159073125
0 0.013964856682819781 0.39179727587974705 0.027929713365639562 0.12986698670204433
0 0.30596417616648297 0.8935917866022864 0.08570226300877823 0.08782932620691278
0 0.8741982448126256 0.0042641900509568 0.10886582445041772 0.0085283801019136
0 0.8579989198709519 0.5313319574389285 0.15184531439840973 0.13881723356807013
0 0.3547839036040984 0.0912669758877162 0.1374222374753328 0.13814546796401606
0 0.9397561369266737 0.06881218076421423 0.08828826173210576 0.09034513329476793
0 0.3492900398781454 0.7801895069053096 0.08311626428545055 0.08531351911905762
0 0.7260964730142215 0.5650220786446458 0.06242827449882864 0.06518706241621622
0 0.5144834471580354 0.670692604189258 0.11028718225568458 0.09616047400854145
0 0.21947950875389993 0.9443294388255974 0.09976103479289197 0.0836933995032746
0 0.37142583529498663 0.25098113698730035 0.10824764124080147 0.1008562053822246
0 0.6824370102133781 0.003054071230140881 0.08428090520351142 0.006108142460281762
0 0.7259959818038476 0.07637285773717009 0.10915840408820926 0.1128754361514554
0 0.7551398719885967 0.7349377622994882 0.13705793233636962 0.13333777565632396
0 0.6934652361843702 0.41084335592381255 0.0798016552841962 0.07318232741581782
0 0.14566012255339278 0.5118117003889984 0.11691640025819254 0.12042285741502089
0 0.3260769425354574 0.4543037255854899 0.08220550143804263 0.07329428834982685
0 0.6321091069105849 0.6041323633677574 0.11972041430158761 0.09420447159073124
0 0.1604144806814004 0.31710016192745993 0.08402702713285834 0.09733274988828838
0 0.48037138076393215 0.8363637141338006 0.09586410533260767 0.09548870840448732
0 0.39401791061150543 0.6798964201204777 0.0696398129603671 0.06552294521824328
0 0.4747718691268018 0.30964481803381794 0.12598532716513233 0.1136591626895185
0 0.8659499029443266 0.932184813264015 0.10460458985117017 0.052779282305301385
0 0.853562629743606 0.1315130832897514 0.1448517912569384 0.1097471578538983
0 0.4781280185117479 0.02489124610396722 0.11105165528419647 0.04978249220793444
0 0.9375079955173568 0.5252334004627849 0.045929793810282914 0.1003490672518365
0 0.9418121899085728 0.16812395241279357 0.09123856559439666 0.09766863269031537
0 0.8944883845939489 0.8242619914787845 0.07204365911421352 0.0656349061522523
0 0.8149935030303103 0.0480800588553184 0.1019468656266708 0.0961601177106368
0 0.09301003445586088 0.6376250741242375 0.10620810022591848 0.10555193675590803
0 0.523077641857702 0.7469439155082808 0.09087426045543363 0.09286094038262313
0 0.5012938978376374 0.9395874906180002 0.07721565656086873 0.07066652032796264
0 0.06149816086785133 0.012717329643113295 0.08373444749506656 0.02543465928622659
0 0.580970033494784 0.7574220264712138 0.09586410533260767 0.09548870840448732
0 0.14102516788954883 0.024315049946136476 0.1073727411439793 0.04863009989227295
0 0.6613983884382562 0.2650221142744363 0.07685135142190556 0.06585882802027034
0 0.5767904602546441 0.25938134281637154 0.06705381423703936 0.06300713813038811
0 0.5543899524332401 0.31791335751374683 0.0598422757755009 0.06267125532836104
0 0.24371431694460904 0.15033577591265568 0.06723596680652094 0.06541098428423432
0 0.16531608809038667 0.15758027549871778 0.08497365273085193 0.07821394159152815
0 0.22393567059711847 0.23749002258816676 0.08475563741078468 0.10694813450367299
0 0.79961954228441 0.2585843605689181 0.07018627066881186 0.07273448367978173
0 0.48536690327421245 0.5175478631443342 0.07517611554598574 0.07536225170164593
0 0.5188758790174393 0.4704752745461446 0.05244858474448085 0.059931526372487824
0 0.7574318716658559 0.8785527463932078 0.074629657837541 0.06815071324010748
0 0.7569212767079969 0.9169023239207372 0.06927550782140393 0.06071525291055097
0 0.5745946935629289 0.8415566418558291 0.06705381423703936 0.06300713813038837
0 0.5737354069571493 0.02852169164089111 0.09976103479289204 0.05704338328178222
0 0.6555379016890899 0.07366608990582055 0.06556073093060114 0.0749144079656099
0 0.9058191260606688 0.6273145482644135 0.08034811299264095 0.08039386587735628
0 0.13351821097366537 0.24529432684427394 0.0794373501452333 0.06837463510812551
0 0.7779835074915181 0.33863902971689974 0.06650735652859488 0.055795599668849644
0 0.8637022824673125 0.34542574378488305 0.04968043345167153 0.055011873130786634