0 0.8813911305996895 0.9471979690251787 0.11167031589405241 0.10560406194964254
0 0.2130242088426585 0.67855798952869 0.1708314639541698 0.1774315734421738
0 0.5844128039664269 0.4872052486094892 0.0716000475058652 0.06774437367636511
0 0.6509454680550422 0.257019623046303 0.10368938485889935 0.0978638674464068
0 0.38928723247383373 0.6713341806368252 0.08424878128987164 0.08986873518555263
0 0.7130314350239875 0.4516291221394848 0.07180988184412375 0.07495591213790356
0 0.34242307174582726 0.29847071149387755 0.07661757415181605 0.07515181058773256
0 0.8055851475925269 0.6618860634671742 0.14285037111463283 0.12346951658349951
0 0.6192006509725746 0.816358715471091 0.09414394502293423 0.09987591670059495
0 0.5664004327300366 0.3220030663339982 0.10389921919715797 0.10507540590794526
0 0.7577015839364064 0.8316061805190563 0.09916147166888496 0.10728335361196255
0 0.43054092646669023 0.5625693182208192 0.08905647359756394 0.09006463363538163
0 0.6938983567810185 0.7017536037423489 0.10452872221193352 0.12671002129256065
0 0.8777720675231975 0.2134401840285602 0.0891963631564028 0.094872325943074
0 0.6784184499663886 0.12848527066249849 0.07923125464392064 0.08246129827418541
0 0.8293345812771834 0.5704154280181561 0.10856702194601116 0.1004636120500818
0 0.3867358385608882 0.12980559368154682 0.08212471425370346 0.09938617057602296
0 0.7504417792394353 0.0870015681762353 0.07166999228528462 0.07014821983021133
0 0.9529541831610471 0.6931013508023403 0.07160004750586506 0.06774437367636538
0 0.5408473191620622 0.6402943410342772 0.11351460381254246 0.10546720280760297
0 0.040142235722404614 0.38939654454512723 0.0551927931054592 0.08148180602504104
0 0.0426787452537608 0.6416044922491445 0.051644106827318056 0.12455513834444289
0 0.982803265017859 0.6406309745518901 0.034393469964282004 0.09811283065213526
0 0.8318469576908233 0.45046799338813465 0.08417883651045208 0.08746488903170661
0 0.5316552163138591 0.530674467971991 0.07173993706470419 0.07255206598405742
0 0.5165475759781764 0.7953689503353037 0.1335147656169262 0.13269310429922634
0 0.5327100236506142 0.7732180564481664 0.09654779117678039 0.09997386592550966
0 0.03753621343056029 0.9187100022813458 0.023872848326039683 0.07780461994730704
0 0.04004815782526883 0.014837316057242245 0.032019392573614594 0.027715647616195525
0 0.310567701848768 0.6477181385194133 0.08114548734183034 0.06573232442217687
0 0.7050103279725938 0.9865359646088567 0.0808657082241524 0.02692807078228654
0 0.4748609194630802 0.14660189423707803 0.1364781700061286 0.15202182275491008
0 0.1048306118925298 0.17834373898779576 0.04700202773204762 0.04753411219645146
0 0.8380221862878605 0.3738877387522583 0.07661757415181605 0.07515181058773256
0 0.15638988955883903 0.011174391927131459 0.05316439450229344 0.01177026756350248
0 0.5221081859420275 0.9749167110261681 0.14859306920836168 0.05016657794766388
0 0.6868709290041557 0.7903041145349989 0.06679235519817275 0.06754847522653626
0 0.384481130702008 0.21735007984710256 0.059301037618956304 0.057639242936408285
0 0.1438830678884696 0.3239947719798245 0.1166178977605837 0.12960361357097908
0 0.32624573969180015 0.03130096612975392 0.07556840246052342 0.0390941182800402
0 0.6925123230194198 0.6128602706624984 0.09132043019257097 0.08535489055260388
0 0.9855990336398415 0.1939563614486205 0.028801932720317162 0.14069641684696477
0 0.851379616602189 0.5028853048826852 0.08396900217219365 0.08025335057016815
0 0.2657488466603145 0.9633841855511401 0.11981686014162726 0.07323162889771978
0 0.029034309640425398 0.7502938476747433 0.017080978541018286 0.09193384919564042
0 0.98109062919948 0.8397094338090059 0.03781874160104009 0.07157257373491287
0 0.03267664179677095 0.2978544922491445 0.0327188403678097 0.051754109154657064
0 0.3125462436806346 0.4269071146527676 0.0764077398135575 0.06794027212619397
0 0.32659387305303117 0.4971083992388783 0.054633234870103124 0.06225103679427167
0 0.17329802870610644 0.42723567499234494 0.06686229997759244 0.0699523213803824
0 0.10952616084976387 0.42223617437826594 0.06170488377280256 0.05773719216132278
0 0.4653488614809582 0.603604068908083 0.04205444586551625 0.042530521438930165
0 0.4796063251916133 0.6810168919557322 0.056617412347432165 0.04792590909610931
0 0.4548077198156641 0.736429835097058 0.07132026838818707 0.05812898906098049
0 0.1193883747479147 0.7611784820705737 0.04728180684972564 0.05714949681183594
0 0.7631480279950011 0.9362714374362786 0.07895147552624265 0.07284591365880069
0 0.8495980472817893 0.7717242772137968 0.08410889173103278 0.0850610428778606
0 0.7811599672124601 0.3175483681176875 0.05689719146511042 0.05754129371149379
0 0.7716016655497036 0.36037682737480325 0.054563290090683565 0.05984719064042565
0 0.9624634233204378 0.2626394330485572 0.07507315335912451 0.07534770903756141
0 0.9853156414314989 0.38010751453432573 0.0293687171370022 0.05685564913709266
0 0.899752793714246 0.34999211090772625 0.059021258501278324 0.04802385832102374
0 0.9476970534136591 0.09984109692691237 0.05937098239837587 0.06004308909025445
0 0.954165354974097 0.7759850684975752 0.06410872992664889 0.05783514138623721
0 0.3775220571686982 0.7620926391334921 0.05689719146511029 0.05754129371149365
0 0.3589079291259131 0.8237600707217194 0.06163493899338303 0.05533334600747663
0 0.19299471029402737 0.8566160611286269 0.09853196865410944 0.08564873822734717
0 0.16232637909230177 0.9165918235153587 0.05222938871625697 0.062153087569357106
0 0.12038609913204167 0.9605018143899754 0.11204576344473277 0.054986433576834005
0 0.0592274797488724 0.1788865498682674 0.0470719725114671 0.049937958350297615
0 0.05411789776058372 0.12705693372320342 0.05180972003973991 0.04773001064628032
0 0.4615625946561778 0.39096163351761287 0.11895179913501043 0.12729771664204748
0 0.9837899341205267 0.9730249461225529 0.03242013175894643 0.049644110675554194
0 0.963388385102414 0.4621096892053308 0.0732232297951721 0.09958206902585182
0 0.2419768703938082 0.22955094711853904 0.06184477333164159 0.06254488446901509