0 0.13931264034989138 0.36003929547120284 0.17484134273886504 0.19805239085897597
0 0.2023322736607651 0.8145480257297184 0.17008419041384304 0.16438455953731518
0 0.1857163071559283 0.5597473260059334 0.18366680084721432 0.152449239774973
0 0.4714883528504087 0.5229640076821706 0.16013261920257613 0.15952092655836345
0 0.3480522924809891 0.3384264591934591 0.14481853580712326 0.18105764576827532
0 0.09177462376597176 0.05820276631754776 0.1210492475319435 0.11604191827191081
0 0.3673072117702137 0.6653285583648139 0.12362118698373077 0.11845974959357175
0 0.38260370188285653 0.8840785583648139 0.20267893679737212 0.18379713594967648
0 0.5359642890508768 0.2938652031116584 0.13133700533909257 0.12571324355855465
0 0.6771083623953106 0.9206335254850807 0.13715325743443163 0.140164290817261
0 0.9713548861516477 0.47912378909798126 0.05729022769670477 0.11108038911825566
0 0.25235218623829603 0.378718451928437 0.1153505487518752 0.13763457815308192
0 0.7356252231938337 0.6578598970090005 0.12462974677137759 0.13288282651664873
0 0.7280780581028529 0.4812051750369377 0.11092958302273541 0.10877443913911314
0 0.663376371879688 0.34626813156181285 0.07268667784180849 0.07731466162189121
0 0.6534671039761264 0.2561029230408598 0.05876788081255477 0.08444228907654096
0 0.7734830816955279 0.2027366207217834 0.10254139147560928 0.0919055605587457
0 0.8809085354192748 0.07240528597618563 0.1121567760909939 0.09196150123000489
0 0.8469014693531762 0.13588344636807198 0.07989821630334695 0.07735661712533563
0 0.9687582366749651 0.15946119872379463 0.06248352665006989 0.10136710832816753
0 0.9470175830378665 0.7841045769445173 0.10596483392426684 0.15453142706907877
0 0.7911059280886916 0.9851729559205928 0.07206484463271433 0.029654088158814318
0 0.8461510463216466 0.8639481498754384 0.08626928827517971 0.06537934185954916
0 0.9245951996011588 0.9376920051860975 0.06670233244852825 0.06045976820933856
0 0.13087446878653458 0.2050052037159407 0.12210834730226061 0.09682513420895643
0 0.07637425385578862 0.7657578590942405 0.051892528946898775 0.08920802588078877
0 0.06543995281465004 0.5578461445382705 0.058599787514613824 0.0820384429226948
0 0.5406269181862035 0.9603513249845027 0.11629209520692149 0.07929735003099453
0 0.9086604029294916 0.5723633304727412 0.0774943701495008 0.07734263195752078
0 0.8785700226987092 0.6574900914170576 0.1121567760909939 0.09196150123000492
0 0.33805074125349177 0.19539761303961292 0.08006630960128806 0.07976046327918179
0 0.8564234507117453 0.42668589772828996 0.11540108873454577 0.1039947171670504
0 0.21860493682763435 0.6692691702679887 0.08331062224483993 0.09179367921622728