0 0.7356602268360566 0.7381644478965135 0.14382216365693304 0.1337945447346042
0 0.44971152193447356 0.5418462020631243 0.10321896113815508 0.09181004364850764
0 0.3208946787035187 0.35780846864439003 0.11131236127032168 0.10884680106368914
0 0.9479085725197062 0.9522759818919077 0.07438302891128555 0.04536757415181606
0 0.8132438698102917 0.6107163806168308 0.09385553700009279 0.09633795683852184
0 0.9480958824740724 0.6802216978307751 0.08904784469240049 0.09619806727968284
0 0.9935341213511444 0.1442596739560852 0.012931757297711335 0.10632878900458684
0 0.5496431148445289 0.3355037422098269 0.08095444456023387 0.0791613098645012
0 0.29174545628362164 0.582555222202214 0.1357287635247667 0.1167577873194227
0 0.08143447187029365 0.47431783614517997 0.1137162074241678 0.1089167458431087
0 0.20749853268564586 0.23832485748240434 0.0812064050375562 0.08396900217219351
0 0.45620116462914867 0.941304332278103 0.10562280729200123 0.0918799884279272
0 0.2481442820851862 0.3707590921089927 0.10612672824664589 0.10149537304331183
0 0.11615748964913411 0.2181112482490975 0.0915776710849078 0.0986718582129485
0 0.5964414526998976 0.6772124817798697 0.12143166684035095 0.11874196479675174
0 0.19584357060709784 0.5901607056866867 0.08917382493106164 0.09860191343352899
0 0.6733424259807806 0.49080023895153657 0.1468559110040852 0.14588372028325453
0 0.904004459346293 0.11453559727652299 0.11547993076542386 0.14257059199695485
0 0.6035304613287914 0.3760672371446151 0.08398819190738585 0.09125048541315153
0 0.8576605947527736 0.2868174041262486 0.07589479177521952 0.07421372799796991
0 0.4850525588837101 0.06774181334686734 0.10815263368450855 0.09435377936119275
0 0.05274662352427901 0.6159920078364727 0.04577861392316973 0.09493906125013157
0 0.6803854373228956 0.3954985919775159 0.09069580941427965 0.08184493513602548
0 0.06039232160786391 0.3714070925960222 0.06931315450698664 0.08602312442894212
0 0.39471411734808004 0.9394821549225312 0.07576881153655808 0.07180988184412375
0 0.2998251843904875 0.9434468967865249 0.11056670145763889 0.04882059199695486
0 0.9686035765227705 0.19550983576046904 0.06279284695445907 0.09344449722873914
0 0.07530053665064262 0.7477489052317843 0.07879233726442592 0.12950218953643144
0 0.2155187210791977 0.2994830448466423 0.10068913474564777 0.08933625271524193
0 0.15117501478605913 0.05940031914262324 0.10081511498430892 0.09174009886908806
0 0.5216379361918665 0.5361420894497698 0.06324565981268265 0.06184477333164159
0 0.32017968374868844 0.16041330491132738 0.08892186445373931 0.09379422112583669
0 0.6497261124426903 0.8670592449810878 0.16481665622895855 0.1680079491238066
0 0.4522720131848334 0.4069510383300617 0.09360357652277046 0.09153026453082952
0 0.3075134293548346 0.7915499480279903 0.0833582907140801 0.0792312546439209
0 0.06946455919509271 0.8201440689648469 0.05804980516972281 0.10009647745492163
0 0.1539396792245714 0.7093480628135385 0.0762727324912028 0.08142526645950837
0 0.2887763594594258 0.8474679125812276 0.0781726576904043 0.07187982662354332
0 0.4478762472582281 0.8283935078267533 0.06602744668251244 0.06912625657259934
0 0.8524101816073762 0.8527354495816777 0.07424682705334007 0.08856686014162726
0 0.7740859896301004 0.897145907384539 0.08095444456023415 0.07916130986450134
0 0.8303585290320317 0.454933883509849 0.0986632293077851 0.09647784639736082
0 0.8768351450774798 0.5378444652546229 0.08310633023675798 0.07442356233622832
0 0.782715765577155 0.21195769819604726 0.07589479177521952 0.07421372799796991
0 0.8590089413069262 0.19770023448539215 0.058186007027668026 0.05689719146511029
0 0.6550650697556287 0.1879855683463407 0.11296032599220086 0.09449366892003178
0 0.49028073878814804 0.16750142873148274 0.13370285808690405 0.12389938100154171
0 0.4193519448207603 0.23817933227810292 0.09891518978510742 0.10128553870505314
0 0.24446364071217672 0.1397450546117937 0.09360357652277046 0.09153026453082956
0 0.3514552377968989 0.04514646852263267 0.07614675225254157 0.07902142030566221
0 0.5935508080227241 0.03289167976156054 0.09069580941427965 0.06578335952312107
0 0.6952001269872569 0.058015875916891044 0.08829196326043351 0.0817749903566059
0 0.7733251269872568 0.055742670585756986 0.09385553700009279 0.09633795683852187
0 0.6327698883198549 0.3138249056993748 0.08411417214604701 0.09365433156699769
0 0.7839023562251519 0.28053725836008214 0.1038488623314609 0.10382927441773827
0 0.9698590983015527 0.5647799994935317 0.060281803396894526 0.09386416590525624
0 0.19112953327658863 0.4542734532149595 0.10321896113815508 0.09181004364850764
0 0.30403709076874313 0.4955271472078159 0.10840459416183088 0.0991614716688851
0 0.35605006610201456 0.4314184172811672 0.09069580941427965 0.08184493513602548
0 0.17891277093370747 0.772420482875686 0.06855727307501969 0.07160004750586506
0 0.23161352676997324 0.7444044176464393 0.09094776989160198 0.0866526274437178
0 0.06894019500187974 0.9020147277544552 0.046418736735759684 0.06135515987570491
0 0.5459044645630654 0.9302679415114098 0.05843796750499035 0.06170488377280246
0 0.9067419093329694 0.6031808419117776 0.0905698291756185 0.07944108898217933
0 0.38565555178615196 0.1464705927080601 0.04857062241228341 0.056617412347432235
0 0.12902791723114046 0.37181751253641226 0.07096111922886585 0.07166999228528462
0 0.39686102181372723 0.10762435795971434 0.04503295411048692 0.03491285218339732
0 0.7111485092008027 0.5920194459678348 0.07614675225254185 0.07902142030566221
0 0.48949240249593756 0.8644990343509467 0.0753908708205746 0.06459834338258529
0 0.1994407786222084 0.9114588635119555 0.050596527850146206 0.04947581866531327
0 0.9053646879233553 0.2553354592250718 0.04806670145763876 0.04700202773204755
0 0.95558838586716 0.27193043740081796 0.053378314719975714 0.05675730190627123
0 0.5459436906365766 0.4716358014095224 0.06855727307501962 0.0716000475058652
0 0.9902279702881018 0.26826758521742067 0.019544059423796403 0.05626768845033462
0 0.9547388494580102 0.3935345025083073 0.08070248408291182 0.0743536175568089
0 0.08886398514405085 0.06482465263829972 0.058689927982312776 0.06651257608049486
0 0.3759379509779256 0.6041805888507026 0.061849655568125814 0.08100559778299125
0 0.541389619209832 0.7522434365679553 0.08563615662926502 0.07689735326949404
0 0.9606088125786635 0.7352303802515586 0.058563947743651784 0.06410872992664861
0 0.9099288513706184 0.7788364730910955 0.07842461816772656 0.07668751893123563