0 0.3582461590629261 0.7985688917354312 0.10688260967861286 0.11474305943986816
0 0.10265192046541438 0.9257386082671035 0.10131903593895358 0.10023606393540573
0 0.12295697213082 0.6474859677828267 0.11877586020918243 0.11254900973948605
0 0.8670052360558931 0.6585590084972035 0.07361692586003425 0.07573605019932309
0 0.7943501548183692 0.8102050293507982 0.1527974254597278 0.16597909590310833
0 0.9387443403589197 0.9255808316744218 0.09182963156223013 0.10247207292648032
0 0.9648343261828372 0.8346813336727201 0.0703313476343256 0.12174480144794231
0 0.4544153376456986 0.7283179657870633 0.12712122081867142 0.13430950299617997
0 0.42865403924311757 0.5122235676850665 0.09751918554055058 0.11938291458478918
0 0.3746049368526992 0.6286571653370027 0.10991635702576484 0.1268042494997917
0 0.2860456806860171 0.614563679447291 0.10422680304744439 0.10989340784148297
0 0.21150434627459241 0.43180234952676666 0.10663064920129053 0.10993536713217586
0 0.7141141556189822 0.6335582130416212 0.1368625856727172 0.13688118631279741
0 0.5258684958062994 0.5766929245788154 0.08904784469240049 0.09521857517424911
0 0.7705126752595746 0.19467355644875778 0.13698856591137834 0.13928503246664364
0 0.773776279441855 0.03101817089405681 0.11650821591328153 0.06203634178811362
0 0.9285808923038855 0.3422495261051477 0.14283821539222893 0.16108748501403028
0 0.9146258958685759 0.7178789154655403 0.09385553700009279 0.09530249375563489
0 0.606599984343438 0.2348283628911785 0.07892853912237122 0.08543535339609314
0 0.6606133110663617 0.2783973919874365 0.09435945795473745 0.10491787837101937
0 0.0706613714623737 0.8432884478023789 0.05893166684035092 0.1163077197798576
0 0.9400756940805206 0.6296140397164951 0.0934775962841093 0.08809095529409643
0 0.8897327871113222 0.8626761351206625 0.07652469296852506 0.08539339410540017
0 0.9697059036110557 0.24040684253905978 0.06058819277788858 0.07573605019932281
0 0.884462060326122 0.6702845242315847 0.11169030198630517 0.11482697802125366
0 0.03767499217171899 0.12205068306714706 0.041222882092799736 0.09918708166808478
0 0.13082741623989125 0.24674207167912823 0.08614007758390971 0.0855612312681716
0 0.6392357669687107 0.2607251998044794 0.09701526458590592 0.1097675299694045
0 0.4354059936331647 0.025741166334884373 0.1592735257278678 0.051482332669768746
0 0.669339933199085 0.858101948680595 0.11131236127032168 0.10761543955971521
0 0.10164586855851618 0.3326660402103663 0.13230685384234706 0.14160496003910417
0 0.9812101616045449 0.04930044955374154 0.037579676790910316 0.09860089910748308
0 0.981742957414651 0.9377320236079085 0.03651408517069809 0.09256297327624588
0 0.9720578114666681 0.43273551449209846 0.05588437706666373 0.09749654345601673
0 0.29734135528475897 0.7382778377889821 0.09398151723875395 0.09770633990948105
0 0.297023083880855 0.18128394168528364 0.06615342692117353 0.07080248001955204
0 0.945172847736038 0.7196533722589937 0.10965430452792382 0.10778327672248676
0 0.5820490406346732 0.5468397477560335 0.08904784469240049 0.09521857517424911
0 0.23221455310781752 0.3219657973291455 0.08474407333935283 0.10475004120824807
0 0.4769641399624201 0.8831142869659833 0.1615309484044844 0.14932000998895653
0 0.9101791514443153 0.5182547864695773 0.12270169084624663 0.09580600524394875
0 0.07789514316487156 0.1778906986767928 0.11093442055433819 0.10040390109817686
0 0.5213673224783668 0.05465969593261806 0.05868992798231268 0.06586890983978126
0 0.603472582019103 0.35879427697702676 0.12763536339260012 0.0982937699791804
0 0.9547363588525718 0.027526424828285764 0.09052728229485642 0.05505284965657153
0 0.9766773636181815 0.711665586919638 0.04664527276363701 0.1191311588406321
0 0.06288637233287661 0.5342473595157232 0.07638849111057976 0.1286206655839382
0 0.04736179852332732 0.6512115315934971 0.031985438193398594 0.10623078296685187
0 0.19744042723255614 0.8061878565195431 0.11384218766282898 0.11006124500425439
0 0.0732831924284386 0.4342150087416044 0.10157099641627589 0.10504375624309777
0 0.9313523927550482 0.6008937637424198 0.11813573739659233 0.14616089660263945
0 0.6291469966577684 0.9634664828960666 0.2022907960197763 0.056367236512120215
0 0.2544245111833012 0.8605322340174161 0.1576153393867044 0.12043189685210993
0 0.807038512854417 0.3636621784519441 0.08398819190738585 0.09032696428517102
0 0.4545175538385403 0.2711676036493658 0.07323898514405076 0.06852451173778434
0 0.31652625682751495 0.0943258872398938 0.06855727307501976 0.0708444393102449
0 0.16456980656127843 0.13306897415192728 0.09751918554055052 0.11938291458478911
0 0.11239852572786775 0.05578315996578388 0.06830531259769736 0.06603674700255259
0 0.09886753209470313 0.028300683067147045 0.07273506418940624 0.05660136613429409
0 0.2180417762584374 0.05153310502145318 0.06349762029000512 0.06595282842116693
0 0.22311165066273617 0.01303842033021351 0.12891560901778004 0.02607684066042702
0 0.3219213034477508 0.01665027285316014 0.052496453049347705 0.03330054570632028
0 0.5784195073580846 0.0873484784005291 0.08929980516972282 0.10002626748194138
0 0.6522509576243211 0.04996906843601263 0.08323231047541887 0.07590388736209418
0 0.691856539853094 0.02914930569654425 0.07551685105923575 0.0582986113930885
0 0.5711603112061417 0.022354318495845397 0.06767541140439161 0.044708636991690795
0 0.8226516308315073 0.13361233891666882 0.059445809414279654 0.08029198676285819
0 0.9181023640534328 0.1644278496565715 0.06805335212037497 0.06122905469486026
0 0.9467697691608792 0.11460353272371857 0.06830531259769729 0.06603674700255259
0 0.5140059101335823 0.4421614585448164 0.07286104442806741 0.06131297327624589
0 0.4965967435537577 0.5002104202080132 0.08209848832746854 0.05426927197747871
0 0.5641615071484144 0.4809857342694213 0.07058317851288241 0.06367486013939928
0 0.6321620907687431 0.4930320279761759 0.09284769509080348 0.07607172452486538
0 0.7121716835390183 0.5505835614432362 0.06843129283635872 0.06844059315639885
0 0.8073023553546489 0.5982469749054082 0.05868992798231268 0.06586890983978112
0 0.5964993320095859 0.7077925418369938 0.09891518978510742 0.1001941046447127
0 0.5578913700708181 0.7974901167617724 0.09525154124464964 0.07611368381555841
0 0.2963505062080215 0.9259666545971 0.07817265769040437 0.07101227647301628
0 0.21499767769323574 0.9346048089421947 0.06299369933536046 0.05633744380578229
0 0.24757047019917788 0.9592997227785726 0.06539754548920662 0.056379403096475315
0 0.3112844048977762 0.33863096653547464 0.07386888633735658 0.08054374250701515
0 0.2945051395112574 0.4086991589679022 0.05400821591328167 0.06818883741224177
0 0.3457996694836821 0.44630053197023756 0.06615342692117346 0.07080248001955197
0 0.3290833942164939 0.5175706474795881 0.08614007758390968 0.0855612312681716
0 0.19927915231481816 0.2214867907105746 0.051478389520774354 0.06574303196770273
0 0.3796357147822524 0.19668424887865046 0.056034121351144335 0.06101925824139613
0 0.8282526406422868 0.26344101086970756 0.04945248408291182 0.07291261113854844
0 0.7121342474678982 0.4350940478318886 0.08196228646952318 0.09749654345601673
0 0.788931344152314 0.4313475043758718 0.08133238527621736 0.08547731268678596
0 0.7908499225876928 0.904101886868223 0.07298702466672871 0.06371681943009232
0 0.8021609296153611 0.9592434908892595 0.07260908395074495 0.05650528096855385
0 0.6239120455400629 0.6110722452587944 0.06855727307501969 0.07084443931024499