0 0.4230115896436424 0.59613491553515 0.11266105598481711 0.10101949847991462
0 0.2035710632026279 0.1877278203173079 0.1737152296359474 0.1504392249235044
0 0.4425708687617686 0.8156961925691777 0.14302004951244113 0.12332551554786328
0 0.5806239293099814 0.8213171717889962 0.130496538849387 0.11583422638493591
0 0.4338964706349904 0.6987180031256948 0.15465255370311937 0.15239546995512837
0 0.11478149539121102 0.6310965554121797 0.12261262719608398 0.10605099134871801
0 0.8527029279979049 0.4941753190000542 0.1778000087692049 0.17453363660224375
0 0.22266780576819614 0.3278222989237181 0.1210492475319435 0.11801427197767109
0 0.2043774630595934 0.03846555821773522 0.12489892003465936 0.0701051993215813
0 0.8443411263749935 0.8719987912059838 0.11266105598481711 0.10101949847991475
0 0.3510384683684238 0.40304291632451955 0.14162476314624178 0.13769264233066253
0 0.14636600208777353 0.11055196282393176 0.0797301230054058 0.07625368511784193
0 0.5935506399015182 0.7397542529790605 0.13256419840735092 0.11108248421752129
0 0.3232755643510424 0.09420363075651736 0.1171325616966272 0.09632370645277785
0 0.6073271735906057 0.9387149872845626 0.1107614897247943 0.10817508680117527
0 0.2333692400445528 0.8806519691071049 0.14900439490572143 0.14026433890534223
0 0.9786598278700016 0.10464235167452006 0.035284239150587274 0.05841965951591881
0 0.4299781049003544 0.20383241626586576 0.09309410015816565 0.09576420505000012
0 0.9620520980401299 0.30771140153424226 0.045302823694454514 0.13305079056570518
0 0.7440184544389192 0.8949452200699793 0.14078429665653622 0.12567341156143177
0 0.23179594380612745 0.4038791536115387 0.10131419840735092 0.11035513239391033
0 0.8029297185245203 0.9621754376594555 0.0848740019089805 0.07564912468108914
0 0.3856844009599866 0.4929363764015495 0.10220520487972679 0.08877646714957275
0 0.07265401112516813 0.5152913090364317 0.14530802225033626 0.16748994856153857
0 0.11417445563272723 0.054424249181303515 0.1081895502730071 0.10571529050705138
0 0.6963265780412292 0.4062640691466886 0.11640964852219217 0.12030621785096166
0 0.9274319954063421 0.4068275903056632 0.09941463214732812 0.11751072071517098
0 0.36005672979960945 0.29129204524081226 0.16583131798264447 0.14065598988728642
0 0.9420319622687653 0.5251475781767636 0.051052062457193105 0.07798612958835473
0 0.42029626691880917 0.4455868051482375 0.0994651721299984 0.08391282470160277
0 0.41512599809101963 0.08911819762553455 0.11299724258069933 0.10582719078760693
0 0.8092496905472427 0.7712600483665071 0.10030563861970411 0.09593205547083326
0 0.3541751442709896 0.8918909127295944 0.1570058598742952 0.18604931610897452
0 0.21012670182233203 0.09397782031730786 0.0900178808125549 0.0860928702943377
0 0.8175180889133387 0.1020956153528319 0.09035406740843727 0.09090056260203
0 0.048581762937186385 0.16606221504540605 0.0616760068602245 0.09263300707254275
0 0.49039453195890026 0.4761114632027248 0.07905774981364125 0.06663830050245724
0 0.4743069954063422 0.3962809888633017 0.09208554037051883 0.08134112812692319
0 0.0004466231690678219 0.7493855533959937 0.0008932463381356438 0.08050187602275663
0 0.31574487260999173 0.16746498830854728 0.09499366641818846 0.0886086167287394
0 0.7198031029611117 0.7764014316377678 0.08453781531309801 0.07636558539839747
0 0.588707761028206 0.2580898199653851 0.0929260068602244 0.09336035889615396
0 0.07358048414638406 0.8071078460365386 0.13340466489705655 0.12310171498675232
0 0.11378772905417464 0.025522145194871892 0.10896300343011227 0.04813488309529924
0 0.0330248962026667 0.9188856872513356 0.0660497924053334 0.08162087882831195
0 0.9703392096219156 0.22363273628990468 0.03578851904441048 0.06563119797745731
0 0.01806347275302623 0.6752020234684295 0.03612694550605246 0.11482712385993593
0 0.6539477937779344 0.25479278144519285 0.1179730281863329 0.10834293722200869
0 0.06113222349089546 0.6924495775364851 0.09532985301407065 0.09341630903643178
0 0.12134481071944028 0.31342518719268175 0.1263612197334592 0.12533771071976504
0 0.0360371006202796 0.31370292801597227 0.0720742012405592 0.10996348141196591
0 0.5564662345569293 0.34040706073002186 0.12054496763812003 0.11080273351613251
0 0.15920154928825464 0.42626708601180574 0.09018597411049609 0.08849671644818385
0 0.6048112109642543 0.06223230856720137 0.14340677609099378 0.0945353118419873
0 0.892619649416158 0.835802228486646 0.047421023235088726 0.09470115238472232
0 0.2045472362568543 0.5525259641680557 0.14609626885805185 0.13299685030352584
0 0.7121103147313254 0.11168101501997924 0.14508770907040505 0.11857377338044885
0 0.5486180694356861 0.9958127839306093 0.09766668583531632 0.008374432138781392
0 0.9038989336945839 0.7433660518441247 0.06268456664787135 0.10705608399561967
0 0.8733025936706584 0.14793754763579134 0.07905774981364125 0.06663830050245734
0 0.1694322103370881 0.951396575285684 0.0880007612372614 0.05724671644818385
0 0.004295735705343751 0.5377351915769766 0.008591471410687501 0.15239346007703
0 0.30160912219944647 0.6450760509692312 0.1313370053390927 0.12785345715416668
0 0.8548645507791242 0.9538464038009352 0.07246804456119695 0.09230719239812948
0 0.6640685782200223 0.5921145449475433 0.11299724258069954 0.10582719078760706
0 0.3683520780563602 0.15544676247836572 0.0848740019089805 0.08117327770608979
0 0.8151653427086027 0.3079042122080669 0.1143925289468988 0.0914600640048078
0 0.8597287798786923 0.2559707492081738 0.09929707883205743 0.08150897854775649
0 0.7221799992243029 0.24313823152681688 0.06703851904441048 0.06635854980106846
0 0.3548699876218897 0.03835667275432722 0.11237540937160517 0.06261391015865393
0 0.267895939421525 0.4901948195279383 0.069778551794139 0.07122219224903859
0 0.44752194434250686 0.9659455400243859 0.06994664509208011 0.06810891995122804
0 0.46391160085820704 0.9064838499516029 0.07458624410183116 0.07133409252959393
0 0.4922452381355724 0.9661334076145838 0.08369734882339244 0.0643463546291667
0 0.692462112087903 0.9686171592226499 0.10170092498590358 0.0627656815547002
0 0.9192042204486317 0.6450041850274046 0.06631560586997573 0.0903410611992522
0 0.5858254649383116 0.4542550571350966 0.0691061786023744 0.06160680763365397
0 0.4503943238581165 0.3078412274944448 0.05658266793932029 0.054115518470726605
0 0.09754969248648544 0.1888717833758548 0.07559480388947805 0.08575716945267099
0 0.13877821358840722 0.7183343937041134 0.07833483663920647 0.0906208119006411
0 0.15195762409329575 0.8053204563647972 0.07100574486239722 0.054451219312393176
0 0.1084450500185583 0.9283072562538462 0.07547725057420723 0.04975542728525649
0 0.3043914582568802 0.7258007226140494 0.08917741432284934 0.07407363952510693
0 0.6678242874994826 0.17686360693616512 0.07631771706391313 0.06177465805448724
0 0.7411262417747401 0.6264128226536331 0.0642984862946821 0.06149490735309836
0 0.7319558004291035 0.46487955415357973 0.0792258431115825 0.06904214665630339