0 0.15174058428223958 0.16351109043737438 0.1355688878736749 0.12617694872292218
0 0.8591856856887932 0.4202098710637859 0.09393411068467554 0.09639882890786512
0 0.6400453537565235 0.21762379344941107 0.10389921919715797 0.1092029566471546
0 0.24853520474178617 0.5917393957955148 0.12623328237596831 0.13500743636824808
0 0.7274231526480192 0.2394058745650368 0.10375932963831885 0.10439526433946228
0 0.6032789649185092 0.1133997789984626 0.10623312057158457 0.10699533473582311
0 0.936570629859426 0.1813708687296186 0.07201971618238218 0.08501742610984848
0 0.8462113611254056 0.7610163090599829 0.09874180299236784 0.09679127739289448
0 0.37826731662459656 0.3715181107088205 0.15811278539074386 0.15919296690555426
0 0.1203121092430263 0.28414480349229865 0.1411459727549818 0.15301170490025928
0 0.31351463132051427 0.7960665172385207 0.10863696672543058 0.10719155897833779
0 0.9224715531798638 0.27649443842722127 0.08905647359756366 0.09360253426898961
0 0.6447871463943922 0.8774549850583454 0.09139037497199053 0.09139491235765827
0 0.9573833940858621 0.4262934176799894 0.08523321182827569 0.09880267506171127
0 0.0800119185084602 0.5139327146828732 0.09888169255120705 0.10159896970058678
0 0.5401751855573165 0.0395661428815358 0.13323498649924823 0.0791322857630716
0 0.3137686867846095 0.8876088953271892 0.09146031975141006 0.09379875851150442
0 0.6069217290937862 0.4456211088355185 0.10114564914621414 0.09698750163540928
0 0.17228382940452358 0.3726702834438248 0.1139342724890595 0.12441093054029022
0 0.7765769936246156 0.5209258316730566 0.10361944007947972 0.09958757203176997
0 0.9002846057412213 0.024530509890369954 0.054982958767200676 0.04906101978073991
0 0.2053101950983921 0.6796022717879088 0.11146048155579387 0.12181086014392953
0 0.9581720793996639 0.3549875076564985 0.08365584120067218 0.09659505315037979
0 0.513896900541564 0.3953853223587682 0.12623328237596831 0.13500743636824808
0 0.7628847237947791 0.6714359750303782 0.08410889173103278 0.08840239347626795
0 0.272102550296565 0.7392080633938589 0.11626817386348616 0.1222033086289586
0 0.9275055547432706 0.11825761838023953 0.06282400024351467 0.09865560606286677
0 0.6115416976261383 0.4801825417025158 0.1167577873194227 0.1390302317058817
0 0.48247969679327557 0.9304616950878043 0.08842697058278841 0.07196791888437423
0 0.13621168473417328 0.8719833002289405 0.08396900217219351 0.08359470116857565
0 0.8520456825425409 0.0047845032484375395 0.11274521123892793 0.009569006496875079
0 0.7612374083877561 0.7390380037018426 0.11860207523791261 0.11999568671762699
0 0.15033287197665382 0.8190251503449029 0.07661757415181605 0.07819833613333944
0 0.9768378707590804 0.6819351622014105 0.0463242584818394 0.08482120186733375
0 0.7120871805018241 0.3334256333069738 0.08912641837698324 0.09600638042283577
0 0.2971202387468997 0.7708996671225585 0.1313906985807582 0.14741911562250848
0 0.15411148060117388 0.4934266862418415 0.11125064721753536 0.11459932168239079
0 0.8831871522827471 0.0857319624378113 0.10149537304331183 0.10900673240463991
0 0.6719304924167614 0.4439288235183917 0.07400389365971122 0.07079057342928631
0 0.6255672164356164 0.5067475391379158 0.11132059199695486 0.11700316783623708
0 0.3208177931054592 0.053327210943729345 0.091320430192571 0.08899106620381202
0 0.06158349168621739 0.21183299626831642 0.11379438293022051 0.1196032382325979
0 0.8771558583541448 0.8307770027651914 0.1008658700285363 0.08737211702002466
0 0.37129494924556394 0.1732989151377702 0.12100592139175904 0.12019191096014187
0 0.6142916545864174 0.6160979615160808 0.0866526274437178 0.09340631002647506
0 0.8466105097748708 0.2778678097587411 0.08637284832603981 0.08379092541109032
0 0.49862364699345957 0.7399937538282493 0.08424878128987164 0.09321008578396026
0 0.8374867611702208 0.6267933729296277 0.09139037497199053 0.09139491235765827
0 0.6606991516933991 0.6376100855236866 0.0691962013520189 0.07039812494425703
0 0.09360129372396543 0.6911305452186872 0.09647784639736089 0.10140274545807224
0 0.20747443815080102 0.09149401630932999 0.11125064721753532 0.11459932168239093
0 0.6537637792588742 0.7719065561534642 0.0866526274437178 0.0934063100264748
0 0.7274750319741161 0.8622717871531276 0.1041090535354164 0.11641449510869305
0 0.38625590586001 0.935906818634545 0.12222070629547342 0.079522750587272
0 0.5033706432578592 0.8203263757395807 0.12135564528885659 0.13221114172937284
0 0.5282813919842667 0.5170984671136061 0.11421405160673756 0.13402631515567484
0 0.5149754089771039 0.22542360790632776 0.12856718375039505 0.13279981445691666
0 0.489795720405012 0.14675889205637097 0.11825235134081534 0.10797645594839646
0 0.42216402785380497 0.06375157423580044 0.13832245792461867 0.12750314847160088
0 0.23804348782885976 0.2311624727185917 0.12347971232502462 0.12279198135650277
0 0.07423786111568617 0.4397078202774144 0.12539394502293424 0.10616128252209424
0 0.07135726333269486 0.382113624706364 0.11563867084871059 0.10056869324434323
0 0.03793897517069007 0.31014530908982396 0.0614693257809612 0.1345170741280444
0 0.22582771656709325 0.9706884582676433 0.12576939257361458 0.036645968303070584
0 0.9526816302246981 0.7777455167478144 0.09463673955060378 0.12740344942168028
0 0.9264769030790295 0.579771502296866 0.13661805956496773 0.1622346410306146
0 0.8033927263128058 0.11754585917743735 0.09654779117678039 0.10380659161191828
0 0.7082088583347059 0.07591975848166331 0.10637301013042369 0.11180302704351543
0 0.6971724675680128 0.017269518636037026 0.12030647359756394 0.03453903727207405
0 0.43852185750184325 0.5376780300540601 0.08191487991544491 0.09541770769529187
0 0.35606952991396057 0.4781457729475323 0.09187998842792708 0.10822183543458135
0 0.4275204391248598 0.4494225072105537 0.09167015408966851 0.10101029697304288
0 0.33930893852579247 0.60601560208583 0.09139037497199053 0.09139491235765813
0 0.4111373178421701 0.8386983167687033 0.1068626235863601 0.12862995012043837
0 0.5409835956302367 0.7052117174629852 0.08968597661233947 0.115237149653605
0 0.7915411313107948 0.37272142234832395 0.0866526274437178 0.09340631002647494
0 0.250421691231315 0.32532949882545614 0.09132043019257097 0.08899106620381197