0 0.38880523039249026 0.29997018339492487 0.13430950299617997 0.12326956540758562
0 0.4326673507690491 0.7462463159061428 0.10761543955971534 0.10823103694145321
0 0.50201677572207 0.31056168064802314 0.15163993756141705 0.15250737023568395
0 0.21288661837826053 0.48562885346100404 0.09032696428517116 0.08139707826720101
0 0.3242276217486462 0.6646014817638886 0.0953444530463276 0.09352820931698712
0 0.7307719605380449 0.1898058517967408 0.1467483266723388 0.14758777764743602
0 0.04368211662943269 0.5737359288053419 0.06957349400510517 0.1313742962354701
0 0.8346077104120423 0.35211940744353565 0.1658532180310298 0.14082384030811979
0 0.4382099544184149 0.30603474398076885 0.21165217282618526 0.14909843143493612
0 0.8486084646593768 0.12093055062222151 0.11491089660263945 0.11320657966997874
0 0.5465590578107058 0.9335764556072111 0.09791613636294508 0.10319954407264967
0 0.7645009122122851 0.05577099069254779 0.1653497065427159 0.11154198138509558
0 0.7595037793419261 0.5270147100794865 0.09791613636294508 0.10319954407264967
0 0.4029826348635876 0.216673815175427 0.1074895616876368 0.10101949847991462
0 0.8167494311897817 0.5689691125521895 0.0854353533960932 0.07647748567895309
0 0.6359513748708288 0.6128568096816234 0.14674832667233909 0.14758777764743605
0 0.6406155631844593 0.3289791629666662 0.16834098276626167 0.1456874827560899
0 0.04762628995455879 0.7996974672668803 0.06906998251679121 0.10252814238931626
0 0.8239196341151763 0.08423043664038393 0.1777465709281823 0.1338920525479702
0 0.8897906499692229 0.8269899181696574 0.0709283578916305 0.07133409252959393
0 0.8683117051630239 0.9741840349570505 0.053094411838079426 0.01325013385534199
0 0.9689050468238676 0.606309638330074 0.06127101398555313 0.06870644581463682
0 0.5771565827907017 0.20660781462067257 0.06371681943009204 0.07116624210876078
0 0.579826457287325 0.7728814342722752 0.07101227647301628 0.07614178483728623
0 0.5248107311383667 0.7897932874986642 0.06388465659286333 0.08078162672414525
0 0.47141043768108265 0.8992532176481299 0.06118709540416735 0.0638987535069445
0 0.5008501048891134 0.8636980716638886 0.03921680569400939 0.04416443301367515
0 0.48101092594329814 0.8292899035553416 0.053807719779857606 0.054115518470726334
0 0.35815693306081 0.8862578742411856 0.0709283578916305 0.07133409252959393
0 0.29181430443905276 0.943112939707425 0.06835667457501306 0.06166275777393164
0 0.2797862606088304 0.8051155864223822 0.058783249250321336 0.06384280336666684
0 0.23923557067364198 0.8240955849609506 0.04419233516447306 0.05389171790961565
0 0.2673833129311867 0.85229831219391 0.0465122627369335 0.04913997574220074
0 0.20957729395115535 0.7093543961895298 0.056253525224396646 0.056575314764850435
0 0.280419003492586 0.5658209938341344 0.06860843031917006 0.07608583469700857
0 0.20191028658417315 0.6145423484633011 0.06595282842116691 0.06160680763365383
0 0.4960159733984463 0.44897865998514913 0.09036892357586392 0.08380092442104715
0 0.6065928964753694 0.4464049535323713 0.08539339410540045 0.07407363952510693
0 0.8505595716765934 0.23270939677606767 0.10757348026902246 0.10582719078760693
0 0.9394511070172167 0.08995829144551203 0.0881329145847889 0.09336035889615393
0 0.9908340009978817 0.35080256926890946 0.018331998004236665 0.0943095014027778
0 0.924451519099697 0.8838989238980761 0.09020108641309249 0.07418553980566255
0 0.4979400174781391 0.6280931735168266 0.08568710914025014 0.09090056260203
0 0.6615660395790857 0.9092562334892624 0.06367486013939928 0.06876239595491448
0 0.728397283335988 0.8115078083374995 0.07834969280663327 0.08352117371965798
0 0.6263685127305965 0.9593743317472752 0.06582695054908837 0.054395269172115505
0 0.4617780506982638 0.14075583089925175 0.0882168331661747 0.09816805120384621
0 0.6023610914075709 0.13507890153915547 0.07577800949001556 0.0738498389639958
0 0.37389018481090525 0.6165515288180553 0.0978322177815593 0.09839185176495736
0 0.11601611075927308 0.7223537593526709 0.06359094155801358 0.06395470364722218
0 0.13795114822546464 0.18797256137521356 0.09294060689248142 0.09347225917670945
0 0.067688055692742 0.22688270589802345 0.07366787837101937 0.0906208119006411
0 0.08279737762007322 0.33474805704957256 0.06375877872078493 0.07357008826260693
0 0.21983758803465042 0.3327608221306622 0.11229725399532911 0.10113139876047023
0 0.29730340596791993 0.15540572320058738 0.09285668831109578 0.08866456686901714
0 0.3084503046935929 0.2429223072548609 0.06852451173778439 0.07127814238931626
0 0.9865210071175118 0.1164835194091872 0.02695798576497638 0.06317140168333335
0 0.566871955538497 0.8573517504985572 0.056379403096475045 0.0637868532263889
0 0.8090818000682506 0.956324044163087 0.060977298950703314 0.05187952273771374
0 0.3163149419296844 0.48682876665982877 0.061229054694860244 0.06630259966079066
0 0.20151838036931763 0.04388267243418797 0.09534445304632758 0.08776534486837594
0 0.40620679320020925 0.9524745388134612 0.06844059315639885 0.06647045008162394
0 0.8369993899815337 0.48913863821276643 0.09294060689248121 0.09347225917670944
0 0.9222249469241628 0.5496803833030441 0.07607172452486566 0.09067676204091878
0 0.9151961419785646 0.6292031318709393 0.08328326298640412 0.09084461246175227
0 0.662312493750565 0.8142483602720614 0.06616262487463095 0.07362603840288474
0 0.6499007330119299 0.7231539820571575 0.053807719779857606 0.054115518470726605
0 0.6036821853098461 0.6929670347224354 0.06595282842116691 0.06160680763365397
0 0.13136018606332706 0.08592100011730758 0.058825208541014126 0.06624664952051289