0 0.3466137539814356 0.3564712072294639 0.12806114904114152 0.12114517866371385
0 0.465490654544003 0.7969428107022188 0.10156290067757467 0.1098352939773406
0 0.46084539437647964 0.3553749050884528 0.14506987929965695 0.1534734968907065
0 0.20475106662982612 0.5601999323764096 0.08697200174072026 0.08006486736519328
0 0.34566196121487996 0.7267405376522711 0.0894457737336404 0.09223814359542305
0 0.6660813533613645 0.21221876927336403 0.14023421665633506 0.14835771366101635
0 0.044203031592224454 0.6689462938353637 0.08247198312495344 0.13264139182781065
0 0.796265843844907 0.3624411699747302 0.157005199061999 0.13982064727262442
0 0.39710151579611225 0.3585042388335189 0.20511009247455164 0.14770924880029584
0 0.7699641891858966 0.12990041640401143 0.10878842430692806 0.11270127651418377
0 0.6087634397794587 0.9598840951671075 0.094309406712592 0.080231809665785
0 0.675250013961825 0.08295023607916806 0.15911535669173452 0.08949392350285416
0 0.750724824660921 0.5434855597154803 0.094309406712592 0.1021616191328054
0 0.3471032348549535 0.27233659184484854 0.10150696000631552 0.10021990936195611
0 0.8142379479723445 0.5800196875088756 0.08213633909739844 0.07494908413550296
0 0.6431313308470089 0.6436016905471805 0.14023421665633506 0.14835771366101635
0 0.6002964416351861 0.3595018495186999 0.15943701555147471 0.14478238504131563
0 0.08257286510781732 0.8938438131726157 0.0919055605587457 0.10200757367180639
0 0.7388610334479521 0.10265744079564038 0.17131639464255735 0.12151415080784894
0 0.930620900145419 0.8291544535593629 0.06769927700650659 0.07162096521566305
0 0.9380623925207522 0.9861534522815697 0.0507464874192503 0.027693095436860587
0 0.9692160990563473 0.601974850512539 0.0556660610694609 0.06844689175682216
0 0.5168051439700515 0.24353333530681337 0.06048773854496813 0.07115882883266618
0 0.6157240465754802 0.8077725750915767 0.06772724734213617 0.07642865752335536
0 0.5638875174218251 0.8309029053724069 0.060543679216227275 0.08077421344805093
0 0.5295553906289613 0.94533280737996 0.05802795171986283 0.061389398756282694
0 0.5526296769433514 0.9059308546440654 0.036295440160543806 0.04317606653036913
0 0.5275641069256517 0.8742653003804995 0.050774457754879876 0.05371572391174722
0 0.4153377354017321 0.9440252633671249 0.06769927700650659 0.07162096521566305
0 0.3584977215909776 0.9877925983473895 0.06516956434232722 0.024414803305220927
0 0.3243761736704851 0.8720657666183954 0.05565207590164625 0.066043045602976
0 0.2869697140238144 0.8949184465882962 0.04115907313949533 0.05309954206775148
0 0.3204907010834199 0.91991162150382 0.043534948957711976 0.048445895221058174
0 0.23952911608246452 0.7824625373683171 0.05319228907654088 0.05627361552659238
0 0.2848883280848579 0.6326681476275671 0.06532340118829001 0.07627461206235656
0 0.21601509833705784 0.6907778519890968 0.06043179787370899 0.0615434442172817
0 0.47807708596488246 0.4935494768151757 0.08698598690853497 0.0824687135190393
0 0.5863690368143851 0.4800488302524364 0.08212235392958352 0.07254523798165681
0 0.7921644025118618 0.2407388482835015 0.10393877649579125 0.10518164713064743
0 0.8555454680841941 0.09330172257716664 0.08217829460084267 0.08216062259704142
0 0.96471688179573 0.34197435224465705 0.046204513300039066 0.09427301760513397
0 0.9627791346982313 0.881714836513618 0.06529543085266044 0.07146691975466404
0 0.509501099207418 0.6723117828463538 0.079816403950441 0.08921811559758087
0 0.7183831802162176 0.9357907606837627 0.06047375337715321 0.06875498267882016
0 0.7682913589217295 0.8307756157111642 0.07257689515327297 0.08394828690689184
0 0.6939880968984787 0.9805469344634701 0.06287759953099936 0.03890613107305978
0 0.39206386957462525 0.19105181748871386 0.08226220560773137 0.09658369952011835
0 0.530459838018464 0.16986135457307686 0.07252095448201382 0.0743329022915071
0 0.38564708161308187 0.6739938262202922 0.09187759022311613 0.09719988136411437
0 0.1492100707155488 0.8067339095039332 0.06044578304152377 0.06394729037112785
0 0.08138033868024988 0.27214149148138705 0.08704192757979422 0.0920840981344239
0 0.02564515312686429 0.3190021923786808 0.05129030625372858 0.08992746168043854
0 0.050437211017025994 0.42406207706505394 0.06050172371278294 0.07356267498651246
0 0.18519943989446597 0.4074482382656108 0.10631465231400784 0.10052800028395399
0 0.23196335990709704 0.222875102024591 0.08701395724416461 0.0872764058267316
0 0.25792317930979425 0.3075022944032718 0.06529543085266044 0.07146691975466411
0 0.9155647035073664 0.1103740129482944 0.04361885996460083 0.06286897214413503
0 0.616429496194978 0.8931861362836145 0.05323424457998517 0.06348515398813084
0 0.8732914054611466 0.9697651544566567 0.05799998138423326 0.05658170644859039
0 0.3070124243429912 0.5499199413919421 0.05804193688767762 0.06379324491012885
0 0.1160271317489466 0.1036250510122955 0.08961359574741791 0.12108429744157675
0 0.47151345374128373 0.9854030512962495 0.0652394901814013 0.029193897407500967
0 0.821924982139586 0.4987510546611033 0.08704192757979438 0.0920840981344239
0 0.9154092639511049 0.5504319045631395 0.07021500450287103 0.09100577990743129
0 0.9221662844586624 0.6290190409461365 0.0774265429644095 0.0914679162904281
0 0.7033036017609947 0.8410394651872694 0.06290556986662921 0.07371672044751147
0 0.6749679065400809 0.7514505350398972 0.050774457754879876 0.05371572391174722
0 0.6246130038196449 0.7265809649743039 0.06283564402755513 0.061697489678280704
0 0.057922261606102414 0.1708414214867821 0.05565207590164625 0.066043045602976