0 0.8494444318582962 0.7346552097704465 0.10445877743251394 0.1272522262058353
0 0.4841430550988231 0.031843284829936376 0.07958097854101819 0.06368656965987275
0 0.530283202895987 0.8205454481755988 0.08424878128987164 0.09225363366845994
0 0.5422566220035144 0.45026909383432046 0.09414394502293423 0.10254139147560902
0 0.14828915697296735 0.3038937351387021 0.08707229612023476 0.10684480388947805
0 0.22225446515230446 0.11160307614737985 0.08693240656139577 0.10203711158178572
0 0.6512839206612149 0.12478360658514821 0.0841088917310325 0.08744594136076768
0 0.21115694632338736 0.905233763503828 0.06452839860316573 0.0740819642080077
0 0.8835955496683392 0.17930797157434952 0.08212471425370346 0.10170092498590347
0 0.8275207886198758 0.8285480330770524 0.09167015408966851 0.09996945202382189
0 0.7148310697977096 0.41421196149306816 0.0744235623362286 0.08436972201515704
0 0.23461576161837241 0.6349103878364415 0.07944108898217933 0.09191744707257772
0 0.4081750719699031 0.3588888733554265 0.0744935071156479 0.08677356816900318
0 0.7970550655750799 0.5152158032623119 0.0891963631564028 0.09739751257203448
0 0.13916699890418377 0.41128512222970876 0.07958097854101832 0.09672513938027003
0 0.599917570396777 0.5709827147368217 0.10170520738157024 0.11506490213866326
0 0.47732705219608546 0.373244936945903 0.07428367277738947 0.07956202970746472
0 0.7775481303172971 0.6497218712373907 0.11407416204789857 0.12792459939759973
0 0.2880583447024773 0.1585791561127205 0.0842487812898715 0.09225363366845997
0 0.576122325050417 0.11084777623952459 0.08919636315640293 0.09739751257203455
0 0.5504658848491799 0.25058176976714863 0.06961587002853616 0.08403353541927473
0 0.08934868252310196 0.7218350159870156 0.06700218953643144 0.07665390365979509
0 0.598268232434956 0.8337836353381226 0.0821946590331229 0.10410477113974974
0 0.42112728597037236 0.7382175557606308 0.10375932963831885 0.10321376466737374
0 0.04684161814615681 0.4513265137053179 0.0817050455771864 0.08727784806282653
0 0.6850591589016463 0.2831518061257824 0.07958097854101819 0.09672513938027003
0 0.4448329305481237 0.12962424559270083 0.07463339667448701 0.09158126047669546
0 0.1486790568863057 0.8676209282069605 0.06961587002853611 0.0840335354192748
0 0.4605145814818204 0.8686053379361518 0.07944108898217933 0.09191744707257772
0 0.6421653756830957 0.35572093065232013 0.06933609091085803 0.07441815080389019
0 0.44579525052360947 0.7149020073966039 0.08933625271524193 0.10220520487972679
0 0.8894467780218618 0.34922462865669135 0.0793011994233402 0.08710975476488542
0 0.7652567786306487 0.12401071339448298 0.08891658403872481 0.08778212795664994
0 0.19759531731626293 0.8354129084019839 0.07208966096180174 0.08660547487106193
0 0.5713938262582712 0.03534413574110237 0.07696729804891361 0.07068827148220475
0 0.7438629248644056 0.7768230374616548 0.11895179913501043 0.13066463214732812
0 0.6659831636113053 0.012276608986504841 0.07874164118798423 0.024553217973009682
0 0.9567010004675905 0.511249137410765 0.052998781289871635 0.09006842079522534
0 0.49148682491894025 0.54617903671622 0.07958097854101819 0.09672513938027003
0 0.14923904714059316 0.06513127607586261 0.0694759804696971 0.07922584311158243
0 0.4105809406785471 0.04006750141660416 0.09414394502293423 0.08013500283320832
0 0.02683964979644073 0.8742941201419352 0.05367929959288146 0.0792258431115825
0 0.6120051554095606 0.11433599215502303 0.12744806727968283 0.09287546687755419
0 0.4171923128695573 0.2551032554951891 0.0666524656393339 0.06463467289056439
0 0.13981658992707977 0.6775237187638379 0.07958097854101828 0.09672513938027003
0 0.1576046744625535 0.03210749980607573 0.09344449722873914 0.06421499961215146
0 0.8955283607406946 0.03415952596376934 0.10856702194601116 0.06831905192753868
0 0.597775005888355 0.7270646214388806 0.06198466289048044 0.06910617860237468
0 0.8354543174574591 0.0014595812774171068 0.07337439064493569 0.0029191625548342136
0 0.2028319270365992 0.7378890458732735 0.07944108898217926 0.09191744707257772
0 0.7143908810941407 0.9240207093977291 0.07832197251146712 0.05345590861103926
0 0.05218516759042029 0.023197995048755884 0.059091203280697883 0.04639599009751177
0 0.3408689701980773 0.8169978956360249 0.09421388980235366 0.10494523762945544
0 0.7613804790183283 0.05410029339008587 0.12326987798676634 0.10820058678017173
0 0.11026939775086428 0.2501768899393461 0.06686229997759242 0.07184621135210285
0 0.29924546430000293 0.43367671742149916 0.0798607576586963 0.10634052399565465
0 0.2761383954569134 0.36212438935757335 0.07661757415181605 0.07732627685155968
0 0.36661587520578576 0.17947438497297089 0.0926493810015416 0.13362329817766797
0 0.3291078400025376 0.06694735565335472 0.09372427634641713 0.08811831455253219
0 0.06947034482423467 0.12708469287433397 0.09174009886908809 0.102373298177668
0 0.03672939389350664 0.221733936021675 0.06431856426490724 0.06687042574646937
0 0.79368687689095 0.25996260771843155 0.10438883265309438 0.12484838005198899
0 0.9481882574054622 0.3091326971984119 0.07923125464392064 0.08470590861103926
0 0.9688528946143312 0.2585091046610367 0.045927132387172026 0.09437183320909423
0 0.9646932027936685 0.07168147785280121 0.06543768073561952 0.10533196420800786
0 0.9533420605195875 0.17323134285713365 0.08198482469486433 0.09689323267821114
0 0.6692094401817983 0.5805310860196058 0.06254422112583669 0.08833694783314364
0 0.22051668493881021 0.5423370409220294 0.09271932578096116 0.1360271443315142
0 0.13204188013952076 0.5737128309122652 0.07675746371065505 0.08213396915925199
0 0.017874072213417788 0.6267567429534169 0.035748144426835576 0.08302497563162792
0 0.06383776752616624 0.650450781221031 0.07414378321855038 0.07475433739977241
0 0.02610161652187138 0.6751951226175573 0.05220323304374276 0.07425005750594894
0 0.03176793892278493 0.7482602903629534 0.06353587784556985 0.09242172696640093
0 0.29774887772381253 0.7324512836815219 0.09979097468366063 0.13172373191764508
0 0.3513550514655413 0.6627315085450184 0.06700218953643144 0.07665390365979509
0 0.42492641462194425 0.5664266024096012 0.06466828816200486 0.07888965651570026
0 0.3179295371222075 0.49234407823515336 0.07139021316760667 0.06256701333260054
0 0.3865790420656619 0.4827457269361389 0.08459850518696918 0.10427286443769071
0 0.4383537897156921 0.4347446138332212 0.07421372799796991 0.07715818355361857
0 0.4584146475633685 0.4873183126132895 0.05738680492104683 0.07598153046803063
0 0.604826566782934 0.44349482193400497 0.06919620135201904 0.06961045849619787
0 0.6632255484507658 0.6625139951972868 0.0744935071156479 0.08677356816900318
0 0.8421593355266737 0.6140173988419507 0.06480817772084399 0.08369734882339258
0 0.904986948860853 0.6396110033695876 0.07180988184412375 0.07699009025567752
0 0.841920164444168 0.41612032439449587 0.04714191729088668 0.0536745418916508
0 0.7876587640340806 0.42591203898278673 0.0622644420081587 0.07872156321775901
0 0.7203603204625152 0.3478540523153872 0.06205460766990001 0.07151002475622056
0 0.641834149258252 0.20221096340204853 0.10347955052064087 0.09359838005198899
0 0.9134060460447769 0.4327121408408774 0.09414394502293423 0.10254139147560916
0 0.8807350398934684 0.5249575378343723 0.07958097854101819 0.09672513938027003
0 0.9323421517762789 0.7300579140684006 0.06480817772084399 0.0836973488233923
0 0.6800468358822265 0.8676478780976152 0.07428367277738947 0.07956202970746472
0 0.5657371158424864 0.9212213400239253 0.12236059585431255 0.08292389566628727
0 0.36256428162598525 0.8958458088104599 0.09937130600714365 0.11730065499456817
0 0.28111329151289416 0.8919455963250738 0.06679235519817289 0.06944236519825663
0 0.08658947682669585 0.9403328760401041 0.06926614613143857 0.07201430465004403
0 0.03089283391210778 0.3446662764637111 0.06178566782421556 0.07184621135210278
0 0.1646578258929991 0.19479614507694892 0.05951087195721493 0.06653423915058714
0 0.2172883858135193 0.2822761530704568 0.05930103761895644 0.05932270068904867
0 0.31001132468514503 0.26979494571510787 0.08665262744371775 0.09242172696640114
0 0.49187354376054554 0.20310140990798461 0.09160020931024895 0.09756560586997573
0 0.5135873526607073 0.11642012506291709 0.07470334145390645 0.09398510663054162
0 0.6507424278791814 0.7617440606967436 0.0650879568385217 0.09331273343877719
0 0.7721881059555776 0.9163807010163727 0.05449334531126427 0.05898651409316631