0 0.7164169869490047 0.9578519082562793 0.13184976248831887 0.08429618348744146
0 0.12016942666510093 0.6373175073591626 0.2015002782572646 0.19288574801530214
0 0.5331934558104711 0.489072571512032 0.0832323555427349 0.0743536175568089
0 0.6536086033492883 0.26965448301688216 0.11962022243176608 0.10658284446868212
0 0.2963263457544884 0.648468064031112 0.09714436989786303 0.09633795683852196
0 0.6688151648658128 0.46771412215443015 0.0862671295585467 0.08163510079776692
0 0.3385396699047726 0.27615168930263617 0.08867097571239299 0.08170504557718636
0 0.7111854059299157 0.6858438678757816 0.1630093184950141 0.13661805956496773
0 0.4899580065242893 0.817979825912438 0.11021514710370348 0.10870691150485029
0 0.5548111804535618 0.324618944311829 0.120251150293732 0.11379438293022054
0 0.6235670666997167 0.847172090565025 0.11805761342720772 0.11612828430464717
0 0.3630619528016392 0.5467813541217956 0.10195206220555547 0.09647784639736082
0 0.59076807829993 0.7124646506073026 0.1245477800334755 0.13549894309425525
0 0.8900866962225075 0.2524356374718228 0.10477652693404539 0.1013554834844727
0 0.7114196862900287 0.14601840621556259 0.09170574972820507 0.08898652881814438
0 0.7562264649454427 0.5979857042644763 0.12484853331410242 0.11153042633521341
0 0.4212451621836184 0.11588550013147679 0.09798560704715069 0.10595334145390645
0 0.7925941709561968 0.1134358423159274 0.08344266483005679 0.07675746371065509
0 0.8492267618350441 0.7332398406307633 0.08323235554273477 0.07435361755680904
0 0.45404851076574193 0.636187551616457 0.1300768441964385 0.11647800820174471
0 0.025790403900392018 0.33309469242944967 0.051580807800784036 0.08588323487010313
0 0.9004131022251437 0.6853249176755976 0.06652529775982895 0.10264021316760664
0 0.7869643123319097 0.48079177335108053 0.09693406061054113 0.09393411068467582
0 0.4709342764440893 0.5258204628777925 0.0836529741173788 0.07916130986450134
0 0.39272210258753704 0.7862309637203745 0.15402486174159527 0.14354981890882795
0 0.41384565540420376 0.7651559065711152 0.11261899325754963 0.10877685628426985
0 0.22312890335619778 0.6174186496332437 0.09263743087079764 0.07222955052064087
0 0.531982272311113 0.9891276319098622 0.08990341013561248 0.0217447361802757
0 0.5056805308488607 0.14244197372904066 0.1605150283478629 0.16292047769843623
0 0.13057537620519968 0.13273251121652027 0.05489726426452982 0.05194960959857892
0 0.8116179010363969 0.405595205350573 0.08867097571239285 0.08170504557718636
0 0.3510775935610418 0.9655474245282919 0.1607863603277776 0.06890515094341619
0 0.5626590970049873 0.7996105045976212 0.07842466323504259 0.07421372799796991
0 0.39925095091695195 0.2020042929934213 0.0679680414703703 0.06431856426490724
0 0.13577535583240793 0.279891712446782 0.13698762937735018 0.14065635929904524
0 0.38727476205320516 0.02211338956855846 0.08121970666282043 0.023942793105459197
0 0.6116655211333344 0.6251089622787251 0.1041455990720796 0.09414394502293423
0 0.794356738780058 0.5340261126327934 0.09630313274857535 0.08672257222313735
0 0.10345092836859152 0.9248219294717465 0.13236082505626767 0.08777174391443
0 0.848311971433976 0.8814261029893994 0.061808049445441396 0.07612796069587965
0 0.031853686652422115 0.2419234005318446 0.04068449662877483 0.05393378707590803
0 0.278219586166525 0.40091974440145933 0.08804004785042721 0.0744935071156479
0 0.27572638606495814 0.470736200032127 0.06577450460384604 0.0666524656393339
0 0.1398480556800577 0.384843716425897 0.07863497252236454 0.07661757415181605
0 0.07818929282934545 0.3734097675456051 0.07037188762421641 0.06438850904432673
0 0.38812253947599823 0.5908899222440606 0.04966895338219365 0.04700202773204755
0 0.3836913337918816 0.6690848670234799 0.06472295816723636 0.054633234870103124
0 0.346612606393876 0.721025227885932 0.08019758152692297 0.067072134315851
0 0.018528468208191533 0.7075572447570119 0.037056936416383066 0.06163493899338317
0 0.6036013050089049 0.9514246467499448 0.09086451257891727 0.07937114420275976
0 0.7290502548386767 0.7984270789929518 0.09672375132321911 0.09153026453082938
0 0.7687987101425221 0.34410015591602894 0.06535388602920242 0.06184477333164159
0 0.7482913745374652 0.3856778501524 0.06556419531652416 0.06424861948548774
0 0.9478547372577639 0.3083407401982685 0.062228668020085164 0.08093565300357183
0 0.9517623498147443 0.4289527165670932 0.03170003987535598 0.060865546419768504
0 0.8782042214888184 0.3882529451641305 0.0671268043210825 0.05470317964952269
0 0.9703589210467951 0.14752785461854445 0.04413988921923052 0.0660229626245583
0 0.8311537837301297 0.8158577814310679 0.07277573377806262 0.06445845382374617
0 0.26319936286453127 0.7378778746164378 0.06535388602920214 0.06184477333164159
0 0.23029739991225223 0.7971696634992674 0.07016157833689445 0.06198466289048072
0 0.05804700333426081 0.8102324303143283 0.11135713753361806 0.09435377936119292
0 0.021962339845905357 0.8655337536795814 0.043924679691810714 0.0665825208599146
0 0.010010942071653258 0.904043126357621 0.020021884143306516 0.06770163733062654
0 0.08521776321310565 0.1277977911767804 0.05510757355185174 0.054353455752425076
0 0.09334518212129643 0.07622001603821735 0.05970495657222213 0.052089499157417944
0 0.4342739875295591 0.3801558256689233 0.13918116624387444 0.13832245792461867
0 0.8181451192624661 0.9924021747157876 0.04684448865370373 0.015195650568424722
0 0.9158708348433057 0.5086422253679053 0.0933882240267804 0.10821729804891361
0 0.2550201816861827 0.19780760622825072 0.07319635235270638 0.06926614613143861