0 0.12713702137926172 0.2371766220814184 0.13126981230450466 0.13534261334175404
0 0.7889158319033174 0.3210431152121044 0.138145467964016 0.12817303038365993
0 0.853114951328586 0.41319261485245967 0.15905565120492055 0.16434260403387066
0 0.9229878033364428 0.5125186900348163 0.1112553165356725 0.11840380892231253
0 0.45618717789955754 0.6281846114860264 0.11125531653567222 0.1184038089223126
0 0.5736762098368156 0.06824309584098483 0.15072450340329185 0.13648619168196965
0 0.3959593577042615 0.5023672805240103 0.10314809060206187 0.09913108418809895
0 0.9030491715987004 0.21824332853806963 0.12517788318305634 0.15933911937677123
0 0.6828469933839307 0.1990972716693386 0.10817970477777222 0.10396674683142085
0 0.0733465985915792 0.8503042355742431 0.14625269389762663 0.1474457551178738
0 0.019688376599895776 0.610381130727516 0.03937675319979155 0.12536361436318472
0 0.19439186899834485 0.624901302470147 0.09056905516278593 0.0870419275797941
0 0.5593288187958765 0.19380789242718524 0.13814546796401614 0.12817303038365993
0 0.02179592893093372 0.23782693238480646 0.04359185786186744 0.0772307506150025
0 0.43755911624539984 0.3831671183914037 0.11103139466765431 0.11359611661462037
0 0.2621475831910255 0.1763112840054508 0.15335227142515606 0.1450838644674718
0 0.23917902208244018 0.9274432812432999 0.1034839734040888 0.10634262264963741
0 0.6397293125279279 0.017496608421734464 0.09073368263645196 0.03499321684346893
0 0.1949056349834282 0.45907787335820677 0.12841812241462242 0.12571324355855465
0 0.04650947000079692 0.12231645048985793 0.09301894000159384 0.11113632978951493
0 0.7020050343620053 0.8971138982536282 0.1434010040077444 0.13781638533467427
0 0.33695334414997397 0.06653071413882168 0.09012121142674992 0.0774265429644096
0 0.7180287036346844 0.34668906969411817 0.09811647642635152 0.09429542154477707
0 0.4929626744962657 0.7673559553884371 0.08553744098707565 0.08220626493647223
0 0.09071048514501874 0.3227019603084566 0.06289517719637912 0.06044578304152377
0 0.5800018244593724 0.36912083964417697 0.08531351911905762 0.07739857262877993
0 0.2710118460949661 0.9921443424638314 0.09190595851619889 0.012550667146192915
0 0.939768687728404 0.3586165955174033 0.08375269389762661 0.14708214075468884
0 0.09224811287501658 0.754066478413508 0.09548870840448725 0.08947374406926983
0 0.0470359572484138 0.9766250325775918 0.04780033466924814 0.045938795111557996
0 0.46094551759494057 0.526021149947565 0.09045709422877699 0.08463808142594796
0 0.7294848158065224 0.4103070817641524 0.09504086466845124 0.07985835945388536
0 0.1875624301727474 0.33295286870426505 0.08531351911905759 0.07739857262878005
0 0.5921657991381836 0.7271260945534763 0.15050058153527382 0.13545449468427234
0 0.5762807803672466 0.42321437068962275 0.09811647642635138 0.09429542154477707
0 0.47176613921459587 0.47428950955252086 0.09023317236075894 0.07983038911825578
0 0.5882604221572586 0.6045858813785816 0.14010147038182608 0.1185716309360901
0 0.3666125154334624 0.9002667522407154 0.08760540433889474 0.0750087116427487
0 0.551316984159537 0.4690203067069403 0.0980045154923425 0.09189157539093092
0 0.20721121779342438 0.7882439670052597 0.18147399312759893 0.18129539362112695
0 0.4223359212964741 0.21983843902410585 0.0857613628550937 0.08701395724416461
0 0.46068218489665597 0.2736872296327928 0.07329428834982685 0.077328646789706
0 0.7596910704975225 0.12294957020483346 0.12785831774457754 0.11369401278932387
0 0.044385348033021015 0.46596156173124686 0.08268575109719342 0.07257689515327297
0 0.6900253925719932 0.7157423875646693 0.10644762422798018 0.11837583858668282
0 0.8967265146055866 0.7409749782409971 0.14407276961179824 0.15223946225775117
0 0.8010961980699142 0.8592878835725135 0.06485117961418915 0.05084438359395394
0 0.8446189979043391 0.8277931431357545 0.047912295603257334 0.04834264126540415
0 0.8172876305946546 0.7438403349327315 0.1185788159312197 0.12084961057960332
0 0.8177980826523903 0.6296856129606689 0.09822843736036027 0.09669926769862322
0 0.7556372793817648 0.5711689817224376 0.08794128714092181 0.08222025010428716
0 0.7210943736105417 0.4872581290228589 0.08358143856926531 0.0918076643840422
0 0.6361760316878633 0.5045745329732999 0.07502636889961888 0.06291955503444385
0 0.666892738436599 0.10306229944191822 0.07592205637169104 0.08215032426521313
0 0.8593716860726524 0.046669009646087764 0.06781483043808069 0.0628775995309995
0 0.9013566800281272 0.0251129153947526 0.06747894763605335 0.0502258307895052
0 0.2971315266946371 0.792527215519897 0.09308486225064111 0.08945975890145519
0 0.05935497391675264 0.6605332485146375 0.07239860087775475 0.0580978775589369
0 0.12358705446654472 0.6745787259067147 0.055123834064795624 0.048384596768848646
0 0.08950193421340048 0.4260463671721191 0.05283194884495846 0.050774457754880015
0 0.8259973859559242 0.9180212849118742 0.11840756060285866 0.06557513420895643
0 0.48378187790752675 0.9644713400038218 0.06781483043808041 0.06287759953099936
0 0.2672252360516975 0.3252798197048383 0.09638439587655935 0.1087045133000392
0 0.30945054336297595 0.47643543145694267 0.08553744098707565 0.08220626493647237
0 0.3627170802345801 0.6227204176461882 0.06049133104253293 0.06043179787370899
0 0.34186950531537535 0.5543506539397207 0.09168866450287606 0.11108038911825566