0 0.9038926386770835 0.4974814003630827 0.1922147226458331 0.19647595812348037
0 0.15858298515106892 0.6582676795417335 0.14020838876506422 0.1466005487518752
0 0.6930171184516565 0.4993045966826599 0.11069083323557703 0.11573727533042771
0 0.7816257351803959 0.582195545649087 0.169558093873718 0.17025228371178422
0 0.13059802884492555 0.3869439807616652 0.11343038023108984 0.1303284455514459
0 0.25677800648600485 0.68751759328281 0.1255055611405984 0.13357275819499775
0 0.8006796095388891 0.10773861019405359 0.15278712093707286 0.1714794767800424
0 0.5076762235475969 0.8637976456284595 0.1647504015660257 0.169916097115902
0 0.5434970510865387 0.17869325510734058 0.12058596855235056 0.1284288792914231
0 0.5421292874668806 0.2750992412080984 0.09861565232606846 0.112492962686876
0 0.34616791530053476 0.7005289104897574 0.1181261722582266 0.1258569398396358
0 0.9407990483982905 0.06889090512040247 0.11840190320341894 0.12378928028167192
0 0.30714185074097256 0.4203462469350396 0.1179023716971155 0.1162415552242512
0 0.6164347670654922 0.7779403539231675 0.13299685030352576 0.14609626885805171
0 0.8052516052401184 0.9248529392124696 0.10431653700010693 0.04809339642685346
0 0.7764583867170948 0.7739736880716208 0.1721857405886754 0.1800357616251101
0 0.9200316601879808 0.16535566787879574 0.15993667962403835 0.1676803442599969
0 0.9133637073276716 0.6560511998679582 0.12556151128087614 0.1359766043488439
0 0.9565669385661326 0.40338697709223525 0.08686612286773474 0.1485506549945683
0 0.43599537584679504 0.21510360736084527 0.10828698708173089 0.11556918203248667
0 0.6638841793307695 0.12693531279208267 0.13791644289177357 0.1512401477616264
0 0.31879941547649615 0.5074142583586597 0.1331087505840813 0.15090396116574417
0 0.06668134965833404 0.8476837191516864 0.09665940729444454 0.13155563861970412
0 0.14835616874882548 0.8395647008678417 0.12785345715416677 0.13133700533909284
0 0.22505645004984048 0.8763370696750038 0.10135519932158132 0.12708413290789403
0 0.33378902837569524 0.8928113328061146 0.12298981470619672 0.1285969725893642
0 0.6523835739097764 0.9259114790163469 0.1167833688915599 0.06816463214732812
0 0.6967697976064644 0.8674292448170038 0.09872755260662394 0.11730065499456817
0 0.8896649663870734 0.879222165597098 0.10588314092788473 0.11540108873454577
0 0.925804574027084 0.7767730574454246 0.07972058393696593 0.12557129322642388
0 0.7667220573697118 0.3039377183457271 0.12796535743472232 0.13614469764678494
0 0.6385638892611649 0.3321614790163468 0.1428360354800214 0.15638402666520093
0 0.5689652560192311 0.3936106159209948 0.10817508680117527 0.11076148972479444
0 0.47630728869369704 0.4988079934973618 0.0911243631631411 0.09996945202382189
0 0.41425388487687004 0.47064244951793754 0.09347225917670944 0.09773369916791684
0 0.4731471107070516 0.4147574247617169 0.12544961100032054 0.1311689120411516
0 0.22652706949861137 0.3188381252719725 0.14182893295502141 0.11311479589597016
0 0.25461689151196604 0.23260234366309296 0.20354764086923094 0.18702866680603686
0 0.10784240077665617 0.23684641945288654 0.12030621785096166 0.11640964852219231
0 0.15183596855235051 0.10977052321995759 0.1772172334574788 0.18998733283637678
0 0.37245828837355777 0.0714694013478351 0.09844780190523504 0.10528142422533754
0 0.4120947797809296 0.11926067781154623 0.09129221358397452 0.10718099048536031
0 0.5576373624910791 0.03179714316796855 0.11527472498215811 0.0635942863359371
0 0.29528243088018163 0.027711804068271173 0.18191101560651715 0.055423608136542346
0 0.36469327814353664 0.3585356534431742 0.10085164805908133 0.10544951752327865
0 0.41718624254620756 0.3380106778115462 0.08849671644818385 0.09018597411049616
0 0.48267756517297045 0.3587125433825203 0.07876943155224361 0.08470590861103926
0 0.5076172585901715 0.7060935826046246 0.11331847995053429 0.12552075324375359
0 0.4224185856012292 0.6145370321528245 0.14937617225822658 0.12804215271287056
0 0.03252194236388949 0.7248689320249212 0.03281660392777784 0.06949290518092692
0 0.032383071952244234 0.7706260555969686 0.03074845861559836 0.08374788880606286
0 0.426222190201069 0.7262318316577 0.07144599281014968 0.07939393640952375
0 0.7283285283170415 0.9302319247465858 0.07066269084626078 0.045740090255677594
0 0.5477253064337078 0.5672505955493766 0.09336035889615382 0.09292600686022454
0 0.6063947317027782 0.5017501861777715 0.09341630903643178 0.0953298530140707
0 0.7304985245192847 0.4027810572666314 0.14456847995053415 0.1277059661169882
0 0.7141711329486647 0.21852536991018315 0.08603692015406003 0.08761403465870875
0 0.8871661406932696 0.30635036114097824 0.11331847995053415 0.12552075324375359
0 0.9934059229596155 0.23483209970979255 0.01318815408076901 0.09028705407583673
0 0.0658370728589214 0.5527923320606797 0.09822400134412401 0.09566603960995292
0 0.12741389554433805 0.5087584447757488 0.08626072071517102 0.09722941927409351
0 0.03838665770256449 0.4596053886121385 0.05752646714957273 0.10001999200649217
0 0.580458990090118 0.6805340447097279 0.09570825490972232 0.0906902540043195
0 0.19312700885411363 0.43554221704878177 0.10308764379209406 0.0984060723596813
0 0.2760667357351502 0.7921101709664529 0.13478524491431632 0.11982205446368528