0 0.6011077722244144 0.5041763249630881 0.10289166583340868 0.11292682896858991
0 0.2824397564925683 0.14353742211159212 0.156783304194652 0.1718500397470087
0 0.8011244311897817 0.6061479807667742 0.12743363886018408 0.14233248421752157
0 0.764970653716349 0.7374643169838683 0.12001230394518157 0.13014540302745722
0 0.6944740553160015 0.5532054053637826 0.15889343531364838 0.1550790668103634
0 0.7260272071663919 0.2271495556150113 0.11027104145771843 0.1227100640048078
0 0.3768212518672259 0.8701993422656519 0.18090568431449913 0.17721723345747892
0 0.40741269355504445 0.2137265466435901 0.12224831293625645 0.12058596855235056
0 0.12275790771674777 0.08095048208402789 0.11512069305610359 0.1252258104392095
0 0.7332137887046718 0.9740952482746265 0.10213639860093775 0.0518095034507471
0 0.4400622465010769 0.3634643849355239 0.14181475649256825 0.140264338905342
0 0.22690562250212715 0.059345851647649765 0.0782657742252475 0.07871348141196588
0 0.6853709952499224 0.7199929623547014 0.11760845779133543 0.13008945288717955
0 0.1588244130854317 0.21995493789407067 0.10052977897025535 0.11527472498215825
0 0.8683299550395562 0.8083518133302892 0.11242313186740752 0.10834293722200855
0 0.9254652491230513 0.4336325689707273 0.14434448051849294 0.14753182750715824
0 0.22976766733023124 0.3609725938150643 0.09774829920017372 0.09358415945726506
0 0.16504593093777647 0.92053621638953 0.13359619505440185 0.08240418079220099
0 0.7861674263175039 0.9193743276513361 0.13219937187718364 0.14004053834423102
0 0.4765516983000523 0.25137881794919914 0.11229725399532911 0.10113139876047023
0 0.9717832355142385 0.14399808744145381 0.0564335289715229 0.09990049567435905
0 0.03363770229157919 0.8946503952828526 0.037064715284320246 0.0585315597964744
0 0.8330363430253265 0.9789598956616457 0.08518359765193614 0.0420802086767088
0 0.514512455042091 0.4300747103678423 0.09306648476456002 0.1006837976382479
0 0.6353435889103317 0.12531978504011804 0.17382002372503919 0.1842609214981839
0 0.1807709933814291 0.03184049129006425 0.11154198676285819 0.05786216799123941
0 0.3412223819883406 0.6891555538334404 0.1221643943548708 0.11577827624465825
0 0.26832739697177543 0.9181343801137823 0.1222902722269492 0.12298981470619672
0 0.3337475449528393 0.32975257876330155 0.14463819555334276 0.1643587505840813
0 0.37976448550790154 0.9699869327204063 0.08029198676285819 0.057134816167628236
0 0.45949672889313287 0.4444128571414534 0.08825879245686757 0.10057189735769229
0 0.12666012175118102 0.3045081743917202 0.10769935814110099 0.11303872924914539
0 0.6506648133053924 0.9342419908794877 0.10027802322609848 0.10085164805908119
0 0.8986960801661925 0.5519515519027786 0.19014343531364838 0.1558064186339745
0 0.11082867882108006 0.016996783375854793 0.06781120379600628 0.030412757773931678
0 0.19179201423502354 0.11259313800502152 0.08804899600340342 0.08855266658846163
0 0.03844266483045728 0.6881154515430556 0.05439514984955729 0.08776936462457276
0 0.3065952828421167 0.013143258270032309 0.09395979645346418 0.014201286240064183
0 0.46805096465684193 0.5215037844853636 0.06865038960986289 0.07848968085085471
0 0.3975841589628325 0.47661199964807727 0.08332522227709688 0.09324845861559836
0 0.8840787268973694 0.12750485532809902 0.08556123126817174 0.08368902414049151
0 0.23007354894943585 0.24083623626303435 0.09053676073863527 0.09341630903643171
0 0.6816691408534127 0.8520646254655454 0.08075353896047943 0.08357712385993593
0 0.2339487000463453 0.5316736458082801 0.09530249375563475 0.0911243631631411
0 0.9031294923810125 0.25530035246388966 0.12486195554356663 0.13266114946185906
0 0.13016434627858137 0.023453999882692415 0.10167484640331657 0.04321529050705137
0 0.9918531905588645 0.24180145779444528 0.016293618882271012 0.10140913958376072
0 0.08411847152234841 0.895825348228686 0.06848255244709156 0.0688742962354701
0 0.8047308241750998 0.12445657762200922 0.11710494630302129 0.10124329904102575
0 0.21095922077520454 0.5912102982516562 0.11259096903017894 0.11795832183739331
0 0.7988619830157321 0.2012118041242528 0.09534445304632765 0.09352820931698726
0 0.4236792494997917 0.11318463423413497 0.1295437699791804 0.12556151128087614
0 0.45242658841139094 0.03936478021837645 0.11158394605355107 0.06026601414508556
0 0.32046618193946047 0.5324859277813571 0.11499481518402509 0.11801427197767111
0 0.519952890233539 0.19111581862126112 0.09045284215724955 0.0886086167287394
0 0.050312308313448934 0.4733348966856304 0.0866102135354924 0.1437851779866454
0 0.9286027591094729 0.9520295316504812 0.05232697802125367 0.09594093669903768
0 0.624849788959212 0.28126205926859027 0.13713294205695448 0.1473639770863249
0 0.06438754432662841 0.5914031089254809 0.11064867507395393 0.1443446793894232
0 0.9579706743204729 0.7816037897445521 0.05220110014917513 0.09973264525352558
0 0.5965092526156373 0.9905015403604168 0.10631470154823766 0.01899691927916627
0 0.04566909964516476 0.7579668653552886 0.06624654345601673 0.07843373071057705
0 0.9896950168569979 0.40037137873787476 0.020609966286004287 0.08715391308151701
0 0.679862785339356 0.06027706847462663 0.15257520854101403 0.06842870499134629
0 0.6835430363359701 0.40877881064204113 0.13203153471441234 0.13042515372884628
0 0.5257460021179639 0.7294934318723828 0.10769935814110099 0.11303872924914551
0 0.20200364198109944 0.2846359884258548 0.08560319055886449 0.0860928702943377
0 0.21275738698281885 0.7630573231815172 0.09568012737187022 0.11275897854775635
0 0.15067697988974718 0.7856410810727564 0.0858129870123286 0.09811210106356846
0 0.17957725961094864 0.6517530482809831 0.06844059315639872 0.06647045008162394
0 0.08322913711135634 0.22540404693685906 0.09331824050871688 0.11510687456132483
0 0.5474171172556436 0.319107141248024 0.0732902447547839 0.06898619651602572
0 0.9439793568886792 0.668343269812394 0.07569409090863005 0.06904214665630339
0 0.8801725355850241 0.6608509757104174 0.0733741633361694 0.07379388882371803
0 0.9278867213988805 0.7100189265227571 0.06873430819124866 0.08329737315854703
0 0.8856543063126158 0.906071258472864 0.09787417707225234 0.10079569791880352
0 0.4977417638544808 0.9774192569259083 0.09231121753208896 0.04516148614818341
0 0.4190177909549754 0.6032615238472225 0.0636329008487064 0.06635854980106846
0 0.32091892107608994 0.42076303176778873 0.056253525224396646 0.056575314764850435
0 0.31433131243731555 0.04335918561394257 0.08779724025924647 0.0741295896653847
0 0.8003095785446347 0.2841444964319451 0.09268885114832442 0.07904918225363253
0 0.8779669430548361 0.3280022086131418 0.05410143481470742 0.07094244154764968
0 0.9903724488002605 0.3342935845772444 0.019255102399478884 0.07507873217200857
0 0.7574058148072845 0.4417352899205134 0.07602976523417262 0.08827291588707262
0 0.13380536775331706 0.5761987399166133 0.0662045841653239 0.07602988455673075
0 0.5356490184760209 0.8150257958248937 0.0611451361134746 0.06149490735309836
0 0.38545667644350645 0.7454511178969021 0.07105423576370903 0.07854563099113239