0 0.7601661005486591 0.19333552527746886 0.11119794510309224 0.11059339642685326
0 0.46621547751830056 0.8107866802871683 0.09604625790208911 0.09996945202382189
0 0.8815589119096133 0.10509965740966584 0.07776211426931348 0.07956202970746469
0 0.8862288308480694 0.5494244692926517 0.11378394382641997 0.11316533587864058
0 0.26157662402001625 0.6933926220357846 0.0930959540397982 0.09258982026434218
0 0.0863289626680539 0.5014458263488696 0.09291380147031668 0.09018597411049602
0 0.29630687362373564 0.8009185957584322 0.0858844155782598 0.09208554037051897
0 0.960185541179826 0.40568150660577573 0.07962891764034798 0.10047373191764522
0 0.9207604159152909 0.7500027998321995 0.13170378232023255 0.12876506588730544
0 0.8663109917230659 0.8287243630499586 0.10934055665769084 0.11763684159045067
0 0.28851959081224676 0.1719431332654803 0.1060259476564369 0.10544951752327866
0 0.8409143814308492 0.23843730897412188 0.11895594127307546 0.11830921478221512
0 0.2687466220978626 0.4053178101527986 0.11119794510309237 0.11059339642685319
0 0.35172085478924703 0.687089123362992 0.07998380785367806 0.07732627685155954
0 0.8452931401397901 0.6948653982753091 0.1184094835646307 0.11109767632067666
0 0.4215966144449742 0.7003273105255161 0.09808579891697224 0.09532985301407083
0 0.32990834505997985 0.9254395858559439 0.07980165528419647 0.0749224306977134
0 0.7362696706042637 0.01708018295671461 0.1119624181316044 0.03416036591342922
0 0.9624018175972358 0.8120743299123817 0.07519636480552859 0.09667459939759973
0 0.23251671307862495 0.9636654577205008 0.09517135780526693 0.05686831455253237
0 0.7609792110022462 0.8578391301929543 0.08238765400752421 0.0774943701495008
0 0.9469091737995169 0.34075239046059436 0.10618165240096616 0.09874225895556363
0 0.9041099677747428 0.43459467378453004 0.11545917970233979 0.10371804456119695
0 0.6212743887752873 0.38549983431211526 0.10085395020978155 0.10030563861970411
0 0.09891400192929883 0.5718550079935079 0.10566164251747373 0.10064182521558634
0 0.046041640286869884 0.24085538861213854 0.061117343761871945 0.08078922277572295
0 0.22033326111520546 0.9463930314073897 0.07961950271471488 0.07251858454386724
0 0.9400461382140637 0.6337189413002431 0.1199077235718726 0.12345309368578966
0 0.34638321674012623 0.5847575685265893 0.08719534631521651 0.07783055674538303
0 0.6806999846942232 0.5637964462666184 0.12394578615024934 0.1210492475319435
0 0.3983268841598544 0.9194470037876985 0.09069210788595218 0.09242172696640119
0 0.45783362050559495 0.5407154445666934 0.09032780274698901 0.08761403465870889
0 0.6350018793544704 0.1839634839675909 0.10012533993185521 0.09069025400431949
0 0.7042500408749484 0.7470183038440846 0.12784271561053373 0.10936620335859495
0 0.13877612800425818 0.4760291117605788 0.08515580530033347 0.08247015575513422
0 0.22847723109197143 0.1290183257670969 0.09568195276312594 0.09516175971612954
0 0.4006698391464391 0.5676702688277895 0.074629657837541 0.06977855179413886
0 0.8958536303890872 0.054560111521261195 0.07739780913035005 0.07475433739977239
0 0.2051702186479894 0.2998089560054446 0.0781264194082766 0.08436972201515704
0 0.14171275871608605 0.7380230725384747 0.10453286434999863 0.11730065499456817
0 0.19300895628469256 0.5060689520086907 0.09531764762416284 0.09035406740843727
0 0.4005858599030813 0.9652041273597459 0.061917679540969564 0.028240793986990063
0 0.7060602113035512 0.13307951480833893 0.11859163613411229 0.11350152247452278
0 0.3769333721714026 0.14280309613114944 0.08792395659314287 0.08744594136076768
0 0.15140786434999862 0.10057537184942579 0.10788333610183833 0.09840607235968134
0 0.48805817236504695 0.2220294992091718 0.12394578615024934 0.1210492475319435
0 0.34856762816562853 0.5338565660509673 0.08479150016137037 0.0776624634474419
0 0.275232389098028 0.5546924582871424 0.09586410533260753 0.09756560586997573
0 0.41488999330818843 0.4204725968917154 0.10566164251747373 0.10064182521558634
0 0.4416815135807196 0.5986346222145775 0.07240796425317643 0.07201430465004403
0 0.10590326684594023 0.36112350627845163 0.07259011682265801 0.07441815080389019
0 0.7126327963636275 0.044414617054278106 0.08533795786981511 0.08487400190898041
0 0.9306473495104698 0.4187680738202887 0.13870530097906034 0.13061409216465783
0 0.5384134219687664 0.32846286649520207 0.13097517204230621 0.1191496812719208
0 0.5556362547104085 0.06595526921563809 0.13501839132148666 0.13191053843127618
0 0.6371655205881267 0.013650743698851588 0.13010027194548412 0.027301487397703175
0 0.6528098713716961 0.05363363850004527 0.10398640664155377 0.10726727700009055
0 0.5403109313895833 0.528906610403109 0.09513549505468132 0.08795022125459112
0 0.6219025078428396 0.8881052804302028 0.07703350399138714 0.06994664509207983
0 0.7847897213627042 0.32694235010520667 0.07517611554598548 0.07699009025567735
0 0.763738845845396 0.38399579127205014 0.07703350399138714 0.06994664509208011
0 0.686085739236116 0.3000122358690057 0.074629657837541 0.06977855179413893
0 0.5416671398027588 0.00896060470643009 0.08333427960551767 0.01792120941286018
0 0.36704333929351896 0.06012254377036884 0.08996349760802584 0.0828063423510165
0 0.16743587105610064 0.23236667706611144 0.06982196552984868 0.0694423651982567
0 0.5460666687035457 0.5889187176002922 0.07739780913035031 0.07475433739977241
0 0.6856331966289654 0.45349693312794215 0.08719534631521651 0.07783055674538303
0 0.2932211142764587 0.34560838288519735 0.09273164890083503 0.08778212795665
0 0.2695634698439765 0.2566408052015545 0.074629657837541 0.069778551794139
0 0.3604462467490698 0.8181827853965781 0.07998380785367806 0.07732627685155954
0 0.22677748773167872 0.808197147552571 0.07499396297650417 0.07458624410183116
0 0.032199464414546755 0.13791023724160675 0.04764089243678858 0.06071798705524804
0 0.8205949550080203 0.4646004473999017 0.07776211426931348 0.07956202970746472
0 0.9732259618647748 0.5450205368798821 0.05354807627045041 0.06977855179413886
0 0.8173105311242455 0.10234259134356735 0.07794426683879507 0.08196587586131085
0 0.5644820095964777 0.8159981324897833 0.06760027194548411 0.07167811805416154
0 0.5033122911170038 0.8698154976880399 0.08275195914648738 0.0823020624571931
0 0.8041710386371992 0.5986610121387925 0.08293411171596897 0.08470590861103926
0 0.37686306607850784 0.2853864390488076 0.06705381423703936 0.06446657959262321
0 0.3936182636542596 0.34704597255910197 0.08275195914648738 0.0823020624571931
0 0.08501093488971419 0.11730121496100822 0.07739780913035031 0.07475433739977241
0 0.4785489565931428 0.04870043618533703 0.07739780913035031 0.07475433739977239
0 0.8933242646081911 0.16469153136199627 0.0727722693921396 0.07682199695773632
0 0.9426224615456067 0.22528372842700845 0.08034811299264123 0.08213396915925199
0 0.9522062416352355 0.49527091749851276 0.07998380785367806 0.07732627685155954