0 0.15221813598703246 0.6111345604402847 0.16306420938854285 0.18769762986910948
0 0.1805645292092371 0.15932246503611724 0.16069622598528238 0.15644762986910934
0 0.183045778497361 0.4144238723786593 0.17402638749146987 0.14227630869018937
0 0.4722732093956881 0.4671440041238666 0.15071653623093467 0.15147210039864575
0 0.36297419312168916 0.6447646971799702 0.13330729269498115 0.17517488761156458
0 0.1268012764352727 0.9268985720533339 0.11393023364531595 0.14122732642286862
0 0.357523289187705 0.31870786900827375 0.11655209511922944 0.11246509115810051
0 0.35657240536488166 0.09968513361877031 0.19081744781780716 0.1737780644343464
0 0.5549369310739878 0.7003861032751603 0.12431009128921265 0.11980250749171753
0 0.6487487207172229 0.08014302323116804 0.1276247002904666 0.131863697551641
0 0.9771042502456281 0.5421734534281377 0.04579149950874385 0.10723780594347988
0 0.2632683718629523 0.5995680688076834 0.10599008490585121 0.13148606393540546
0 0.7279529629836493 0.3471438667630399 0.11524116438227267 0.12684620879048458
0 0.7329277153020837 0.523973416588157 0.1038042540720722 0.10263991008925161
0 0.6791531072619065 0.6560949531761325 0.06796457708444728 0.0732063261733984
0 0.675075444640417 0.7452260776765579 0.054270110439296707 0.08256995504462594
0 0.8000037191392456 0.8056281131419163 0.09772149377800907 0.08572906843094276
0 0.9175397220153308 0.9431840016291623 0.10733687839339368 0.08589690559371431
0 0.8788766802007414 0.8776656624680926 0.07517611554598574 0.07333220404547693
0 0.9863947409933268 0.8619479308257154 0.02721051801334631 0.09770633990948105
0 0.9405883376976788 0.2339086120192994 0.11882332460464248 0.1485227834657927
0 0.7591241404410951 0.017723588289190514 0.07076859112784242 0.03544717657838103
0 0.8223003760014194 0.14691741134420835 0.08147689116011628 0.06143885114832442
0 0.8953251040559352 0.07824604208899905 0.06188181679038388 0.05629548451508947
0 0.15555351518013255 0.7663294948807865 0.11731656814774134 0.09087243506417791
0 0.04645973955171154 0.20017568306714703 0.06887533993185514 0.08522555694262902
0 0.05851909129635779 0.40696939123395554 0.061117343761871945 0.07788814060901203
0 0.5101259795732437 0.034496385491065956 0.11159811299264123 0.06899277098213191
0 0.9073872946171347 0.4439033928631178 0.0727722693921396 0.0732902447547839
0 0.8706906489079802 0.3566874993813936 0.1073368783933934 0.08589690559371431
0 0.36419688639045833 0.7879613804965877 0.07535826811546734 0.07573605019932309
0 0.8664516039088554 0.5866324406899367 0.10824764124080133 0.09791613636294508
0 0.2073008359476132 0.30568434503122927 0.07867287711672127 0.08779724025924647