0 0.9142607969760803 0.5565065284776516 0.17147840604783937 0.16905429070803962
0 0.22932722923789509 0.2209622995769142 0.1316769526490413 0.1295857292698733
0 0.7132578479965646 0.5024436994302738 0.1038488623314609 0.10268186937994464
0 0.8209372255842808 0.445225110519942 0.15900112201197694 0.14687420454441763
0 0.13191524110106287 0.4740943500257075 0.10460474376342785 0.11710494630302143
0 0.3325666336146185 0.21675420392327632 0.11662397453265864 0.1173147427564856
0 0.7198104808105701 0.9029358397898153 0.14242615941237619 0.1513881818172601
0 0.6240244833521887 0.10820684690732711 0.15431940994294602 0.14919413211687804
0 0.4843902028301607 0.7723065877902496 0.11396816790149017 0.11246509115810054
0 0.50838611748786 0.6792549993788588 0.09170365132356896 0.10006822677263418
0 0.42327777545782447 0.22599803821460288 0.11143834150898285 0.1100192857135615
0 0.8523897383688079 0.9535546534770177 0.125997620290005 0.06704376997918068
0 0.3141615071484144 0.4853495005014757 0.11333826670818435 0.10044586038886977
0 0.707944574330602 0.21742009303673318 0.12433943394884149 0.12705600524394875
0 0.9407022744665754 0.09064898976664269 0.09891518978510742 0.1001941046447127
0 0.8641213625919872 0.25920585227854587 0.16190888912046775 0.156531548450495
0 0.8580997355856965 0.8788675855450158 0.16836454615003923 0.1422343493994966
0 0.9542230464804559 0.4053849987577175 0.09155390703908822 0.11971858891033176
0 0.9529930139505013 0.6640292363949896 0.09401397209899734 0.13422558441479446
0 0.38862962982122434 0.7126239435588467 0.10144501617761474 0.10263991008925188
0 0.589572079286848 0.851073143734997 0.12952506697251742 0.134351462286873
0 0.3484027076148042 0.4041493056965442 0.12459139442616406 0.13186369755164107
0 0.17129786730674063 0.03389070554483412 0.12144188845963508 0.06778141108966824
0 0.26472780590044565 0.049899422453247 0.12080176564704513 0.099798844906494
0 0.34854747068840813 0.043029641609428584 0.09132571060758547 0.08605928321885717
0 0.45937635424265355 0.04697716845791787 0.11586809310069167 0.09395433691583574
0 0.7886981665099346 0.05961759928109846 0.11346424694684523 0.10284970654271584
0 0.8091734056983891 0.15189294081467197 0.09195561180089129 0.10487591908032655
0 0.9763871368679262 0.18615246691474996 0.04722572626414763 0.09952275599362742
0 0.9873831932989414 0.2929767632434789 0.025233613402117126 0.11605596403570068
0 0.7359853990519937 0.7065608260537327 0.11902782068650453 0.11735670204717835
0 0.6163123447432568 0.6497016208831041 0.1345847197575321 0.1392430731759508
0 0.5642040540291766 0.5736177297738838 0.10359690185413857 0.0978741770722522
0 0.5000237640458194 0.45082667582743485 0.08386221166872468 0.08792311813132486
0 0.43208105973517924 0.46283982330448825 0.08854392373775583 0.08560319055886449
0 0.4753349580754837 0.5306571103926719 0.11877586020918247 0.11254900973948619
0 0.20989381762383336 0.5617568993518838 0.13687280729200124 0.09125006868041338
0 0.2158199996505498 0.6518801504757682 0.19556273527431406 0.15711897852019463
0 0.08020188393551805 0.6121415834169126 0.10119305570029241 0.0978322177815593
0 0.10022597066937435 0.7417184996257943 0.13116281007511252 0.165601462286873
0 0.2890964208657208 0.8334605369647158 0.09119973036892431 0.09045284215724955
0 0.3413562458666725 0.7976606836933579 0.08664399853855433 0.09517661588355636
0 0.4558862140324958 0.9400242644882961 0.11080844031567703 0.09800005494433059
0 0.19356225428589624 0.8928731755754297 0.1782421128620305 0.10157876123757603
0 0.35520052969286453 0.5568145161111214 0.09360357652277046 0.09049480144794245
0 0.40143540688027457 0.5896921153871502 0.08335829071408003 0.07830773351594025
0 0.4710209651031519 0.586071449803212 0.07361692586003425 0.07573605019932281
0 0.5826194021146649 0.25930739698191474 0.1067566294399517 0.112339213286022
0 0.47670885867784674 0.32732231393920774 0.14484022718550668 0.10579902347556883
0 0.10991635702576477 0.12319575050020828 0.05616010158980546 0.06342310439524229
0 0.07141738249310617 0.009195791708456308 0.04668091883236618 0.018391583416912615
0 0.10973760828705721 0.07387494505566929 0.07614675225254162 0.07818185564386185
0 0.5096272666382943 0.2208817345188917 0.06843129283635846 0.06844059315639871
0 0.8609344205543382 0.08362018482104457 0.06590146644385114 0.06599478771185976
0 0.5877113801611576 0.4023782024264537 0.08829196326043351 0.08079549825117219
0 0.6278004401060069 0.4786718899891382 0.08841794349909467 0.08319934440501833
0 0.7257605564818715 0.6032793600197337 0.14003253487781436 0.10571510489418319
0 0.6626527589307596 0.7764131387405186 0.08082846432157272 0.07586192807140134
0 0.8541466904967965 0.7345738773782072 0.1067566294399517 0.112339213286022
0 0.9678365784703238 0.8395309852711054 0.06432684305935236 0.0854353533960932
0 0.947454099257857 0.9494304764047657 0.10509180148428608 0.07159970654271593
0 0.11076244302889825 0.3000253003253255 0.09309965556812584 0.08087941683255782
0 0.16059797863743544 0.3556974787721999 0.07905451936103237 0.08783919954993936
0 0.054760646939231994 0.3791992825926463 0.0648834029152778 0.0923951361134746
0 0.6486519596068194 0.3026666296247086 0.09284769509080348 0.07607172452486552
0 0.20599865184462168 0.44152263236888334 0.09815930835314052 0.08577102772163578
0 0.06771284747551175 0.1672412281472564 0.05438615662926509 0.07540037587378022
0 0.37807118341827206 0.1209211357418038 0.13016518978510744 0.10073957542371953