0 0.7548076923076923 0.8970509649984616 0.1201923076923077 0.10166079685227832
0 0.052884615384615384 0.4371923263080745 0.09134615384615384 0.0774545133000392
0 0.8509615384615384 0.587597327516639 0.08653846153846154 0.0822342352721018
0 0.484375 0.5512685271468569 0.09615384615384616 0.0919055605587457
0 0.35216346153846156 0.13737424983820923 0.10096153846153846 0.08472199243283685
0 0.15745192307692307 0.1877858945850539 0.09615384615384616 0.08469402209720724
0 0.15625 0.620485194861269 0.08173076923076923 0.08220626493647223
0 0.9471153846153846 0.2781436900348163 0.06971153846153846 0.06290556986662907
0 0.20192307692307693 0.8594021689804803 0.09615384615384616 0.07988632978951507
0 0.8485576923076923 0.8868901588382999 0.09375 0.08948772923708476
0 0.4411057692307692 0.7209914140136771 0.07932692307692307 0.07257689515327297
0 0.6778846153846154 0.2664888749839197 0.08653846153846154 0.07742654296440964
0 0.39783653846153844 0.4051373778035743 0.08173076923076923 0.07259088032108761
0 0.5384615384615384 0.816578860871024 0.09134615384615384 0.08706989791542369
0 0.4579326923076923 0.14276851783897357 0.09134615384615384 0.0774545133000392
0 0.6009615384615384 0.6263114003539931 0.10817307692307693 0.0991870248593581
0 0.4098557692307692 0.47718283657988486 0.07451923076923077 0.07254892481764326
0 0.6730769230769231 0.8145937683964724 0.1201923076923077 0.11127618146766292
0 0.20192307692307693 0.25964255359586474 0.08653846153846154 0.08223423527210194
0 0.14543269230769232 0.5436250511933587 0.09134615384615384 0.08706989791542383
0 0.2848557692307692 0.535602372998562 0.07932692307692307 0.06776920284558066
0 0.7692307692307693 0.1313420539915728 0.07211538461538461 0.06532340118829004
0 0.8617788461538461 0.6572459327230108 0.0985576923076923 0.07990031495732972
0 0.7740384615384616 0.4678525451944048 0.09615384615384616 0.10152094517413032
0 0.5012019230769231 0.055978323279845706 0.08173076923076923 0.07980241878262616
0 0.3125 0.6736626974148456 0.09134615384615384 0.07745451330003907
0 0.16826923076923078 0.4124825767145027 0.08653846153846154 0.0726188506567172
0 0.9122596153846154 0.21103878266043857 0.07932692307692307 0.06776920284558059
0 0.9014423076923077 0.5248036389925282 0.08653846153846154 0.07742654296440964
0 0.3858173076923077 0.6407842267195712 0.06971153846153846 0.06771326217432151
0 0.75 0.48962701225716815 0.09615384615384616 0.0870978682510534
0 0.3713942307692308 0.888464291572614 0.08173076923076923 0.07980241878262608
0 0.15144230769230768 0.7346958575045909 0.08173076923076923 0.08701395724416454
0 0.9411057692307693 0.03659211449281486 0.08653846153846154 0.04377269681056344
0 0.8786057692307693 0.25570572885599957 0.08173076923076923 0.07018703416724154
0 0.06009615384615385 0.5272946015738609 0.08413461538461539 0.0750087116427487
0 0.8004807692307693 0.7958237083484421 0.12259615384615384 0.11609785894317017
0 0.026442307692307692 0.6176346246924987 0.052884615384615384 0.0772307506150025
0 0.5288461538461539 0.9740867246192064 0.08653846153846154 0.04617654296440977
0 0.5805288461538461 0.5146514281265728 0.09134615384615384 0.0774545133000392
0 0.11538461538461539 0.10870371194488977 0.07451923076923077 0.06774123250995098
0 0.06850961538461539 0.3661879611788168 0.09615384615384616 0.0919055605587457
0 0.921875 0.08117514968148708 0.07451923076923077 0.06774123250995098
0 0.1466346153846154 0.5796757509171435 0.08413461538461539 0.1254894808735179
0 0.2932692307692308 0.4021399633727487 0.06009615384615385 0.06525347534921594
0 0.7235576923076923 0.17728084910313086 0.09134615384615384 0.07745451330003919
0 0.06370192307692307 0.11140823920675405 0.09134615384615384 0.09187759022311613
0 0.04326923076923077 0.850709805440872 0.08653846153846154 0.10627269681056362
0 0.7560096153846154 0.643438203183785 0.06490384615384616 0.06047375337715328
0 0.013221153846153846 0.7859807738847109 0.026442307692307692 0.0722692214613474
0 0.78125 0.24785866661403733 0.08653846153846154 0.07742654296440964
0 0.9567307692307693 0.7865012109020187 0.0625 0.07728669128626163
0 0.06370192307692307 0.015541088993111222 0.06971153846153846 0.031082177986222443
0 0.8545673076923077 0.3964705805341475 0.0985576923076923 0.09191954572656048
0 0.07932692307692307 0.7206923356159578 0.10576923076923077 0.12080765507615883
0 0.29927884615384615 0.09321076968398091 0.0673076923076923 0.06529543085266044
0 0.47475961538461536 0.30613216012580846 0.10096153846153846 0.07751045397129835
0 0.4050480769230769 0.2740858069155145 0.07211538461538461 0.07493878580367469
0 0.22115384615384615 0.34126144148411564 0.12740384615384615 0.0896835215864919
0 0.11057692307692307 0.2890201438189809 0.08173076923076923 0.09182164955185698
0 0.1778846153846154 0.03928586200746203 0.09615384615384616 0.07857172401492406
0 0.27403846153846156 0.023332210563814314 0.0625 0.04666442112762863
0 0.2848557692307692 0.7807946806908697 0.11778846153846154 0.10164681168446339
0 0.328125 0.9416006399778957 0.07932692307692307 0.07738458746096527
0 0.2776442307692308 0.9623270208096988 0.09134615384615384 0.05581989791542368
0 0.09254807692307693 0.9393654171929764 0.10096153846153846 0.08472199243283668
0 0.1935096153846154 0.9375761170678321 0.09134615384615384 0.0966852825308083
0 0.6081730769230769 0.6959809833120872 0.08413461538461539 0.06058563471967177
0 0.5853365384615384 0.24058499625248167 0.12980769230769232 0.08969750675430668
0 0.6201923076923077 0.1562475959345517 0.07692307692307693 0.07496675613930427
0 0.6778846153846154 0.03331579806084277 0.07932692307692307 0.06296151053788829
0 0.6995192307692307 0.09689185462743267 0.06971153846153846 0.07252095448201372
0 0.7247596153846154 0.05467770267306963 0.06971153846153846 0.06530941602047526
0 0.7980769230769231 0.06506846274702602 0.08653846153846154 0.08463808142594806
0 0.7728365384615384 0.34285953777831213 0.125 0.09688107488021558
0 0.7007211538461539 0.38775024665890984 0.07211538461538461 0.06532340118829001
0 0.6021634615384616 0.4484197923854704 0.07451923076923077 0.06293354020225864
0 0.5324519230769231 0.332238823790561 0.057692307692307696 0.0700471824890936
0 0.5204326923076923 0.4008183650142504 0.0985576923076923 0.08230416111117587
0 0.47115384615384615 0.4467781378775306 0.07211538461538461 0.07253493964982848
0 0.5228365384615384 0.4729197644618202 0.07211538461538461 0.055708016572905396
0 0.47475961538461536 0.6138244678181162 0.06490384615384616 0.0676852918386918
0 0.6899038461538461 0.7015151029909995 0.08173076923076923 0.07259088032108761
0 0.6358173076923077 0.8737047692668326 0.07932692307692307 0.06296151053788836
0 0.6586538461538461 0.9396776794033611 0.07211538461538461 0.07013109349598232
0 0.43990384615384615 0.8496041758283538 0.05048076923076923 0.04596676544718757
0 0.45072115384615385 0.7954547041116486 0.07451923076923077 0.06052969404841235
0 0.375 0.7177702368978148 0.0673076923076923 0.06048773854496813
0 0.23317307692307693 0.6212395925681187 0.08653846153846154 0.10146500450287103
0 0.4519230769230769 0.9216496346046644 0.09615384615384616 0.09190556055874584
0 0.5456730769230769 0.900671520752195 0.09134615384615384 0.07745451330003907
0 0.7463942307692307 0.9716191438550441 0.07932692307692307 0.04853843361481143
0 0.8942307692307693 0.7435955944959727 0.07451923076923077 0.07254892481764312
0 0.953125 0.6362818040383563 0.08173076923076923 0.12066780339801077
0 0.9314903846153846 0.4296769013179202 0.11057692307692307 0.09679716387332686
0 0.9314903846153846 0.3467442090102279 0.06490384615384616 0.06528144568484565
0 0.9759615384615384 0.1577835603287311 0.04807692307692308 0.06758739566398823
0 0.39663461538461536 0.02779027367613671 0.0673076923076923 0.05558054735227342
0 0.24278846153846154 0.1404144211276286 0.0625 0.058055922055492405
0 0.328125 0.2048217938240495 0.055288461538461536 0.058013966552048046
0 0.3125 0.2962588512609995 0.08653846153846154 0.0846380814259481
0 0.23918269230769232 0.470964245033197 0.09134615384615384 0.08947374406926997
0 0.15264423076923078 0.4810830956899143 0.0889423076923077 0.07263283582453212
0 0.7884615384615384 0.7009417111105929 0.0889423076923077 0.0630174512091475
0 0.9447115384615384 0.8442634444334005 0.06971153846153846 0.05329018525124459