0 0.2926371116400241 0.22376384710509056 0.08809095529409629 0.09448794428827006
0 0.5655101498546269 0.6168752432064045 0.1495717657331136 0.177666003890167
0 0.2592836875677541 0.7589581478689262 0.13464517732172268 0.1478955772780194
0 0.026697416959827865 0.6181897166993212 0.05339483391965573 0.20112056660135755
0 0.8992881112683533 0.6158956164352419 0.12469411838079535 0.12804862620325444
0 0.7187770629375237 0.03493924038106512 0.13376403221717334 0.06987848076213024
0 0.3143529158372109 0.42406944668767843 0.1784598788699602 0.18191839557600067
0 0.6016219680373669 0.7490259004458059 0.13654551198725484 0.11920346889286457
0 0.6145758460316457 0.35080424833177 0.11984446678241029 0.12533668912741042
0 0.18908899350869912 0.30963770227446924 0.23901758491373523 0.21221183979328234
0 0.4724077890915516 0.7921231018400192 0.09306648476455989 0.10441141982565255
0 0.2965372196601921 0.6881378505693265 0.06616262487463108 0.07627461206235663
0 0.4236500805480026 0.4903006631740342 0.1027238286706374 0.10743144782349472
0 0.4147182111680581 0.5893204918647234 0.09808397352571638 0.11673874151688132
0 0.29778991508879965 0.547589873299826 0.09812593281640919 0.11914258767072748
0 0.24080210227727847 0.6484886881335712 0.07366787837101937 0.09356367152227645
0 0.15016925637290274 0.6134770310361469 0.08577102772163578 0.0991415911349635
0 0.15772863574433865 0.7306493107306127 0.09041088286655678 0.0898342974415769
0 0.046968355396926245 0.719783578513218 0.09393671079385249 0.0973539268251131
0 0.09816305632402257 0.7728849629866255 0.0951346565928634 0.08533469605588259
0 0.018715714912649437 0.8012671380441264 0.03743142982529887 0.11381187775790107
0 0.6825466976839807 0.9275285400800732 0.07788814060901217 0.060217916290428025
0 0.644911554697395 0.26361916433824406 0.08336718156778963 0.09898754567396449
0 0.5803163199315678 0.18131695297725378 0.07830773351594025 0.08425637782888969
0 0.4316974513000345 0.1668293100207275 0.0758199687807086 0.07929464006019839
0 0.4048924063446604 0.12052390974529242 0.06359094155801365 0.06650518198597284
0 0.38529281655864733 0.01872573553965369 0.06595282842116691 0.03745147107930738
0 0.3162377303950251 0.04522892445409851 0.08336718156778963 0.09045784890819702
0 0.8845260064963706 0.36111836473861825 0.08303150724224705 0.07975677644319526
0 0.94393591533827 0.4653632824062219 0.05874128995962845 0.06379324491012885
0 0.9112051735796662 0.41463530347559185 0.08079549825117219 0.08921811559758087
0 0.8517654720314287 0.4496594172700662 0.09294060689248121 0.09719988136411409
0 0.7831719380654275 0.45885740521622875 0.09526053446494186 0.09254623451742078
0 0.8875984715324877 0.5290024818553516 0.0733741633361694 0.07673674844535323
0 0.7695792338952157 0.5497718632904542 0.08817487387548194 0.09929563659596237
0 0.8216395598191435 0.5248252704943613 0.06363290084870626 0.06890902813981903
0 0.764337052327426 0.6437529314819527 0.061103176822781845 0.06154344421728163
0 0.7232557879663998 0.5899583424340499 0.09045284215724955 0.09223814359542291
0 0.9013833460341806 0.702203009782205 0.06139689185763167 0.07837036729420478
0 0.8348160246057902 0.7328815676519841 0.11238117257671476 0.11045147582133662
0 0.8469374238329389 0.9326014260016448 0.06532343906077451 0.028197688985433553
0 0.5238508922394417 0.9400993866598504 0.06338114510454947 0.05448595121674224
0 0.49915597840306386 0.9104668640003394 0.07602976523417262 0.09131387082942902
0 0.43593658716910844 0.8869048379475809 0.061103176822781845 0.0615434442172817
0 0.24214815310281226 0.846497904903881 0.07805597777178332 0.06983330090581265
0 0.15533297889693512 0.11130425307379918 0.07809793706247621 0.07223714705965888
0 0.2295645779234935 0.19178835951387055 0.09070459790140663 0.10666122051849981
0 0.15791074550572998 0.1699674156515315 0.07813989635316898 0.07464099321350502
0 0.6321546828176766 0.03750428154726334 0.08315738511432559 0.07500856309452668
0 0.6892717270246395 0.19834634604026286 0.07594584665278713 0.08650617852173685
0 0.7338809253272266 0.3251501518584755 0.08779724025924633 0.07766102121134709
0 0.7131815809222082 0.4105171309310825 0.0785175299694043 0.09627560859812033
0 0.6811018319238922 0.8039615313484947 0.08303150724224705 0.07975677644319526
0 0.398365006873111 0.7008216877076402 0.053807719779857606 0.05627361552659238
0 0.38839905157901466 0.7903031545134441 0.08332522227709688 0.09658369952011835
0 0.5473040297224689 0.2842810824317787 0.07320632617339826 0.06712136382996861
0 0.3415444074698122 0.31067312319334317 0.08298954795155417 0.07735293028934911
0 0.9313556936823145 0.08558603070959807 0.08817487387548194 0.09929563659596237
0 0.9735312531247176 0.3518129134508877 0.039762276473016285 0.07698395814521401