0 0.8127469716884316 0.32917105746776615 0.10507540590794526 0.10684187844648872
0 0.2321712495482737 0.7466883443798962 0.09035848131012504 0.09879029141567158
0 0.956461462416679 0.30401365274549685 0.06063078443974108 0.07547557889249909
0 0.7280002272025252 0.702221676834664 0.10767515051162053 0.11178957884906063
0 0.12265949751508305 0.5504237410290048 0.0900646336353817 0.09157875295413312
0 0.07885762766956167 0.3011700770099534 0.08756283825662108 0.08903489870540723
0 0.09531729470747995 0.6623307410072857 0.08275514594892877 0.08875488251564762
0 0.8779161416217747 0.6131523368931521 0.09747207054674908 0.09680646954646477
0 0.6493487768958223 0.8962557617874634 0.12499181971311575 0.12478886628244996
0 0.5605799254188361 0.9266064418659595 0.10169206750495455 0.08266340881314732
0 0.42769689722167087 0.09739469676779565 0.10007181515042408 0.10175416994903688
0 0.856438621878712 0.40456589961761075 0.112580792044227 0.11447344119266653
0 0.28404365153620725 0.29761284643619484 0.10507540590794531 0.10684187844648872
0 0.20277410453476388 0.5853269273415542 0.07495591213790363 0.0739117813079315
0 0.6155663589956699 0.8130893487965613 0.1147887397482443 0.10980575697985383
0 0.2549506331104706 0.6290517452067595 0.094872325943074 0.0918587691438928
0 0.0566190634705397 0.7880889312586793 0.0749559121379036 0.07391178130793136
0 0.9086661165841726 0.12333960815850077 0.10777309973653469 0.11419342500290693
0 0.670030432409243 0.9478103002707209 0.10905461994730704 0.027934979654204994
0 0.4553004407741774 0.9207475672714385 0.0798615536705103 0.07659564365153725
0 0.8950817968424561 0.5450045960161811 0.10698950593721926 0.0949626557721377
0 0.8049906308291248 0.6078071991716004 0.10958925054089427 0.09991035617470974
0 0.10329805791186202 0.08391387054708109 0.07804540286615093 0.09087871247973436
0 0.5924828488456998 0.4379256321607914 0.09506822439290293 0.09666646145158503
0 0.05207658783349557 0.3698778502664434 0.09987591670059517 0.09694647764134465
0 0.17553383398666864 0.047331708671204877 0.0775556567415787 0.07885948171050357
0 0.7298959751407339 0.8028331950590032 0.11518053664790201 0.11942114159523844
0 0.254573098158436 0.491180611597805 0.08226539982435653 0.07673565174641699
0 0.5465771692906632 0.6228580693711753 0.1173884843519193 0.11475345738242601
0 0.11679072430710047 0.812162955608476 0.08756283825662112 0.08903489870540736
0 0.37162694051003914 0.5023490611025425 0.08496309365294603 0.08408719830283519
0 0.7135219868974034 0.26300601688477165 0.09467642749324494 0.08705107683620042
0 0.4687582873957331 0.7964594620162824 0.12411027668888562 0.10315425089783457
0 0.13640301152449769 0.30141565196360826 0.08236334904927099 0.07913949790026314
0 0.40034242398374115 0.03944920462376499 0.09246847978922791 0.07889840924752999
0 0.308120915882945 0.5012515833091642 0.0699523213803824 0.06882407281047957
0 0.977210444633622 0.26563397260184335 0.022071296753288186 0.07083160322057662
0 0.2878371389299211 0.17508669663748086 0.07284591365880083 0.08098331167459019
0 0.023809949049944084 0.5352995020562987 0.04761989809988817 0.11209330357971034
0 0.06910958116442857 0.1578493603959027 0.038408473705639073 0.059792429115504205
0 0.1667000516533029 0.35241015806734677 0.08986873518555277 0.08677106064644081
0 0.08559378906299986 0.871535360439341 0.06023898754008336 0.0658601942771142
0 0.8004032707230656 0.24955226393063848 0.11238489359439814 0.10966574888497423
0 0.5170085595791287 0.11257708551749665 0.08255924749909987 0.08394719020795541
0 0.34897602158529983 0.010480263300783742 0.10012487990632346 0.020960526601567483
0 0.5685035337238765 0.23188304913397598 0.11738848435191944 0.11475345738242601
0 0.28272951728674656 0.4475732148618199 0.07976360444559588 0.0741917974976911
0 0.20899388031683136 0.43268269657232344 0.09026053208521062 0.09638644526182542
0 0.40075876174405206 0.37594898015374495 0.09987591670059523 0.09694647764134465
0 0.32664359830480555 0.5469365145026861 0.06754847522653626 0.06868406471559997
0 0.17115265124346812 0.18428093539299575 0.06764642445145075 0.07108791086944606
0 0.8538225167012682 0.17449670932277875 0.08005745212033916 0.0814033359592295
0 0.8444581939177573 0.6103047579137765 0.151336178180509 0.1239251091722813
0 0.5528867140107608 0.3503015470993965 0.1269059197423895 0.11290964360809894
0 0.7121874019307319 0.11919527193864174 0.12788541199153405 0.13694810514656047
0 0.8317389495176535 0.06906564452030234 0.1271018181922186 0.11771733591579124
0 0.798262649722571 0.15495036109091484 0.09786386744640706 0.10642185416184938
0 0.4472766775092282 0.5291188020663901 0.08977078596063834 0.08436721449259466
0 0.32244814220725293 0.8853187898154748 0.07466206446316029 0.0667002428463929
0 0.7618825858448889 0.4592350574243279 0.0725520659840577 0.07377177321305176
0 0.7134403982462577 0.5004267537360219 0.07235616753422856 0.06896408090535945
0 0.6939565756663181 0.39004798853097333 0.0699523213803824 0.06882407281047971
0 0.7442169055866054 0.03939017480008451 0.08226539982435646 0.07673565174641696
0 0.5537967809302373 0.03670182615555716 0.0871710413569632 0.07340365231111431
0 0.29217343720410643 0.09809361566696406 0.06504667984777567 0.06614021046687395
0 0.4198324353332686 0.584675425524166 0.07255206598405742 0.07377177321305176
0 0.6104443682960234 0.5268097900761043 0.08226539982435646 0.07673565174641699
0 0.337342506054988 0.2549392108578183 0.08746488903170661 0.08663105255156107
0 0.3662070119922072 0.16452681816927303 0.0699523213803824 0.06882407281047964
0 0.1402822848216482 0.7064755831571301 0.07495591213790363 0.07391178130793136
0 0.03390794881608934 0.6371948016754457 0.06781589763217868 0.07122791896432573
0 0.7178869161756841 0.5972924946347119 0.07265001520897184 0.0761756193668979
0 0.8127266280800695 0.7416525392651463 0.0699523213803824 0.06882407281047957
0 0.8552163551934269 0.8171173854624306 0.0725520659840577 0.07377177321305176
0 0.8671335465943011 0.760066968467527 0.07265001520897184 0.0761756193668979
0 0.9109577515654812 0.27308996444180617 0.07274796443388655 0.07857946552074406
0 0.9816895766017371 0.12628089972620632 0.024279244457305758 0.06616391900776408
0 0.31294905890784813 0.7947426804911596 0.06524257829760452 0.07094790277456625
0 0.23173456817960086 0.8162598747465549 0.07765360596649315 0.08126332786434996
0 0.14152301070684747 0.9114443969314573 0.07186642140965632 0.056944850136128676
0 0.6317484318237647 0.7102258467837009 0.07775155519140771 0.08366717401819584
0 0.44114866218248755 0.2381015550856806 0.06485078139794681 0.06133251815918164
0 0.42177505925778885 0.30158161174983894 0.07765360596649315 0.08126332786434969
0 0.6540992071953243 0.07341662815678977 0.07255206598405742 0.07377177321305171
0 0.9408405525601211 0.3636779280365664 0.07014821983021126 0.07363176511817188
0 0.9461686135137775 0.4389090535506411 0.07044206750495455 0.08084330357971034
0 0.8127225379366274 0.6828983165907954 0.07495591213790356 0.07391178130793136