0 0.7642664318265633 0.19642602100750559 0.1345847197575322 0.14741911562250826
0 0.1777875100014157 0.4465506944114269 0.13901447134924094 0.1406000256459991
0 0.1498657647066522 0.5531785550162216 0.1624128100751125 0.17601988998247747
0 0.11422344918606349 0.6723407846183688 0.12408747347151937 0.12980729557552662
0 0.5889302960706324 0.6644162967575306 0.11447208885613482 0.1290223986054679
0 0.292230724002089 0.14113914639770725 0.1541934297042848 0.1562004480241641
0 0.6031320773742396 0.5243553918632397 0.10625270848530705 0.1092029566471546
0 0.05919039853094084 0.37583385384764595 0.08764161882855942 0.1651292461568303
0 0.23595652419653207 0.3005045533882727 0.11131236127032168 0.11440309743987626
0 0.9708303343415347 0.7822279473552469 0.058339331316930684 0.15649498275401896
0 0.9825601685623229 0.5312957830202608 0.03487966287535416 0.1295131575778374
0 0.8306632580094004 0.5955869739229767 0.09119973036892431 0.09600638042283577
0 0.34888452492725486 0.26304831702897685 0.13901447134924097 0.1406000256459991
0 0.8811151523847082 0.1652737363965971 0.08588811710658735 0.08599854732242182
0 0.5245865897774938 0.4186109370819268 0.11422012837881249 0.12421470629777555
0 0.6192797811638271 0.1702294895335485 0.15672325609679216 0.1588005184205249
0 0.8898689889692675 0.9032055487497792 0.10410082280878322 0.11381442471233236
0 0.209434233552342 0.09129640350423503 0.09525154124464971 0.08197575198478822
0 0.7741456589421799 0.4306047967649909 0.12927310649519524 0.13741128252209422
0 0.8162266386597883 0.09176040282785766 0.12283789270419185 0.06029198135650274
0 0.44854869533229613 0.9581528990737933 0.14521816790149017 0.08369420185241339
0 0.5129589717495473 0.08256303614975194 0.0905698291756185 0.08398714965360503
0 0.25236973088997705 0.45383556900630484 0.0986632293077851 0.1014027454580721
0 0.6002208598597323 0.811345248505918 0.08854392373775583 0.09100246387262892
0 0.825675156559375 0.2720488643663192 0.06324565981268265 0.06500175990902061
0 0.3869272361956732 0.44088377716992216 0.08588811710658735 0.08599854732242179
0 0.8887096127731067 0.9825462483832414 0.09411771909669944 0.034907503233517136
0 0.05852472167014044 0.5229836074603831 0.07018479455833056 0.15173644568999684
0 0.959797672041212 0.6965235380305141 0.08040465591757595 0.09639882890786512
0 0.5514391634472632 0.5656134233297364 0.09335161604544814 0.09139491235765813
0 0.2629827357953668 0.519328087887695 0.09550350172197196 0.0867834442924805
0 0.7388745129243071 0.3056539520086611 0.08588811710658735 0.08599854732242186
0 0.49533860157077164 0.7967998785719145 0.15368950874964013 0.14658506340877972
0 0.4088035904383267 0.49293434034080874 0.0986632293077851 0.1014027454580721
0 0.5225402411010628 0.5165799566620751 0.09069580941427965 0.08639099580745115
0 0.4578525797570444 0.6752585788038392 0.14331824270228866 0.13137708951564384
0 0.7609431583322034 0.9094363627309101 0.08804000278311118 0.08138707925724403
0 0.4479529094028595 0.5320335084074783 0.09853724906912394 0.09899889930422595
0 0.8727577801535441 0.7593918056258744 0.1850552673690171 0.1970166773958784
0 0.4848329236678658 0.2538004065446207 0.086392038061232 0.09561393193780642
0 0.4678016978040247 0.3170363466370922 0.07374290609869541 0.0826135799560024
0 0.13962392930397838 0.24357296177635443 0.1285172250632282 0.12298820559901738
0 0.916171773996379 0.4003109436235634 0.08323231047541887 0.08099463077221494
0 0.9779158925644119 0.3909896970058679 0.041988985144051034 0.070447280187927
0 0.9942712199481684 0.9795657207636445 0.011457560103663193 0.040868558472711175
0 0.401520500641799 0.8106836363772003 0.10966439654844251 0.12862995012043837
0 0.2164668936764074 0.8877299981416186 0.14988965835123713 0.16542338415451935
0 0.3457502217908867 0.975335602569076 0.06527156525054546 0.04932879486184797
0 0.29445058100882 0.9599187188903424 0.04831866193496122 0.054209029838547945
0 0.29213016821287274 0.8699707123636263 0.12168362731767321 0.1296110713330119
0 0.253946144276867 0.7579466850896783 0.10119305570029241 0.10400281585443293
0 0.2931840074089408 0.6845556445318655 0.09094776989160198 0.09119868811514373
0 0.2956082968013553 0.5937981634132556 0.08411417214604701 0.09782155384913803
0 0.3815168571465111 0.5888430053745529 0.0753908708205746 0.06838672727544015
0 0.21997402671911695 0.20106385198926435 0.07880255888371011 0.08781372074872398
0 0.03297794767376158 0.19537374568850474 0.04907454336692815 0.06863210676162487
0 0.016864359148043215 0.11626762447593139 0.025414022544450084 0.07388140279801664
0 0.7915258210677774 0.7850739923360412 0.09360357652277046 0.09620260466535058
0 0.9653740228049764 0.5959544480540051 0.06925195439004711 0.06338281072523316
0 0.9123889164305274 0.6249970245087565 0.05780806631168481 0.05259008065476049
0 0.8608884232675593 0.3730593597054449 0.05312635424265339 0.0546014783235773
0 0.674888174509818 0.9838711587523813 0.07070915875154345 0.03225768249523743
0 0.6629592779105195 0.3186055454789608 0.09701526458590592 0.11562959813863435
0 0.6736778198160018 0.47745561587532165 0.08854392373775583 0.09100246387262892
0 0.6735790540291767 0.6354226771803665 0.06324565981268265 0.06500175990902061
0 0.6697366567500114 0.5621053694880588 0.0948633789093821 0.12024106620381197