0 0.7738915516144227 0.3541307124179451 0.1545195654075856 0.13485497377518682
0 0.8262076211448176 0.8422014835222775 0.23725743716335485 0.1795508204279737
0 0.5345080091205123 0.6250276866920728 0.11544257540299153 0.10774131743179374
0 0.7729673693607902 0.4454558866187526 0.10571529050705145 0.10276578796133015
0 0.4947107018656514 0.3217593543990445 0.10588314092788473 0.1099773264228686
0 0.35836086290165564 0.3986283054470738 0.10845483750256417 0.11723082417509996
0 0.7243369745153845 0.16036325799699538 0.10319954407264967 0.09791613636294502
0 0.07401266468958319 0.17531901536017533 0.07871348141196588 0.0782657742252475
0 0.869176160715865 0.49303538149953907 0.1451839314935899 0.1467063673816462
0 0.1498107091728094 0.5320235171090032 0.06647045008162399 0.06844059315639871
0 0.0335504062435895 0.610960639985336 0.067100812487179 0.07088639860093775
0 0.5857650457418262 0.9521246840700985 0.1171190697332266 0.07653327672248676
0 0.2793386507791128 0.5417769461808211 0.1279094072944445 0.1271818831160273
0 0.2489089722645833 0.04513368943624752 0.10314359393237187 0.09026737887249504
0 0.9383362372870192 0.10256332230914139 0.1217609214981841 0.1727290821670256
0 0.508662222352564 0.1352934403131963 0.0980561509232908 0.08340914085848244
0 0.6562759651920405 0.09066661588862591 0.10090759819935914 0.1026818693799445
0 0.47555179857670854 0.9384298114419688 0.10811913666089759 0.1028077472520229
0 0.21872001505176275 0.10070705294856726 0.09816805120384628 0.08821683316617476
0 0.33915203910673014 0.7077323326697686 0.07122219224903859 0.06612066558393846
0 0.8872939567753738 0.23080635427684415 0.07614178483728623 0.07101227647301621
0 0.5701780702024569 0.4345783697592199 0.09319250847532054 0.08092137612325072
0 0.019281694675801066 0.5440305812938792 0.03856338935160213 0.06578499125839563
0 0.1127408896448711 0.8342307005503559 0.09341630903643171 0.09053676073863534
0 0.4252189442090273 0.5200076398631356 0.0665264002219019 0.07084443931024499
0 0.5896116994975427 0.06419724525879442 0.08357712385993593 0.08075353896047933
0 0.31249598024380326 0.20119214285931558 0.06881834609519243 0.06607870629324544
0 0.04260880180381929 0.40897462412621977 0.08521760360763858 0.0880489960034034
0 0.38637479921698714 0.07255049763003091 0.08363307400021387 0.08315738511432547
0 0.2763173432041127 0.6715846384885134 0.08626072071517098 0.09281472902040268
0 0.4804574852415062 0.21147614635697126 0.054115518470726605 0.05380771977985767
0 0.49450583192323655 0.7951282298986191 0.08849671644818385 0.08564514984955725
0 0.039836255042921626 0.9461293412841031 0.07967251008584325 0.06645633990948105
0 0.3542595819207799 0.010409881369734187 0.06551929769690176 0.020819762739468374
0 0.7977601528539526 0.4642460832972471 0.17363843435779922 0.13038295579303713
0 0.5884667314999465 0.01512180038896052 0.09945289455213682 0.03024360077792104
0 0.20864999474081153 0.481737647978529 0.06395470364722232 0.06359094155801351
0 0.4495182258301816 0.04381532530278654 0.07373793868344022 0.0709703171823234
0 0.3250097178240913 0.6443031449823491 0.06635854980106846 0.06363290084870653
0 0.8942676255291123 0.9635598382929929 0.11873961392318386 0.042921389859333095
0 0.05765327829262772 0.5684737393861 0.06149490735309834 0.0611451361134746
0 0.6196167272647428 0.8398003671372455 0.14361933744391045 0.18272210039864561
0 0.5840746454881409 0.19885458916487184 0.05143192161549155 0.04174652971993408
0 0.6083359026486643 0.24048132430490482 0.08558931903183756 0.06396857517424905
0 0.63228943403766 0.2953292132910917 0.08832886602735036 0.07843361138801878
0 0.7851335100540597 0.07760448614425178 0.10755963525811953 0.07876928571356147
0 0.7593225697063561 0.6703623595207928 0.12790940729444436 0.1271818831160273
0 0.670383276831196 0.5169297152893899 0.08603692015406003 0.08319934440501833
0 0.9001723752065166 0.6066306437375317 0.08586906973322674 0.07598780594347988
0 0.9547065147902772 0.5864557904661738 0.05998626344369685 0.0995647152843203
0 0.9159352406791126 0.7036717182881047 0.06652640022190162 0.07084443931024499
0 0.38085366100913387 0.825946470407336 0.0688742962354701 0.06848255244709159
0 0.3377502707826381 0.9228136245029602 0.07122219224903856 0.06612066558393846
0 0.20163830152644208 0.26680321366276244 0.04679207972863253 0.048874149600086896
0 0.1448102061912924 0.3855357592418127 0.10079569791880348 0.0978741770722522
0 0.18058714285854666 0.44858731331299684 0.04695993014946582 0.05608568806162522
0 0.27615451747852526 0.4204876136383224 0.051991423018269284 0.06578499125839563
0 0.22916761719796971 0.4261135121145249 0.04695993014946588 0.05608568806162522
0 0.11221438800747813 0.5987586757001648 0.08849671644818385 0.08564514984955739
0 0.08289064809086479 0.7230183048208629 0.0786575312716881 0.07586192807140134
0 0.13412573927633484 0.7413469493017362 0.07871348141196588 0.0782657742252475
0 0.03430322078971656 0.8116817938314898 0.06860644157943312 0.08551927197747872
0 0.21160630772409122 0.8192892157857959 0.08094947714497867 0.07109619505440179
0 0.22208690963568303 0.885185188563101 0.05920296147980775 0.06591086913047416
0 0.1832057451220612 0.9038853833680325 0.04925187602275649 0.05131995504462594
0 0.12034206921025563 0.920601324926046 0.07591798427617527 0.06139689185763167
0 0.19375737125966863 0.192451820056303 0.07384983896399583 0.0757780094900157
0 0.31615970949294864 0.0954019324447384 0.06160680763365397 0.06595282842116691
0 0.41102469254230745 0.25233544768017846 0.04656827916752144 0.03925876498470228
0 0.40188387918023477 0.2837323051976034 0.04170463671955132 0.036771000249470415
0 0.41689342763717924 0.30990187750040765 0.04673612958835472 0.04647030344624064
0 0.4469704845694442 0.25651375062747833 0.04204033756121803 0.05119407717254741
0 0.4169793627256943 0.2029726829449467 0.0636190028055556 0.04916786463493672
0 0.450270537906784 0.16634854021290113 0.05176762245715812 0.056169606643011
0 0.5108442778233974 0.04154344031319628 0.058923210778418916 0.05389163836124332
0 0.1453157673318908 0.2605777185325055 0.04695993014946588 0.05608568806162536
0 0.05975442337019203 0.32334437062983146 0.05657531476485046 0.056253525224396646
0 0.12966580707889946 0.10706723901189431 0.08078162672414539 0.06388465659286341
0 0.09017120090032046 0.048886316184441655 0.07658938595950862 0.09024304570378544
0 0.6683171413971151 0.3992251723323141 0.06881834609519243 0.06607870629324544
0 0.3341285857503203 0.3041379345677719 0.07396173924455131 0.080585701797708
0 0.19900563011623887 0.5347691208805693 0.041984387420940225 0.04879023101870125
0 0.552482915012179 0.5237934128410309 0.10515578910427364 0.0787273264228686
0 0.4452310055255871 0.5893415447084386 0.07619773497756419 0.07341612262686244
0 0.3428248128073183 0.13698670829407852 0.054059568330448664 0.051403873626011516
0 0.03252931618352002 0.6962761988015279 0.06505863236704004 0.06603674700255241
0 0.43167214095966816 0.7073188230550179 0.056575314764850435 0.056253525224396785
0 0.39550154343237115 0.7644176173854486 0.06658235036217956 0.07324828546409115
0 0.3996917743189095 0.8940994318210623 0.06149490735309836 0.0611451361134746
0 0.8575725362425209 0.6818631824485407 0.05903511105897453 0.05869933066893569
0 0.8175164187830657 0.7510441464842413 0.05176762245715812 0.056169606643011
0 0.2445168862527776 0.23121315684486868 0.05187952273771374 0.060977298950703314
0 0.12834494914807654 0.4735278996013542 0.04695993014946585 0.05608568806162522
0 0.1566565618444439 0.6508460645616163 0.05942676204091884 0.07552625374585856
0 0.34843473769759564 0.5670024344430367 0.056407464344017146 0.04904198676285819
0 0.572192275252457 0.34803990822075836 0.0689302463757479 0.07088639860093775
0 0.8223480664047 0.9564051554753161 0.056575314764850435 0.056253525224396785
0 0.20063119900144202 0.3100724444319932 0.04684802986891034 0.051277995753933055