0 0.2409705994554854 0.287828178691387 0.0888948906105275 0.08466881474089227
0 0.6136045592634353 0.6103633350433317 0.17144199986968517 0.14272743347461267
0 0.7750563241644159 0.31972690756618 0.13949195939528636 0.12961692865876479
0 0.6519560445652769 0.05528473389845044 0.19608791086944613 0.07161937874841302
0 0.5917395879213013 0.9417735439008152 0.11984116587987792 0.1164529121983696
0 0.02870894968935013 0.690548694540429 0.05741789937870026 0.13266179366038328
0 0.4381796966591999 0.3344590052967117 0.170858258949276 0.1738934893171806
0 0.7418140127504552 0.6630152147003036 0.11106582983377186 0.13582113723111827
0 0.3464394702197578 0.627529813339394 0.11956114969011832 0.11692614463007718
0 0.33310938478913765 0.19469632220509597 0.19839692285973184 0.23482908473765518
0 0.7937055956252368 0.5371643354589509 0.10119413756951773 0.08989622783574501
0 0.7022527533450776 0.34970247799885656 0.07080789467968665 0.06244659025425228
0 0.4963631542588173 0.4521101129319934 0.10175416994903695 0.09951161245112963
0 0.5961227696434327 0.45559379546542494 0.1110895383746621 0.09503969677316568
0 0.5622577897720364 0.33397443709677177 0.11349338452850798 0.09512364093059776
0 0.6660894941786102 0.2882212455550733 0.09045868819509496 0.07032968197524737
0 0.637895963725075 0.19329602735102408 0.09356257482333999 0.08243285690191023
0 0.753502445522455 0.2141942420634033 0.08422720639771505 0.08690477257987425
0 0.7503974373189798 0.10207961927982881 0.09185876914389286 0.09436814351370894
0 0.7987899393969974 0.16037480328000328 0.07969953027978222 0.09154457657270237
0 0.8345083441627049 0.06406833601713512 0.10982946552074406 0.07340508138855026
0 0.9236436849078248 0.7669186282107755 0.0715079351540852 0.07446582102348305
0 0.9388723691640753 0.8156251324684392 0.034610194277114203 0.05878358173892469
0 0.25857093177993845 0.6473443621333773 0.09342256672846026 0.080029010748064
0 0.18111040944300216 0.5711729530883787 0.0787194736156238 0.07471765349577918
0 0.17536783440247083 0.4216308266053247 0.0761756193668979 0.07222986318450107
0 0.13158486676027076 0.38758396453719196 0.06359635621814802 0.06219475778195602
0 0.02307138071997863 0.35329670766379473 0.04614276143995726 0.06236264609682019
0 0.0589901865080216 0.28990385634372606 0.09342256672846028 0.08002901074806407
0 0.3391020210842454 0.8982563101980987 0.07433180559257083 0.08176130364245346
0 0.43967909807247973 0.9702820063478353 0.06105250196942217 0.05943598730432926
0 0.3913684543123469 0.9313950537403206 0.08366717401819584 0.0772893879644895
0 0.42951441377279076 0.8761218594077012 0.09157875295413312 0.08956045120601666
0 0.44425194812173185 0.8091919158084532 0.08691106874132068 0.09179640904499838
0 0.505049264017515 0.9233211983703977 0.07377177321305176 0.07214591902706885
0 0.5346761950807222 0.8075321294044642 0.0937025829182198 0.08483670305575632
0 0.5053637214433793 0.8558875898265573 0.06600020237199408 0.06227870193938811
0 0.6271542679563592 0.8119659025425225 0.05864865581557602 0.05962302331324583
0 0.5769298063744595 0.7644460541559397 0.08663105255156107 0.08698871673730633
0 0.6765160940033208 0.9570094084747388 0.07533557079761923 0.057806786261424145
0 0.7114763085176345 0.8943987594444327 0.10471804848240204 0.1092109412239462
0 0.9235985109765052 0.9331197894558885 0.05171713354379703 0.06417888314864174
0 0.9400257535839879 0.6097185376061487 0.05638481775660974 0.06194292530965976
0 0.9092539276456221 0.5797391376346617 0.08819485013612868 0.0726495839716615
0 0.8901976077458372 0.5140378219852106 0.05864865581557574 0.05962302331324569
0 0.8621548180823964 0.31313351261835043 0.06429639669254673 0.07421398855118679
0 0.1377322470893051 0.13729015998617966 0.0668402509412728 0.07670177886246503
0 0.2135008180172391 0.2218330584909238 0.10091412137975826 0.0850885355280527
0 0.19740837665081964 0.14660030238352026 0.06924409709511892 0.07678572301989708
0 0.03463077962085805 0.6055899047873349 0.0692615592417161 0.0796092899609037
0 0.19029503707853282 0.6822955131886103 0.08338715782843635 0.0724816956567972
0 0.3144086930027044 0.7432349381478954 0.07220797562848415 0.08648505179271382
0 0.39931335290915854 0.7329518298118647 0.09314255053870071 0.07522131844037169
0 0.7922721950155647 0.7478786226289338 0.0743318055925707 0.08176130364245346
0 0.7083216400819181 0.45228566032447853 0.05342093922324436 0.05224359653684292
0 0.7973339518216658 0.4541896710725426 0.09101872057461417 0.07994506659063205
0 0.28460394788282145 0.5519040413177039 0.06161253434894125 0.0693223520860624
0 0.3241488667168325 0.3485424760512498 0.07192795943872468 0.08167735948502151
0 0.06373348264442612 0.9115232147123792 0.09624643716694573 0.08732449336703468
0 0.325228243845473 0.9844093639504948 0.0746355303232204 0.03118127209901025