0 0.7275680170185791 0.7016824072693686 0.15698262208282543 0.16570738499641388
0 0.8992445942920306 0.6190460087844846 0.10457113723111834 0.10806774384376319
0 0.4059639054760083 0.5589533470146306 0.12206961356749783 0.12808223961259543
0 0.41665907552157866 0.2791555252294002 0.13185288649774662 0.13333777565632376
0 0.8722489904987933 0.39758592702578743 0.09495575261573372 0.10761990010772698
0 0.29814942956732343 0.05714226665535313 0.07977717827576782 0.08531351911905759
0 0.7660676470706236 0.21833807501793065 0.10208334691983996 0.10555193675590796
0 0.4992750369947956 0.037552595280076005 0.09470392014343733 0.07510519056015201
0 0.2362371405681474 0.8353232827521482 0.16128664944592513 0.15150822994135502
0 0.2838713656250473 0.19986487720434828 0.094452087671141 0.09319682318465013
0 0.7283386797425108 0.017755393524566537 0.09129274410040612 0.035510787049133075
0 0.1139919796081644 0.5063388703319472 0.1292811520290364 0.12841812241462236
0 0.09508937887890226 0.6890048447544264 0.10971460616853879 0.11790705032716559
0 0.7516407406087361 0.11547651460558658 0.12413768309161564 0.11857881593121977
0 0.6004351000816819 0.8532729509475566 0.1667658950130742 0.17096292104014202
0 0.40267859471972556 0.15460336896543622 0.06974207287322283 0.07284644461379078
0 0.9008470904620618 0.11334262900472017 0.10979855032597094 0.12031089648101187
0 0.4910065884371348 0.1673437179510304 0.0671703384045125 0.06792679137208944
0 0.7361722422059682 0.5688550836707806 0.09461997598600537 0.09800451549234236
0 0.5812271552355763 0.3377039314145611 0.1669337833279384 0.1757706133478346
0 0.37033349113429803 0.02581658077321536 0.06691850593221624 0.05163316154643072
0 0.19741684824401787 0.20629931698251885 0.08749238168189885 0.1000724788441616
0 0.32657969216512733 0.14731283069441237 0.09719171045471556 0.10292416873404377
0 0.6727106629849101 0.2684336088343635 0.09909189166396934 0.08861305274497586
0 0.34111352001730955 0.8737781933589913 0.08732449336703468 0.09526478653646929
0 0.8662736881152733 0.1920011004049368 0.09461997598600537 0.09800451549234243
0 0.11079444254812422 0.20792606445299716 0.12148200446547333 0.11125531653567235
0 0.956396932845146 0.46337883279701053 0.08720613430970794 0.09308486225064118
0 0.7805441846888479 0.529468210539994 0.08475275889832436 0.09034513329476795
0 0.1471460413056282 0.9731032207169611 0.09285714867993138 0.04752374626157327
0 0.22035264901823023 0.6217728383288719 0.10663920675523594 0.09856432016238753
0 0.9428114082016845 0.8209097913132093 0.11437718359663106 0.16285569510653192
0 0.6668079180411899 0.5130957590538022 0.10971460616853893 0.11790705032716585
0 0.5462378106910382 0.12865494369412628 0.11924604662649138 0.11595104790935565
0 0.4286059016992084 0.966013406822522 0.12128358173892483 0.03684804670045047
0 0.6239660671367405 0.7341969386679915 0.12206961356749783 0.12808223961259557
0 0.9607372134534459 0.20806731628627764 0.04371948596807557 0.08363410510892244
0 0.5402206381276012 0.6803113027319901 0.09727565461214766 0.10532801488788998
0 0.8634730984071293 0.8012937866681038 0.08450092642602797 0.08313359483322949
0 0.9668193353284618 0.6574186056544948 0.06636132934307645 0.11471947763525656
0 0.9834211308059623 0.5652327448032735 0.03315773838807537 0.09380929439435202
0 0.7819483090817302 0.3283551934248087 0.0748015976532114 0.08028190494334726
0 0.8202152543555307 0.3554659527938228 0.052411484851707366 0.057639641152650696
0 0.11622788649774671 0.12219766272242712 0.11169873153522454 0.10599978049194397
0 0.1362752219687734 0.2825835894260654 0.07720544380705752 0.08039386587735628
0 0.07760611879896501 0.3262479973916753 0.07438187686605092 0.0682626741741165
0 0.05072882311365471 0.28054858719876985 0.05705128884453533 0.053055870712976426
0 0.5948832461253332 0.019576415665886766 0.08399726148143558 0.03915283133177353
0 0.8832723290458708 0.29955839219096414 0.08150947117015707 0.0661947108222974
0 0.6511028034225682 0.6149529849874127 0.08458487058346019 0.08553744098707565
0 0.5397551157229142 0.5635568228694381 0.06029457657270225 0.07720629318544699
0 0.4888279208321107 0.5875985983352473 0.0671703384045125 0.06792679137208943
0 0.5274535180697029 0.4870815896823973 0.06476649225066634 0.06781483043808041
0 0.271031840975548 0.6940528504179225 0.06965812871579075 0.0704425984599446
0 0.2914035154092713 0.9326757380555697 0.08956045120601666 0.090569055162786
0 0.24213993646126733 0.9698826869005283 0.07594628144557625 0.044336173569663975
0 0.27194756762968003 0.513428506077434 0.069909961188087 0.07765413692148307
0 0.2240957721521793 0.5565890898400033 0.06202686946709184 0.05808748488868677
0 0.16110737441342893 0.5799887468989344 0.08192919195731775 0.07821394159152817
0 0.09453991231678324 0.5698465187380284 0.08956045120601663 0.090569055162786
0 0.272558052065768 0.3930122765171082 0.08201313611474986 0.08061778774537433
0 0.3422543233214643 0.35485365973307315 0.07463370933834719 0.07547421263565496
0 0.4168155261694111 0.35258479385571684 0.08458487058346019 0.08553744098707565
0 0.7876946543270177 0.38948532894687204 0.061858981152227537 0.05327979258099447
0 0.7707151101410725 0.4203731128750166 0.06965812871579075 0.0704425984599446
0 0.7305327164521764 0.3728856416653147 0.05489927516298547 0.060155448240505865
0 0.6740613776320447 0.13474024496087947 0.04710012759942227 0.04299264236155583
0 0.65791744548161 0.08613316441108736 0.057051288844535225 0.053055870712976495
0 0.47533583776900795 0.4425577692965865 0.0748015976532114 0.08028190494334726
0 0.9523428486596371 0.3469042552694811 0.074549765180915 0.0730703664818088
0 0.43669119473616286 0.7838512566030835 0.11941393494135556 0.12075874021704781
0 0.39431859387641144 0.46679713336058515 0.06700245008964832 0.06311909906439712
0 0.4535638175318131 0.129359670422704 0.04718407175685449 0.045396488515401984
0 0.41542278849416076 0.10585468028445905 0.049671862068132726 0.047912295603257125
0 0.2251678985047441 0.0701724597580126 0.0748015976532114 0.08028190494334726
0 0.19407434915257657 0.14505722052644646 0.06185898115222767 0.0532797925809945
0 0.5395337667129027 0.24694722943562836 0.057051288844535364 0.053055870712976495
0 0.5191277792780842 0.21418907075385432 0.051655987434818446 0.036005025768035374
0 0.4705052191778526 0.20080328943403455 0.05232754069427514 0.055235794998804606
0 0.41783046418681735 0.20927604536684818 0.047268015914286435 0.04780033466924811
0 0.7300977284591738 0.3259546611983101 0.05224359653684292 0.05283194884495842
0 0.7024954697686591 0.32844413501633685 0.04751984838658284 0.055011873130786634
0 0.6785562195934717 0.3668793402080468 0.047687736701447006 0.05981956543847881
0 0.4157892014343728 0.9437366730310287 0.06476649225066634 0.06781483043808069
0 0.6002137510716703 0.5366633575137468 0.06004274410040612 0.06999475472390852
0 0.8182463452452875 0.028625367756531146 0.06717033840451264 0.05725073551306229
0 0.8625343435707349 0.002657237070087955 0.09526099483377756 0.00531447414017591
0 0.8409685070365088 0.7084394741401758 0.05224359653684292 0.052831948844958385
0 0.31989091539283404 0.3005168661336882 0.08150947117015733 0.0661947108222974