0 0.6992134223954317 0.8697803827102383 0.12395027997841951 0.10163993192028788
0 0.13650358278672123 0.41305973341046415 0.08425637782888963 0.08061778774537433
0 0.2683659754237992 0.6741470016557515 0.0920840981344239 0.09056905516278572
0 0.7588077872192395 0.4260171982604289 0.11270127651418377 0.1130993580194734
0 0.19587977625862343 0.6271930018462661 0.09177600721242604 0.0857613628550937
0 0.2660105537950401 0.7857019259415796 0.0943338988272712 0.08827716994294886
0 0.006446838373512035 0.6214205640390593 0.01289367674702407 0.07446656422957378
0 0.03948081787205013 0.11320137717143966 0.07525717505750086 0.08978532862472285
0 0.2664436518300818 0.0870520493745926 0.08891002467558301 0.07843786345954618
0 0.5630054738336583 0.6017054978714305 0.14262574858733038 0.1312698123045046
0 0.7696933457563089 0.7610441871897689 0.12579882551040728 0.13048608576644172
0 0.7703450552857988 0.20858108227136096 0.09673774498111734 0.08838913087695782
0 0.03446004128687785 0.5342926506333766 0.0689200825737557 0.07799001972351013
0 0.49397608551267835 0.03558176926367788 0.08154444075304568 0.07116353852735575
0 0.0441704325467804 0.3766168056884355 0.0844104232898886 0.08302163389922047
0 0.8862296172871041 0.5507010208735351 0.08921811559758087 0.08324555576723852
0 0.28669229820824926 0.9117622408873178 0.11858728704886876 0.1301502029644144
0 0.801131076497146 0.12086703092580481 0.08169848621404441 0.07810198065751915
0 0.01178285543203534 0.28138829420383743 0.02356571086407068 0.06406745307612614
0 0.37776773122355556 0.4629377950646219 0.09131387082942916 0.07854982439355523
0 0.7521247935798034 0.6612022580683204 0.10006586390095726 0.10292416873404384
0 0.24786503227134532 0.33956785646244775 0.09387176244427432 0.08106563148141027
0 0.8293808748189785 0.35322673411364264 0.0976620177471111 0.10281220780003467
0 0.030098343853820066 0.4461900499461364 0.06019668770764013 0.07832590252553719
0 0.44600153870289777 0.5388499096542702 0.11270127651418377 0.11309935801947354
0 0.31321303089416985 0.19871562066708215 0.0741788568305082 0.07295840554779978
0 0.04914094220120954 0.039327578736434506 0.0796027309821963 0.07865515747286901
0 0.7887912981088671 0.27602706878289074 0.1021616191328054 0.09822843736036048
0 0.3848090827157327 0.4278581039658346 0.10114418212794987 0.11975109181096691
0 0.6651112988187523 0.028574358180548026 0.07929464006019825 0.05714871636109605
0 0.9538846130136007 0.18685089744052225 0.06665922744697174 0.06781483043808043
0 0.014446588054063734 0.8718947410449237 0.02889317610812747 0.10236436406399872
0 0.337804950648834 0.1328601065741594 0.10456546528665155 0.0983403982943695
0 0.9292461111395058 0.23473354584660336 0.06890902813981917 0.06552294521824328
0 0.10031675841213018 0.11755791181574834 0.07867845821620258 0.06837463510812551
0 0.2421367520089715 0.5411550505834977 0.07944868552119733 0.08039386587735628
0 0.7768329485617733 0.23823729592540635 0.11587534997302494 0.1252305497227132
0 0.8120184774398711 0.5493641175201222 0.0994496820569615 0.09330878411865921
0 0.021764668654342182 0.7310458191769057 0.043529337308684364 0.09045709422877699
0 0.31770201798847025 0.4465620296510825 0.06844689175682216 0.05831140675670481
0 0.38192695867052734 0.3980339489107757 0.09960372751796037 0.09571263027250537
0 0.5050267439446834 0.9267582000408777 0.08379424144589283 0.07340624928383586
0 0.8010992336229639 0.850654946558783 0.1069693114404977 0.0984523592283783
0 0.26144963104466584 0.02255000827182075 0.09248535329528369 0.0451000165436415
0 0.5014029907998956 0.7963083893263074 0.10937315759434386 0.0985643201623876
0 0.4304641757247912 0.2951130941040796 0.07689079390635224 0.0778780587895011
0 0.09864576947212848 0.5550282646185722 0.07867845821620258 0.06837463510812551
0 0.5809033455149495 0.21021445759653443 0.07448694775250622 0.07776609785549209
0 0.22920202035948486 0.2194051959673161 0.08154444075304561 0.07569813450367299
0 0.39431331917823703 0.26084677674053147 0.06363919944912985 0.05808748488868684
0 0.9346575285941439 0.3746867802425493 0.08200657713604241 0.08290967296521146
0 0.6226611600221459 0.9236759604282825 0.09944968205696124 0.09330878411865921
0 0.44799676007325967 0.13371951899436024 0.07689079390635224 0.0778780587895011
0 0.4118136205099808 0.03579418146045547 0.08983429744157675 0.07158836292091093
0 0.7574748896697615 0.03997614684905544 0.11116082190419427 0.07995229369811088
0 0.6040156918817613 0.13004782751454375 0.10533569259164643 0.11035962906360022
0 0.47541544986796036 0.4164480304789583 0.100836091205952 0.1149433995032746
0 0.385122700854699 0.7034607046530746 0.11495107720703092 0.11080747279963642
0 0.3822119786040812 0.7862814360267579 0.1084488848283501 0.08414124323931069
0 0.4138184940511661 0.8914612149287677 0.12472050728341454 0.11365916268951838
0 0.642721195374391 0.7789413669944726 0.11177700374819001 0.09867628109639662
0 0.8683100768804821 0.6246341137028923 0.12271791629042803 0.08240916268951838
0 0.8490650085470066 0.6818522443893357 0.1079867484453531 0.07692970477777222
0 0.8855096569128525 0.7676333126595625 0.11300936743618177 0.11790705032716559
0 0.9262832795524888 0.03608550439224229 0.1146429862850329 0.07217100878448458
0 0.1569289054717891 0.04326591684188318 0.11883449674872953 0.08653183368376637
0 0.13084495563222245 0.23956461379468108 0.11920346889286461 0.13976558757979915
0 0.08313191762500878 0.7223194941788981 0.0847185142118865 0.08782932620691278
0 0.15655853106454062 0.7919980715159127 0.09464198974926906 0.09308486225064118
0 0.13085785247181525 0.8938552974495233 0.10727740236249564 0.10326005153607062
0 0.5648664760626958 0.423066803145928 0.06998734636681164 0.08234986829516636
0 0.6206959391203098 0.5055483377902367 0.08021891282619201 0.09241309664658705
0 0.544820739813157 0.5114789533653668 0.07975677644319526 0.08520155818504858
0 0.679926859016951 0.3853527161705814 0.0815444407530454 0.07569813450367299
0 0.695716518769344 0.13895848540135064 0.09091261566856937 0.10968786345954618
0 0.5292672353266882 0.2305944833645698 0.07602740236249571 0.10180455939395362
0 0.18259405637902024 0.47921816918089033 0.07689079390635224 0.0778780587895011
0 0.6656329141607729 0.6832057173794865 0.0813903952920464 0.07329428834982657