0 0.32965968066879137 0.8998512081693432 0.1197923305057656 0.11018712287633292
0 0.5177024915492631 0.9422095011276865 0.12170643053503948 0.09820985139779491
0 0.3972877530291768 0.920289983769213 0.08535489055260388 0.09036892357586404
0 0.07764763141460304 0.8946415490767059 0.11518053664790215 0.11491089660263945
0 0.1776724634698666 0.47372279970164943 0.09256642901414228 0.09049480144794231
0 0.8783384539339756 0.02879873501783259 0.09909232290127953 0.05759747003566518
0 0.7345117520331906 0.1901595791759153 0.07765360596649301 0.07822381493455467
0 0.4499355685295416 0.3356518568962837 0.08265719672401431 0.0831154258236327
0 0.7612131947354077 0.0431947490033857 0.13622745668303082 0.0863894980067714
0 0.0955336438745197 0.9567848951058168 0.09948411980093738 0.08340914085848265
0 0.033707018018594326 0.7644920991512935 0.06583027364709125 0.082821710788783
0 0.7381502424114971 0.6609148120681796 0.13190951049991093 0.11280076548364312
0 0.8758897233111144 0.0807967457602701 0.13239925662448307 0.12481999625287389
0 0.1573969739125758 0.9713189535478033 0.07417231833858803 0.05173954795155403
0 0.678386631939514 0.15270506369100478 0.07014821983021154 0.07088639860093772
0 0.8549979074002416 0.1808500761797353 0.13671720280760324 0.11288468406502876
0 0.7393705175794856 0.5720144636665647 0.11027489511529555 0.11242313186740752
0 0.4082703366499215 0.8276160289740576 0.07995950289542474 0.07586192807140134
0 0.5964784234588302 0.7774891839453631 0.08756283825662105 0.08560319055886449
0 0.09843530933097364 0.3549990671835908 0.10267155975409913 0.1026818693799445
0 0.3635400477938583 0.9821335314712969 0.08261231225499922 0.02306123126817174
0 0.23357106259232238 0.42830756181490687 0.08295104439875772 0.09032696428517116
0 0.7717693759005093 0.5137976648405966 0.078045402866151 0.08783919954993936
0 0.7831008634691935 0.14727406531509743 0.0651446290726901 0.06599478771185976
0 0.9331678989781055 0.8268613854961356 0.07019310429922634 0.13094059315639855
0 0.023722171629210663 0.10412673514003296 0.047444343258421326 0.0609772989507033
0 0.48012039748580915 0.5381055082451984 0.06254488446901509 0.0611451361134746
0 0.042822377596376894 0.6083469973780257 0.08564475519275379 0.11470110014917541
0 0.24622088166275816 0.6779089485533251 0.0975700197716635 0.0953864123370204
0 0.5618899695248546 0.7420608809980634 0.11787823047649172 0.12216439435487067
0 0.5153067185734523 0.352526822556077 0.09016258286029619 0.09045284215724955
0 0.6441676397795375 0.8451176542254293 0.1247959212632869 0.11507873376541074
0 0.015249563674110874 0.5332132736015714 0.030499127348221747 0.087419606643011
0 0.6203229780647594 0.45758882867570705 0.13068105504503796 0.14160496003910422
0 0.9169776458631264 0.8115301005309855 0.10355310277832921 0.12431648476455975
0 0.35696717081156043 0.6423459546729551 0.06833206902585195 0.08526751623332192
0 0.16943046662942976 0.8233775168595326 0.08025335057016815 0.0830734665329398
0 0.19761750827913213 0.8685261026489494 0.057639242936408285 0.05865737137824294
0 0.239533801990626 0.8125453128140561 0.06764642445145068 0.06844059315639885
0 0.4095762906124978 0.5597550199829828 0.075053861362818 0.07337416333616954
0 0.47724515729845607 0.46128732954885354 0.08535489055260388 0.09036892357586392
0 0.2469473205627322 0.542175559442403 0.06735257677670739 0.06122905469486038
0 0.15117100936092065 0.681970186689538 0.0800574521203393 0.0782657742252475
0 0.10150445645085887 0.7512980082426636 0.07225821830931413 0.06371681943009204
0 0.48781969055462315 0.8502488542743093 0.0927623274639712 0.09530249375563489
0 0.7546628670964661 0.3735712781021785 0.09516617361781735 0.09534445304632765
0 0.8331837541395661 0.4214444880178148 0.07784950441632187 0.08303150724224705
0 0.9162899026625797 0.4452162974589504 0.052733601403801615 0.056169606643011
0 0.9515109364150571 0.40616732892771223 0.06014103831516866 0.061103176822781845
0 0.9317537168775849 0.5962809715350226 0.09006463363538149 0.0880489960034034
0 0.9166143728587149 0.5256822046767573 0.07005027060529684 0.06848255244709159
0 0.8509718173745683 0.4859916802007719 0.0879546351562789 0.09521857517424911
0 0.1969848213517816 0.23557419330810886 0.0821674505994421 0.07109619505440186
0 0.006925871073679451 0.2966652035465358 0.013851742147358901 0.09416959290692836
0 0.030225623281840457 0.20974910839183883 0.060451246563680915 0.08530947552401467
0 0.12540815747342646 0.22361181818273995 0.07524975981264699 0.07818185564386185
0 0.08162673834511593 0.2664134134621722 0.05283155062871599 0.058573452796857155
0 0.03772083761394123 0.2827936806946431 0.058128989060980546 0.07067660214747357
0 0.005581114302826868 0.42044230082426637 0.011162228605653735 0.09180770604377496
0 0.04752194887497371 0.4844020629375238 0.06254488446901506 0.0611451361134746
0 0.12163103065348134 0.5815960782976991 0.06033693676499779 0.06591086913047416
0 0.158423342148032 0.5629378427834605 0.06014103831516893 0.061103176822781845
0 0.25786876624954197 0.9815758941079351 0.044346672243289746 0.027197574924778624
0 0.21109171547445643 0.9799902541225992 0.051754109154657064 0.032131145104549466
0 0.8979733976035777 0.8947355282281811 0.07167052295982757 0.04929374250701539
0 0.7058247924547351 0.3636141358690738 0.06254488446901482 0.0611451361134746
0 0.35112482287267877 0.22567726024222926 0.052733601403801615 0.056169606643011
0 0.2720203306235343 0.2510793987282078 0.06033693676499779 0.06591086913047409
0 0.31575277513938765 0.20947972652569863 0.06504667984777567 0.06359094155801358
0 0.26301508359214393 0.20679706169017165 0.049937958350297615 0.0465122627369335
0 0.24400265504571111 0.1722979464302915 0.04002872606016965 0.03913288711262375
0 0.1414167740861999 0.09601915522077606 0.0699523213803824 0.0660787062932454
0 0.19302804954692748 0.1263460508255338 0.0651446290726901 0.06599478771185972
0 0.3085820310034221 0.09069913836377816 0.07284591365880083 0.078139896353169
0 0.3272291950281468 0.16363881243985037 0.08746488903170661 0.08319934440501833
0 0.4074376611292999 0.1406195404623716 0.11660489055260388 0.09091439435487073
0 0.49804919578859536 0.15705393356989017 0.077849504416322 0.08303150724224698
0 0.5546905943847938 0.21131439248637734 0.05754129371149393 0.056253525224396646
0 0.6395108543438103 0.19301889423520519 0.07304181210862982 0.08294758866086134
0 0.4357634463294896 0.064457814063943 0.052439753729058194 0.04895806818147251
0 0.4424811485230137 0.021673844906494003 0.07176847218474186 0.043347689812988005
0 0.4893561485230137 0.02119131306352645 0.05494154910781878 0.0423826261270529
0 0.5325274300673299 0.02323850524648354 0.05994513986534008 0.04647701049296708
0 0.602141019303954 0.025138839912015726 0.08417949985363048 0.05027767982403145
0 0.6568907601053862 0.03479922546418188 0.06794027212619423 0.06959845092836375
0 0.3423624573862778 0.49967376248999795 0.0800574521203393 0.0782657742252475
0 0.3869315604573461 0.4964936694583344 0.04522821526751974 0.04883219030939401
0 0.4252951496939701 0.49822616696109523 0.04302026756350257 0.053597923326393564
0 0.32842503644433096 0.4290540159863862 0.0800574521203393 0.0782657742252475
0 0.2705409204456366 0.49372100274924435 0.09708027364709124 0.08336718156778963
0 0.4471154917242334 0.6996247527505118 0.06794027212619397 0.07565213161793703
0 0.5335967983633534 0.5816115984054171 0.08236334904927102 0.0759038873620941
0 0.8393383018442564 0.7420222752307338 0.0971782228720058 0.08577102772163578
0 0.8150590573869508 0.8073037550008154 0.07216026908439943 0.06131297327624589
0 0.18134555940415842 0.3835785689324187 0.05994513986534001 0.05629548451508954
0 0.11168708569851934 0.4424457367641256 0.07524975981264695 0.07818185564386185