0 0.47947855332784256 0.9031213291852327 0.16660848526350072 0.18123945294986754
0 0.28069571616000155 0.17112140364829984 0.1271399238253344 0.12332338257252327
0 0.46760890984485093 0.6878861948252057 0.10023606393540546 0.09672723803425279
0 0.38896550200336794 0.7859963617628245 0.1444283990998786 0.1498635864395346
0 0.5485716215042454 0.11257760342958842 0.11470110014917541 0.09921499519498773
0 0.25727783092094086 0.2731589986764282 0.11491089660263945 0.1112342259642185
0 0.8607487375176065 0.7526797623468323 0.14898433566341396 0.13546847985208726
0 0.09510548764107438 0.5426756624922514 0.14679028596303192 0.1474737254535031
0 0.77735113948893 0.5033712267985154 0.11006124500425439 0.1088024094747427
0 0.6810294561723125 0.5124272047013082 0.10002626748194114 0.08470800726502202
0 0.24849281905842127 0.3632612739422146 0.10757348026902246 0.10398073199923562
0 0.9063500624436526 0.8947863887800513 0.10305950299617997 0.12077968474052898
0 0.5249710027492445 0.2939491141185473 0.09800005494433059 0.10632863748182263
0 0.1859332336457452 0.6417717837608132 0.12701404595325586 0.11611184411098481
0 0.03263528034741239 0.8511922937304827 0.06527056069482479 0.0918076643840422
0 0.1975660177377489 0.8017114639984714 0.15412770229664885 0.15472721941848605
0 0.8103430738072314 0.8858135205289981 0.1397885439549577 0.15945100071928936
0 0.32282994006626065 0.9250488317388095 0.1173147427564856 0.11124821113203336
0 0.5783570236079085 0.9522595223057814 0.1339318693799445 0.09548095538843718
0 0.7358861582194909 0.39975410916246445 0.1001941046447127 0.09432339188040664
0 0.8354752066725207 0.6167016252246545 0.13190565684233382 0.12094750675430668
0 0.43805490759454735 0.31508026346182993 0.13182173826094817 0.11613981444661438
0 0.08506988636421246 0.08463808142594806 0.11503677447471795 0.11844576442575697
0 0.10021843781342232 0.18088982375449777 0.11254900973948612 0.11362408695024986
0 0.06756280157521248 0.26123686272675156 0.11449130369571113 0.08719576442575697
0 0.05719823301953431 0.37296676079324603 0.11250705044879329 0.11122024079640379
0 0.03163707043177606 0.6973321547165139 0.06327414086355213 0.10620277097148928
0 0.10140608829172536 0.7326354493173567 0.1048339597896337 0.0847359776006516
0 0.09923028846787554 0.9261520572858795 0.10015214535401988 0.09191954572656048
0 0.20337800325325495 0.9507988736242846 0.11651751623332178 0.06557513420895643
0 0.6638221697103397 0.7407156708937114 0.11735670204717835 0.11365205728587952
0 0.6299463605186746 0.6155058933764894 0.1367972677314119 0.12578316939762857
0 0.566133455922842 0.5526282938454898 0.09542837162771328 0.09669926769862322
0 0.4557602460072057 0.4714491373882558 0.08551927197747872 0.079816403950441
0 0.48093160839437366 0.40668514291255753 0.08560319055886449 0.0846240962581333
0 0.5389237144137086 0.4587104718317124 0.11250705044879329 0.11122024079640379
0 0.6215383585178414 0.2019534513241548 0.08884622252656715 0.1327150045028711
0 0.7089430688076834 0.22169467918016408 0.15467317307565573 0.18597721941848605
0 0.6970795086168692 0.07497615278865993 0.09804201423502362 0.10873248363566877
0 0.8252027460046709 0.1033685900359823 0.16378504620272621 0.1571870062435914
0 0.8755129483038545 0.32002941015796904 0.09045284215724955 0.087055912747609
0 0.8290426448576139 0.3654367688925649 0.09273081043901718 0.07985835945388536
0 0.9457462481302392 0.49713865008401265 0.0931504033459458 0.1038968209923469
0 0.9491388673841811 0.2339105036539514 0.09677106892988373 0.17362234462170015
0 0.5890146834438875 0.34360555980339286 0.09049480144794259 0.08945975890145516
0 0.6121719998777996 0.3942261807123101 0.0782657742252475 0.07737060229315035
0 0.5953721397384003 0.4614429694292062 0.0732902447547839 0.06772724734213617
0 0.2516701823212706 0.525555852246367 0.10993536713217586 0.10159087101320424
0 0.3386641127651759 0.43110040262686916 0.10575706418487595 0.137620592985267
0 0.20726134365660703 0.03967125547751836 0.06342310439524229 0.053248229747800094
0 0.15686449300722344 0.03456987464571532 0.07569409090863004 0.067741232509951
0 0.2265915515764799 0.4472770154004042 0.06839863386570588 0.06289158469881428
0 0.028995000002534837 0.7718583780696522 0.057990000005069674 0.06287759953099936
0 0.39187558941434225 0.5504124461019941 0.08075353896047943 0.08219227976865759
0 0.4595040596944082 0.601291792615485 0.08319934440501833 0.08461011109031852
0 0.5645031268779991 0.7148949018140127 0.10326929944964401 0.13279891550975975
0 0.746664860144469 0.6774892435224914 0.07341612262686244 0.07493878580367462
0 0.668956723282583 0.8597480110125404 0.10993536713217586 0.10159087101320424
0 0.7497914510556337 0.9780732988015727 0.08256995504462594 0.04385340239685466
0 0.8869785189876359 0.9688075433815582 0.11655947552401467 0.06238491323688377
0 0.38107863761283206 0.0671274878363988 0.08083745754186494 0.08699997207634982
0 0.42696759428155046 0.12389058322417196 0.0854353533960932 0.07500871164274867
0 0.4707342532469178 0.02677955443016165 0.09218533966001055 0.04860835945388534
0 0.2817033628911785 0.5954491978894978 0.07602976523417262 0.08697200174072019
0 0.5029046278733459 0.18082849320963004 0.08336718156778963 0.09422549570570307
0 0.25698076236272793 0.014717566802337073 0.07257693681300573 0.026861862726751586
0 0.1533669755265495 0.30380763646039194 0.09829376997918052 0.1231555605587457