0 0.5452270448331737 0.42583339081303373 0.21320466658181986 0.23804073912724372
0 0.8892525099914915 0.19556067673295865 0.18558749875011288 0.1701175952764959
0 0.6848748145628838 0.34088548851629213 0.12481999625287389 0.13025730330801297
0 0.8049412443831131 0.3452995199639416 0.11246509115810054 0.11074678337585474
0 0.443297712916886 0.6901186022635145 0.12705600524394875 0.12069786883290617
0 0.6781972040505463 0.6546153866633542 0.2183060739243622 0.25497956248472237
0 0.7117184652855877 0.11078665449134556 0.2122396028958849 0.18275227758878224
0 0.8499706593471774 0.9317530513529373 0.12908221778155957 0.09911920358856846
0 0.8378878658873585 0.45386324292991387 0.18073784715172783 0.16760184884209403
0 0.8605957967080042 0.6671900990791659 0.17440745379473882 0.21791476765203
0 0.7725528839967782 0.824224405982104 0.13970462537357192 0.15703531184198738
0 0.9853285208561293 0.2666120037440163 0.02145461163748927 0.12785144727606834
0 0.18489033467060184 0.7646148826578524 0.13481301448449395 0.15211571925373946
0 0.6404882030526646 0.8188882021589203 0.08560319055886449 0.0860928702943377
0 0.5108653502751779 0.061377982377296844 0.2138462225265672 0.12275596475459369
0 0.5065231874430189 0.7847617946298606 0.07809793706247621 0.06909809679658106
0 0.32274266796151185 0.6448671612706194 0.0782657742252475 0.07871348141196595
0 0.3310782942107651 0.7179606684018159 0.0732902447547839 0.06898619651602572
0 0.3058616190095411 0.510699377777457 0.16378504620272627 0.15999865939861133
0 0.3858145779234935 0.1976668465057689 0.07324828546409101 0.06658235036217956
0 0.474547712916886 0.6893912504399035 0.10769935814110099 0.11303872924914551
0 0.038395869756685005 0.4809920263912927 0.07679173951337001 0.12455440875587616
0 0.9686667051731632 0.4640351141309287 0.047393407841482826 0.0996207449729701
0 0.11893961226370017 0.13779951791597211 0.11250705044879329 0.11315062952970092
0 0.08178887238372902 0.8895609423956728 0.08830075174756044 0.10297574351153845
0 0.014033900477035621 0.7939955776537927 0.028067800954071243 0.12354730623087616
0 0.3028940522001559 0.3365604069743053 0.1344353808682585 0.13048110386912407
0 0.3314580338412659 0.012323941723610992 0.09669931693285291 0.024647883447221984
0 0.2516336825682062 0.10707802943146347 0.09521857517424911 0.0863166708554488