0 0.057042440568473775 0.6512782489162541 0.11316341289718064 0.11907815831162721
0 0.03288730366016361 0.4583257082219789 0.06577460732032722 0.11857449336703468
0 0.04160262777209801 0.5819291919573177 0.08320525554419601 0.08234891274447821
0 0.06017545912485215 0.9031517252526337 0.11735492336087712 0.1096306620111065
0 0.48227968491069445 0.8203182952576153 0.09208409813442404 0.08956045120601666
0 0.9513857602152367 0.13561520827514778 0.09014238836357463 0.09668804551012297
0 0.7726718787091454 0.27392791440695496 0.07929464006019825 0.07712149964962546
0 0.6234848989266534 0.5530068039807524 0.08666022398273572 0.07977717827576788
0 0.931818301857057 0.2529839490264489 0.1163374863560214 0.13118133323829007
0 0.12197997200215802 0.013896536644420995 0.11661697907260704 0.023260088787509355
0 0.020225135247180684 0.8814446033776181 0.04045027049436137 0.09942766829369767
0 0.18946013382741048 0.9534417308344754 0.08558190575574312 0.0629502551988448
0 0.30190314620779674 0.25146524416565075 0.11377959474117638 0.12869354292701182
0 0.883846999716046 0.1368705410978186 0.12820267166425317 0.12919720787160427
0 0.0038137664338235644 0.8183150221968774 0.007627532867647129 0.0741300443937547
0 0.8087152719141315 0.331803377619969 0.07146691975466432 0.06725428256194459
0 0.783902898259363 0.15506344602771846 0.11408768566317426 0.13350123523470406
0 0.38964353082318137 0.25452920591192185 0.11479703174603205 0.10714287169982846
0 0.1305585334355552 0.5755456574030684 0.07929464006019839 0.07712149964962546
0 0.1823145636624348 0.3882288129237747 0.08696831490473372 0.08458487058346019
0 0.5997923385438828 0.9039263703635748 0.10471951074765055 0.09959555660856158
0 0.5278900382059781 0.7664988564742153 0.09387176244427432 0.080029010748064
0 0.4482135291620519 0.22404997053465278 0.08875597921458414 0.07505343012550766
0 0.8165411498140098 0.22847996508330043 0.06875498267882016 0.06236264609682019
0 0.13342960304682389 0.04200246027952824 0.13217925544481376 0.07896827111313133
0 0.8514582404094587 0.9829938018905806 0.061851535139279705 0.03401239621883871
0 0.42108354411221727 0.5158234736759482 0.0615434442172817 0.06211081362452393
0 0.3457101338274104 0.9544452311848499 0.1167387415168813 0.09110953763030019
0 0.27873728824147237 0.7445475102551244 0.09719988136411423 0.09453603182857287
0 0.2184654202089889 0.42562961175038044 0.12487455274441348 0.1146901867910952
0 0.6072114340659328 0.4873894324887335 0.0919300526734249 0.08715660505217052
0 0.11560691169037594 0.3389194323582443 0.11812515066587188 0.12164989278033754
0 0.41710187325723125 0.9823985337109351 0.08736957006559337 0.03520293257812968
0 0.5034125112729638 0.37775877047762674 0.1448755492801775 0.12738097081978267
0 0.15038013097367736 0.05945896453719197 0.1271243534372607 0.11237028479468122
0 0.3159484791010007 0.6338179660691795 0.08813979737058826 0.0654380455101229
0 0.13213495587358168 0.8141140357358623 0.08410233236789069 0.0772893879644895
0 0.08710850140556917 0.7836309708197826 0.06123535329528366 0.05730312131683162
0 0.14381381270408988 0.74465432974662 0.068909028139819 0.0647664922506662
0 0.3985873795894014 0.584905430956746 0.0741788568305082 0.07214591902706899
0 0.4978525755742952 0.5209135328676211 0.09162196175142703 0.08234891274447821
0 0.41463161866427956 0.7480884320731143 0.061851535139279434 0.06691850593221624
0 0.2738544156089367 0.8395414054107637 0.08185253167504355 0.0796092899609037
0 0.2022638910043422 0.8852259200008722 0.0645634722151236 0.0718101423973405
0 0.10807482560978945 0.4940514534387533 0.09689179044211625 0.08972833952088084
0 0.5888851112814828 0.24703152197699202 0.09704583590311522 0.092132185674727
0 0.541083996109833 0.16585782743656305 0.08394828690689184 0.07488554181064348
0 0.5199562568219892 0.08200174939711781 0.05611957006559338 0.05232754069427511
0 0.5582476083141663 0.04840514252782986 0.06363919944912985 0.05738706547426368
0 0.3684673670102506 0.0586424492463342 0.08968025198057789 0.08947650704858455
0 0.43822548759121993 0.07914764804442688 0.0690630736008179 0.06717033840451246
0 0.47733549091347893 0.14556248903205057 0.09658369952011835 0.08492064721318847
0 0.7201368492915333 0.8117598716877528 0.0722371470596588 0.07927351333117535
0 0.6580722298747739 0.9961691541192081 0.09334874483914035 0.007661691761583711
0 0.7437472998693788 0.9736836594932401 0.08681426944373473 0.05263268101351971
0 0.7312175081920641 0.8832189702495228 0.07914059459919925 0.07471765349577944
0 0.6887812283556213 0.9251031224211241 0.05852341621943953 0.052411484851707366
0 0.6715853331345633 0.9678686882457624 0.07069669244966931 0.05523505179271382
0 0.5329952071442743 0.995188529102897 0.09319469937814134 0.009622941794206077
0 0.4691535377090586 0.9499580992504435 0.06394729037112772 0.062194757781955885
0 0.3728903858079882 0.8731151369459881 0.06844689175682216 0.05755495378912802
0 0.3921050135303951 0.8364431306633975 0.06363919944912985 0.057387065474263574
0 0.06823380747934214 0.08188721987860169 0.05254424144589279 0.0713904216101802
0 0.597746410100235 0.29673008891799857 0.06394729037112772 0.06219475778195602
0 0.7324766276798121 0.656795738922108 0.05611957006559338 0.05232754069427514
0 0.7057585120822311 0.7353671645821422 0.06844689175682216 0.05755495378912802
0 0.7481947919186739 0.6934830124105408 0.06410133583212686 0.06459860393580204
0 0.7496905068148887 0.7453335930330973 0.04619609452821075 0.04718407175685421
0 0.7845158354345892 0.7658235246253479 0.04092626583752198 0.03980464498045185
0 0.859545627111904 0.8732449336703465 0.06665922744697174 0.06708639424708042
0 0.8304827041769579 0.819227072160398 0.06875498267882016 0.06236264609682033
0 0.8667230401510616 0.7048497866649677 0.07898654913820052 0.0723138073419333
0 0.7946380961467455 0.6830587206325198 0.08456446875088758 0.08450092642602797
0 0.8177504425135573 0.6043613787363373 0.09362455274441353 0.11359891274447821
0 0.8030944549933259 0.5135036226289338 0.08394828690689156 0.07488554181064348
0 0.749099238364993 0.45379665515825607 0.05883150714143754 0.05721917715939954
0 0.7689909291535328 0.3689637816413101 0.08364019598489382 0.07007784950295118
0 0.8941182188147755 0.5781174937705781 0.048753986143055913 0.049671862068132726
0 0.9402534321208493 0.5725008943002493 0.05479404213873998 0.06907051961376613
0 0.9433343413408284 0.5244239712233262 0.05386976937274623 0.05464744269068921
0 0.9424243676775409 0.4822307472948704 0.06123535329528369 0.05730312131683162
0 0.9444878398926645 0.41243526467589986 0.0675835002129655 0.08150947117015733
0 0.9298479938807953 0.3589210681105438 0.07627461206235636 0.06742217087680877
0 0.4579760297583537 0.6544376434363885 0.08185253167504355 0.0796092899609037
0 0.4608258707868344 0.6099664895902348 0.050695695913905325 0.04254426776402635
0 0.4608867520089715 0.5714210069712642 0.05550338822159763 0.04271215607889053
0 0.5279652185308215 0.671337073003712 0.08185253167504355 0.0796092899609037
0 0.4629700505437696 0.7268888046815015 0.08533469605588231 0.09652015719525874
0 0.2592251838884616 0.5414911872067145 0.07852441275520364 0.06510226888039469
0 0.37887649006161683 0.46014199622320007 0.0770448393673511 0.07944140164603954
0 0.22183459403129133 0.14748171603655716 0.08758449674872953 0.0942002551988448
0 0.15539029326745563 0.1692536853243524 0.06215962606127742 0.07172619823990854
0 0.5713760380640012 0.8210203829287563 0.05898555260243654 0.05962302331324555
0 0.5128992039639925 0.8876412547711497 0.0791405945991994 0.07471765349577944