0 0.17214496055297973 0.14174124428233512 0.1325540491182607 0.11576823199738885
0 0.9282170061103425 0.4444341584694126 0.09755667175630642 0.08555078900243274
0 0.11633279124739213 0.46431984264434223 0.09537674747047828 0.09026053208521062
0 0.48535282305995275 0.42289130354012394 0.105439975821899 0.10026771360025294
0 0.6705080931515064 0.8004319017271608 0.11002374626157299 0.09565591974238977
0 0.8570070726001204 0.7112569914028934 0.10510409301987195 0.09305617513871448
0 0.8023609076174893 0.2876107250675491 0.090569055162786 0.0900646336353817
0 0.060520621941804485 0.7868984410063494 0.07765413692148308 0.07034411828004011
0 0.7264587348098839 0.0627715125490846 0.10247632499800775 0.08815053360610776
0 0.08076915950964986 0.17185664790893465 0.10292416873404377 0.09776591822149236
0 0.5066351641547555 0.24927565972617144 0.08771736527290376 0.08035129979508258
0 0.3289709785618582 0.7411703078100764 0.09274897944861411 0.08535489055260388
0 0.5898838557003893 0.5481933315017516 0.09012121142674992 0.08044924901999714
0 0.39729312527927907 0.17575427329715052 0.10040836164618866 0.09526412284273178
0 0.562921154168303 0.8180117960820076 0.09755667175630642 0.08555078900243274
0 0.35921019437738183 0.37524697168843163 0.11790705032716572 0.11037284434020983
0 0.5690362807811845 0.4806632083662808 0.08279771203120244 0.07775155519140757
0 0.26396197747765054 0.2051799422059067 0.13300189285429675 0.12538361661277347
0 0.8034836527359748 0.6498568751114598 0.0953767474704783 0.09026053208521041
0 0.8229285802016715 0.3611504635876353 0.10040836164618866 0.09526412284273178
0 0.6856557803672467 0.39793459479530174 0.08749344340488573 0.0755436074873904
0 0.2559236314225303 0.8929023730336854 0.08016994400933825 0.07284591365880069
0 0.09663115893810598 0.39794266797333727 0.10499213208586286 0.09065232898486833
0 0.20881825984876937 0.5649202067276148 0.1082916657117811 0.10998104744055198
0 0.5321683505166485 0.9116373144791434 0.09045709422877699 0.08766078748153561
0 0.64013093943005 0.26782896466942385 0.09755667175630642 0.08555078900243274
0 0.816770728831176 0.4933620020491738 0.09492890373444195 0.080645147469826
0 0.10339467551465613 0.8451335595791287 0.08749344340488573 0.0755436074873904
0 0.07456840523258783 0.5368004917814351 0.09274897944861407 0.08535489055260388
0 0.571953892920114 0.314993722200725 0.0778780587895011 0.07515181058773256
0 0.2292246188866332 0.5388962283129146 0.1052160539538809 0.09546002129256063
0 0.5545837348098839 0.06977488213046766 0.08794128714092181 0.08515899210277492
0 0.7919980715159127 0.17526662579872376 0.09079297703080377 0.094872325943074
0 0.13098623974423 0.7936243234867579 0.0900092504927409 0.07804540286615072
0 0.9094110612731285 0.3588262145676383 0.0926370185146051 0.08295104439875772
0 0.13951846822034797 0.24983881421500514 0.13551769994215188 0.12788541199153405
0 0.9367260370950274 0.2617418507771049 0.07111436406399872 0.08447334752837375
0 0.3867096812370322 0.02304470734169386 0.09151740917451488 0.04608941468338772
0 0.3939473748194468 0.479400040246574 0.09755667175630642 0.08555078900243274
0 0.9089926865853162 0.7799176207683226 0.08268575109719342 0.07534770903756155
0 0.9211964283922984 0.517898389999092 0.10543997582189873 0.10026771360025294
0 0.10975987911643181 0.9660380442237874 0.08190202455913034 0.05852078596063848
0 0.8173964557502682 0.32538661895468635 0.0973920442826404 0.13352976285444138
0 0.6939210059198279 0.5295584379073535 0.06815071324010748 0.07235616753422856
0 0.29564638735534393 0.838499544662896 0.10007247884416152 0.08805258438119332
0 0.9359388184806645 0.768022871601956 0.057363052744975926 0.09830872910196412
0 0.8883561341226437 0.04778721910004628 0.10851558757979901 0.09557443820009257
0 0.20377025418527334 0.38997815823387505 0.07273448367978173 0.06774437367636511
0 0.9313421486295044 0.09401134074490357 0.05154771203120244 0.07647821526751973
0 0.22867789177702624 0.7824458414161841 0.09274897944861411 0.08535489055260388
0 0.011004954508454484 0.29017974004098346 0.02200990901690897 0.08310205837957149
0 0.946749498318277 0.8707515862553967 0.02454559966884964 0.06338154302423013
0 0.13759193485076165 0.6517974004098348 0.10784382197574509 0.10036566282516744
0 0.8664613218181392 0.17343212290329893 0.12131854488709319 0.13210540894973966
0 0.7277788903776066 0.832887914947526 0.07536225170164593 0.07265001520897184
0 0.5258394219667439 0.6611700105890788 0.10728401730570006 0.0883464320559366
0 0.6006089078738212 0.678517302311966 0.07821394159152817 0.08236334904927116
0 0.7746144795473401 0.5742561127247281 0.13668997582189873 0.10154105352414078
0 0.89089146847668 0.6019085237808431 0.09101689889882181 0.09968001825076638
0 0.8547052455982407 0.8637053237222954 0.10532801488788998 0.0978638674464068
0 0.7628816008188747 0.9034361119642794 0.0704425984599446 0.07005027060529684
0 0.6536386234659215 0.1581111423822233 0.13003824203040565 0.11326643661862826
0 0.5896107593690142 0.02604442913191104 0.08520155818504858 0.05208885826382208
0 0.6374374273080907 0.004779168412445917 0.09531745307612621 0.009558336824891834
0 0.8235675628301542 0.004711841708923331 0.10767256664738384 0.009423683417846662
0 0.7244500658524168 0.018641082363985848 0.09917679137208943 0.037282164727971696
0 0.34317031176586943 0.3075209501031318 0.09196525291055097 0.06852796747568081
0 0.4246210005126638 0.7480696465058062 0.13909382197574502 0.10163900274905521
0 0.4012476767235612 0.8377955479974296 0.08542548005306663 0.08265719672401417
0 0.3595919377154183 0.9594570940634539 0.08637383406479551 0.05150514594892887
0 0.33058115639559854 0.9126535109104187 0.07810198065751915 0.079959502895425
0 0.3094470512866761 0.9543024893251187 0.07743021505346502 0.06553642597234809
0 0.23629768499538192 0.9536841714542402 0.09459302093241516 0.07343360900828727
0 0.22588881020884372 0.6877877660140045 0.13462201247007977 0.10865464276076481
0 0.29101989215805546 0.6287507015508442 0.08016994400933825 0.07284591365880069
0 0.3811411035848054 0.5483014525308472 0.08234986829516636 0.06813617057602296
0 0.46532507158173014 0.6468407927474741 0.06597078895427935 0.07706591061700643
0 0.4685159582009869 0.5783311773628588 0.10750793917371809 0.09315412436362891
0 0.5118444833645698 0.5237814251546976 0.0805058268113653 0.08005745212033916
0 0.45739572883117585 0.5080054111738839 0.077318254119456 0.06313257981850165
0 0.487061884267264 0.3604402781525812 0.0730703664818088 0.07495591213790356
0 0.26219362187598716 0.32041763375315047 0.09012121142674992 0.08044924901999712
0 0.2934272303882015 0.13919865457800162 0.08726952153686768 0.070735915179698
0 0.26262838805158517 0.07927186680372698 0.08039386587735628 0.07765360596649311
0 0.49213640134954073 0.12270438198409811 0.05512383406479566 0.050231806025040966
0 0.48721343418049184 0.176888869670551 0.08223790736115734 0.0657323244221768
0 0.5719308735776332 0.2382175691150198 0.07513832983362789 0.0678423229012796
0 0.726023968634286 0.30391727949850805 0.09867628109639635 0.10958925054089427
0 0.47014288382041747 0.05402131038416135 0.10543997582189887 0.100267713600253
0 0.3795211621179746 0.09370312401368824 0.09755667175630642 0.08555078900243271
0 0.1687400938477477 0.06030432272630925 0.0872695215368677 0.070735915179698
0 0.053450869760403356 0.3205257547822459 0.08279771203120244 0.07775155519140757
0 0.028526662531912498 0.4359817870138261 0.057053325063824996 0.12803642597234782
0 0.058428160432782976 0.6358969048261567 0.11685632086556595 0.10806694741127817
0 0.06737325825883504 0.7170399787074394 0.0730703664818088 0.07495591213790384
0 0.03787173029641282 0.9125840855807505 0.07547421263565496 0.075053861362818
0 0.6408715849125943 0.9216037016686129 0.07536225170164593 0.07265001520897184
0 0.7772849723268183 0.7744875204463096 0.07021867659192657 0.06524257829760452
0 0.685830171474003 0.7290286940641271 0.06300713813038811 0.06494873062286124
0 0.6888827638894225 0.6377315148304304 0.09548870840448732 0.09266437823905677
0 0.739571063500424 0.4509212495482737 0.10052032258019768 0.09766796899657794
0 0.8236233651482064 0.42350353975026367 0.09733274988828838 0.08074309669474043
0 0.1640541261071549 0.34121150043910864 0.09688490615225231 0.07112771207935581
0 0.01327050645846317 0.23243845773621857 0.02654101291692634 0.05916154606602438