0 0.6306215826481132 0.8571622772696705 0.1019489371322594 0.11730065499456817
0 0.8809042079832881 0.9780025281120673 0.09878920954644627 0.04399494377586531
0 0.8702775310525978 0.7267486651363743 0.11371620742416756 0.11333342917658157
0 0.1276150497527973 0.6724039899187186 0.071087099467527 0.07682199695773634
0 0.1952734683246371 0.8315450826500181 0.1477377726747133 0.16840325743443157
0 0.046386541073047155 0.933322377576367 0.08929980516972282 0.1044409577356317
0 0.028332076071607808 0.8392026843141844 0.056664152143215615 0.12367172696640119
0 0.5370452205771787 0.7782391140876701 0.12206156803365677 0.13547232445502042
0 0.5699550673219677 0.5646077229999095 0.09258551299419697 0.12143597411049602
0 0.6202724202429556 0.6863463770399876 0.10498268447941136 0.1294879790617402
0 0.7087056961709766 0.679260628568685 0.09929313050109091 0.11232486938893488
0 0.7903325888052785 0.5028130428915343 0.10169697665493707 0.112492962686876
0 0.28139310266997847 0.6614432989533652 0.13180293288770242 0.13854854380063125
0 0.4717276580398545 0.6204680377312347 0.08651801829989317 0.09706132597615226
0 0.24074556326804705 0.21708498040407895 0.13192891312636357 0.14095238995447726
0 0.24235264151278957 0.04831146974102478 0.11385240928211318 0.07023229170529202
0 0.07453290279453151 0.35022159197073355 0.14267811988969864 0.16325937853085717
0 0.07765353390559894 0.7280204013780973 0.09132571060758547 0.09739751257203448
0 0.4020024475530153 0.27058263235638347 0.0763987127298639 0.08677356816900318
0 0.34685018787249905 0.3101538105709094 0.09182963156223013 0.1070128971874191
0 0.9235860844399753 0.9295204452241219 0.0684210712170744 0.11735119497723846
0 0.05587249504375405 0.6372290674084373 0.09094776989160201 0.09018597411049602
0 0.09767596023582972 0.8753861666121127 0.07399486657601781 0.08660547487106193
0 0.03427780633569709 0.24478031112241996 0.06855561267139418 0.07682199695773627
0 0.11015822548256843 0.6832465676023615 0.10675662943995166 0.11763684159045067
0 0.9746643000038068 0.20808918913202887 0.038819035938953576 0.10091099847886817
0 0.8768931539859339 0.3242977976564197 0.08361025119140236 0.08727784806282662
0 0.36942965504707315 0.2936378040985334 0.09208159203955245 0.11182058949511155
0 0.5814209294437584 0.06960877859687806 0.15686967957402162 0.06845027876054005
0 0.3176908734320834 0.8895647802968031 0.10878253487781436 0.11059339642685319
0 0.9036078653941323 0.413021472068116 0.12724720105733256 0.14302004951244113
0 0.026410812632642403 0.05112787243119859 0.052821625265284805 0.09985189870855103
0 0.010221521762871003 0.9458629215557912 0.020443043525742007 0.10326430465004403
0 0.028889595728111596 0.4378696932621825 0.05777919145622319 0.09912898553411618
0 0.6938042523414654 0.802470378948968 0.09145169084624663 0.09980135872588064
0 0.7134162830954692 0.24410569806489577 0.06362360052866614 0.07151002475622056
0 0.05033441055292249 0.7267009249859036 0.10066882110584498 0.10886192346477176
0 0.4156730934501418 0.5851837985806476 0.08651801829989317 0.09706132597615226
0 0.7732911413221533 0.3906392334841705 0.08221424694684551 0.10634052399565465
0 0.5096887259527649 0.9279090454262907 0.15647129561946976 0.1441819091474185
0 0.08931181679139802 0.5285852172578371 0.1200458842150782 0.09701078599348197
0 0.9321032929761386 0.26060411125446176 0.10840459416183088 0.10338185796531472
0 0.49425767752163313 0.09849723575073716 0.05616010158980536 0.06619805255470487
0 0.40146109052725054 0.3960028656012363 0.12497955676143163 0.09975081874321035
0 0.061051227255396696 0.03201465651570017 0.08931002678900699 0.0589359741104961
0 0.018892884790109706 0.7152617840845016 0.03778576958021941 0.12042741432284934
0 0.9362317659964953 0.6191721514310563 0.07626251087191868 0.12987470564029271
0 0.9493524936521985 0.7371034362761238 0.03438928434724449 0.10778635034452441
0 0.7911123638818304 0.8792418359240339 0.11118638103166052 0.11076148972479444
0 0.92830178217411 0.5172860998308416 0.09904117002376858 0.10751717708124257
0 0.06579771944614947 0.6089712401050773 0.11307608461157785 0.14681918203248662
0 0.35282415718838533 0.984231616726954 0.19988694986593009 0.03153676654609191
0 0.7318504140159003 0.9281762588070328 0.15255568660168978 0.1232344604051784
0 0.19827310040791996 0.3830009050021339 0.08145836551487853 0.09191744707257772
0 0.5525680043843371 0.3209200183141069 0.07070915875154345 0.06961045849619785
0 0.6975188793795785 0.15613844349393463 0.0660274466825123 0.07167811805416169
0 0.8468195230146466 0.20759370587961046 0.09258551299419711 0.12143597411049609
0 0.9024705928401654 0.13548655793919093 0.06577548620519025 0.06687042574646937
0 0.9162535469506522 0.10267317827505043 0.07083513899020488 0.07201430465004396
0 0.7970163126675873 0.12208083744516579 0.06096779389749794 0.06653423915058714
0 0.7923243789792722 0.07349963447441933 0.12929354973376334 0.04496663709857225
0 0.694779639390511 0.07029762513857275 0.050344567372824015 0.046631096728053385
0 0.43612954980365354 0.12579704324912058 0.0867699787772155 0.10186901828384459
0 0.3636260028530013 0.08212461255140707 0.08070248408291156 0.0774943701495008
0 0.32528533382048186 0.05411068851999379 0.07298702466672857 0.06737470564029281
0 0.44579259210944244 0.056505738032434936 0.06514558501188429 0.05485119497723863
0 0.18993451101169867 0.1508028812004035 0.05691598302177241 0.0806211294777818
0 0.0946727481477648 0.17309339642685326 0.06552352572786775 0.06206273343877707
0 0.06727025623657218 0.12051146097181988 0.06577548620519008 0.0668704257464694
0 0.4871960129433408 0.4864409796586441 0.0703312180355601 0.06239892003465942
0 0.5033402663269118 0.5466799568114039 0.07956866193496122 0.05585975476488541
0 0.43590148297091613 0.5214566055123894 0.0680533521203751 0.06463467289056432
0 0.3680268795892486 0.5275673008623455 0.09031786869829617 0.07816674334126525
0 0.28573942090378834 0.5785106066456728 0.06590146644385121 0.06927427190031551
0 0.18959579636922635 0.6176280449490457 0.05616010158980549 0.06619805255470484
0 0.39641510976753663 0.7454850710476049 0.0963853633926001 0.10254139147560928
0 0.43135431235620475 0.8384028412328643 0.09272171485214233 0.0783348366392065
0 0.6875835629566645 0.9770236366364583 0.07564283129789692 0.045952726727083344
0 0.768810411232789 0.9885468241868308 0.06046387294285328 0.02290635162633838
0 0.7350356956499239 0.9999903634089352 0.06286771909669944 0.00001927318212962676
0 0.6931453466939327 0.40071715465211316 0.07133905994484926 0.08162968926542866
0 0.7074577758072748 0.4728913159251332 0.051478389520774215 0.0682657121126687
0 0.655087302996588 0.5054190489760617 0.06362360052866642 0.07151002475622056
0 0.6693367419905996 0.5787951333260049 0.08361025119140236 0.08727784806282653
0 0.8097693212265912 0.29306483097278985 0.04894856312826717 0.0656937726608815
0 0.6309296324327331 0.2528136028579742 0.05350429495863708 0.061222266949071485
0 0.18072773197015007 0.28044248021015467 0.04692265769040437 0.07273721782447885
0 0.2905845492826008 0.4630419446120868 0.07943246007701586 0.09896089223617507
0 0.2139764229561768 0.45165334369335525 0.07880255888371004 0.08694166146694429
0 0.1951679313245443 0.9256312692459004 0.07045719827422126 0.06480276618850557
0 0.1799991945887846 0.9756418252155863 0.0705831785128824 0.04871634956882732
0 0.37267115558715963 0.646112182241542 0.06602744668251244 0.0716781180541616