0 0.8586568982814821 0.3309210095751642 0.15360424316695123 0.1445328891939113
0 0.4678281292676654 0.8864627309934172 0.1468133232800568 0.14883630160778039
0 0.353735880953278 0.9050887003314625 0.18476379917364644 0.1729923164615126
0 0.22579155093077097 0.9300016949923697 0.1357257736534186 0.13133700533909257
0 0.34654940361011477 0.46199108151673474 0.1350948457914528 0.12412546687755412
0 0.8018112779663832 0.8009822492923929 0.16490210208091144 0.16443603161644496
0 0.4905246415569096 0.4611753250519243 0.11502283941139578 0.11316533587864058
0 0.5071172842737197 0.9805582741971446 0.1699811263685183 0.03888345160571086
0 0.6289152428760699 0.8421003338211293 0.12025115029373186 0.11830921478221512
0 0.32345297368226505 0.06252415005845532 0.1607863603277776 0.09008489414515544
0 0.577794825418661 0.07184453145278309 0.13287188762421648 0.07140894479087992
0 0.4744463315448009 0.2302885409674228 0.10174175291823345 0.09790179246585796
0 0.6927811631980781 0.7341035868709584 0.1468133232800568 0.14883630160778039
0 0.918135744870442 0.21778038372141897 0.08930190357435865 0.09225363366845994
0 0.578536358152209 0.5471419333975222 0.1300768441964385 0.12138543412782574
0 0.8507408787061974 0.47668988847873883 0.16751625752207935 0.16700797106823237
0 0.17833683535113984 0.1454909089988878 0.11721637627792006 0.11092958302273548
0 0.8318152229383919 0.8865203877181729 0.08512513912863212 0.09912898553411618
0 0.6255437540054136 0.30010883610282707 0.14356823997692286 0.1390528236944545
0 0.9638246224894591 0.28990400501176866 0.044589929094586776 0.12735330617117585
0 0.03252983651104036 0.5698878684344447 0.06505967302208072 0.15419881379196632
0 0.9134975000357559 0.5887038412631266 0.08972252214900268 0.09706132597615226
0 0.4779534864054146 0.8121956401710982 0.10718037308789154 0.10544951752327865
0 0.2022734123826931 0.4386002831451425 0.09672375132321918 0.09516175971612958
0 0.7981243251647441 0.26259652080486007 0.0705821969115382 0.0694423651982567
0 0.5233846526492889 0.6799335617268893 0.08930190357435891 0.09225363366845994
0 0.0858939130717239 0.1378173939512312 0.06829821605170922 0.09795233244852829
0 0.3602723596017825 0.9780874147106977 0.15513743087079762 0.04382517057860451
0 0.4060102694119659 0.08643626164024105 0.10216237149287721 0.10270948477355027
0 0.43803122344622597 0.5082942283238711 0.09693406061054113 0.09756560586997573
0 0.41519795512144025 0.7969238600833505 0.0925469868774926 0.10203711158178554
0 0.7436781908211544 0.3458571630334696 0.08930190357435865 0.09225363366845994
0 0.19192303530726595 0.5430835441884796 0.1550764081782048 0.16135981227083449
0 0.4759985900813402 0.6548530337344809 0.10718037308789154 0.10544951752327865
0 0.47997866584451665 0.5402501081819358 0.09212636830284883 0.09722941927409337
0 0.30514462517165347 0.589697607600163 0.13981209410584022 0.15073586786780305
0 0.14195005850769282 0.2711297755243521 0.08689805742051265 0.09208554037051883
0 0.44581484716830594 0.6128362660248435 0.10477652693404539 0.10528142422533754
0 0.3196832072064106 0.17472322945715432 0.20588735199031305 0.19597167822965703
0 0.7346065602111834 0.6015893684798381 0.09891728818974353 0.09292600686022454
0 0.6671337806128216 0.612591802786457 0.08584651098390293 0.08006630960128806
0 0.6612631013549163 0.9372047167957233 0.13133869992037012 0.1255905664085535
0 0.690731462698362 0.16318188865753194 0.08668774813319075 0.08968169421667269
0 0.7141231956789175 0.10314451146901349 0.07328679634601142 0.04574009025567742
0 0.12723875886317668 0.0246179914398505 0.05321478996595435 0.03477995925676374
0 0.15607674233247984 0.6349004712621567 0.13227038106296277 0.11914968127192076
0 0.06008525835534258 0.8101126271960839 0.12017051671068515 0.1603007125005171
0 0.0014759801707983342 0.6740602128732347 0.0029519603415966685 0.06876999200649217
0 0.003654806386966483 0.7265833716706326 0.007309612773932966 0.05160688233368687
0 0.06979490212357689 0.7364926395741944 0.1379193105199428 0.1291012524831874
0 0.17329595272891885 0.7836362528710361 0.1095842192417377 0.1056176108212199
0 0.2558826697593319 0.7519237163184781 0.09672375132321918 0.09516175971612958
0 0.34853590132606976 0.7571933852122885 0.10351467121011382 0.09085834730226047
0 0.3728288041029214 0.673033499836338 0.07403758950199418 0.08162968926542866
0 0.7246936924519246 0.8669369585415911 0.09086451257891727 0.0828063423510163
0 0.27417630761958733 0.2525625828439424 0.10195206220555533 0.10030563861970411
0 0.5067614985861825 0.09590002630761471 0.06880927861965798 0.076485810361854
0 0.4635680011599005 0.14729707200209508 0.05552819212649564 0.061222266949071416
0 0.7051251183207269 0.21981509657952253 0.05991526585954405 0.05675076123726141
0 0.03216070521264275 0.34778423915058715 0.0643214104252855 0.07441815080389019
0 0.711813063655129 0.41981333725124154 0.12160345001096846 0.10645807731092546
0 0.5543159185815534 0.39549802574097304 0.09410959588205123 0.09258982026434218
0 0.3958723817150292 0.3820000219230123 0.0679680414703703 0.0668704257464695
0 0.468874225476354 0.39073263674098596 0.12358667759017085 0.10181847830117427