0 0.05455400919161181 0.903495012033724 0.10910801838322362 0.11517348166706508
0 0.28071107761437475 0.2301013883804758 0.18421254965658918 0.17580595935184817
0 0.4970584216570261 0.5977475986735967 0.07059434918677163 0.07349175702329228
0 0.7322185169931676 0.6609572502679798 0.10199141818561613 0.10642185416184938
0 0.3001386661859074 0.4063403478626387 0.09321008578396033 0.08677106064644081
0 0.5409412995078017 0.7258977808083914 0.07780588764831009 0.07391178130793136
0 0.6716062330884776 0.35310234751513264 0.07819833613333944 0.0787194736156238
0 0.33619774705618 0.8226601979987673 0.12916946760431236 0.14628347357218546
0 0.16883550790185162 0.6390126637584218 0.1036103673694036 0.09694647764134465
0 0.6617708400730749 0.5771500681549041 0.1092029566471546 0.10684187844648872
0 0.1623603062649504 0.7775138337943353 0.11121435431597139 0.10217419423367602
0 0.4104704081427286 0.4453726513989108 0.09360253426898961 0.09157875295413312
0 0.2885374533539555 0.711196930846016 0.13083757203177 0.10810195130040676
0 0.7909908514836376 0.8877932785349016 0.09841022657668191 0.09185876914389286
0 0.8630564857571035 0.6854846185632901 0.08560609883739272 0.08154334405410915
0 0.42977610043550035 0.8450174408234413 0.10478771282449163 0.11136955456442156
0 0.843334164089633 0.39450293439391587 0.10262924615683033 0.08492724687211387
0 0.9091467871531276 0.7570044079878204 0.07299819534061779 0.07363176511817215
0 0.31331264844922013 0.9665604107608504 0.0705943491867716 0.06687917847829922
0 0.3397535675789475 0.5571870603640922 0.10998785361721329 0.11645726306187335
0 0.5594339466191875 0.05552842861596425 0.08305518368470179 0.05029334405410926
0 0.3071527902084338 0.05411873654718235 0.12750175990902063 0.06723656668502201
0 0.3696559640657602 0.9900560605378452 0.09968588251911019 0.019887878924309578
0 0.550557080855352 0.8448063071058911 0.09080623963011411 0.08663105255156121
0 0.4506002493978075 0.5455285825272754 0.07540204149446393 0.07377177321305176
0 0.18328276571459778 0.5359972993802367 0.13799995524963832 0.13722812133632006
0 0.2061438817979713 0.5518204572521112 0.10380659161191826 0.09935032379519079
0 0.03397276013945322 0.04770319429883355 0.06794552027890643 0.05213715782843634
0 0.3174313738811992 0.3276434612126746 0.06897540000298415 0.08296713354379702
0 0.007997625628094533 0.7295435991514176 0.015995251256189065 0.08296713354379702
0 0.8312661748088979 0.48316522589646393 0.15742694872292218 0.14075203224920438
0 0.7757557212095892 0.11281032314361683 0.049401337530855634 0.048333230725792514
0 0.6273820456571717 0.8504884892189668 0.07819833613333944 0.07871947361562366
0 0.9565103640985853 0.16198248086345754 0.035566933335322605 0.05470472061805236
0 0.014521982508665852 0.5440274210206245 0.029043965017331703 0.15055484204124894
0 0.19839322258472472 0.7059466272880246 0.07020190070174227 0.06868406471559997
0 0.7552994431104764 0.3929984081615736 0.059997843358813766 0.0609124938745423
0 0.6334138582706275 0.15524062691879945 0.13422253939818946 0.12026119016451714
0 0.9449822890338898 0.33279556588141423 0.05415987459487763 0.07731939266682616
0 0.3780684337738072 0.7091656918950289 0.08899106620381197 0.0937025829182198
0 0.8173354437868536 0.9891906210648309 0.14374001025839953 0.021618757870338248
0 0.4994141043976166 0.8647726796223945 0.08359470116857565 0.08621102826692187
0 0.01712165617286088 0.28879970442829284 0.03424331234572176 0.12086863962581641
0 0.1958645046608743 0.041598744750657765 0.09370084475632989 0.034166461451585035
0 0.16844424961331966 0.9906053602221496 0.07226245361422919 0.01878927955570065
0 0.6517612216779148 0.04882950545216465 0.05224678741340118 0.024574785377090513
0 0.5397625654901334 0.32610112901853633 0.07098679767180098 0.07829944933098446
0 0.4708850792423237 0.34141167159267205 0.06441308718147659 0.0563848177566096
0 0.5306127671270345 0.18668990636590443 0.07260574685558843 0.0688240728104797
0 0.531005017245981 0.12270796709922181 0.06019406760132831 0.06331634002838851
0 0.3724750510317246 0.4818040724846927 0.044201196738133976 0.04324552222834067
0 0.29518410324545347 0.4966245867267493 0.05018623450091434 0.0579486153411772
0 0.23785966641634002 0.47396361917142565 0.06097896457138701 0.07293172464377307
0 0.19152319206979943 0.13916452612374666 0.05901672214624025 0.0488932631053116
0 0.0579156883157351 0.784714639560659 0.0759907142220079 0.08098331167459022
0 0.22861354122673 0.8683225422266296 0.08840239347626795 0.08649104445668133
0 0.6804626869182188 0.7919905741934853 0.05980161911629896 0.058508647720696146
0 0.6364820936783517 0.7833908090535942 0.06200924102763036 0.05624480966172986
0 0.7476728622029025 0.9664359409211773 0.0785907846183688 0.06712811815764533
0 0.6314543929706412 0.9910349956267732 0.059212946388755065 0.01793000874645346
0 0.6550264747924854 0.9112728292690745 0.05038245874342916 0.06035246149502335
0 0.9039718190804896 0.953547905953241 0.05038245874342916 0.06035246149502335
0 0.23089509436964956 0.9703298966273894 0.06039029184384299 0.05934020674522108
0 0.2079830377478598 0.39614234390207537 0.05980161911629896 0.058508647720696146
0 0.14415842492784434 0.37914097149416776 0.05779022144748215 0.06317633193350872
0 0.10091317668219994 0.21359116587987786 0.08957973893135601 0.10091412137975826
0 0.03936972027293823 0.1834386436732563 0.06421686293896191 0.053980971602763446
0 0.010891040557812868 0.14266697164620168 0.021782081115625736 0.11225702021548029
0 0.7722724433558296 0.06671722193590061 0.05160895944218698 0.04606939266682613
0 0.8241513599060364 0.06732354982196948 0.04881266480331174 0.04112169226425406
0 0.5856814186315609 0.47369209252641997 0.13201491748685804 0.12252502822348355
0 0.03444211534731411 0.9942466922642541 0.04945049277452577 0.011506615471491753
0 0.546191389008525 0.9692900078233907 0.10361036736940357 0.06141998435321865
0 0.7342285260994041 0.2516852219576198 0.06500175990902061 0.06359635621814806