0 0.6700619374392166 0.24550937803358888 0.14215043081811102 0.15706113973325822
0 0.19877004682893723 0.11294660766638166 0.1889983678805871 0.22463455022943163
0 0.3674892869659833 0.4324701477175698 0.11263292832087182 0.11843177925794225
0 0.5801904420594893 0.22935993424053402 0.11006124500425439 0.10880240947474278
0 0.6591221053981937 0.5279263381909749 0.1148689373119467 0.10883037981037227
0 0.5620512381412827 0.6487681548315213 0.1221643943548708 0.11368002762150908
0 0.8536895161111213 0.33072085133994367 0.1028077472520229 0.10635660781745229
0 0.734376247509098 0.9660121125288975 0.08058570179770787 0.06797577494220491
0 0.549542768482358 0.12580574985964962 0.15404378371526334 0.1499195271107937
0 0.3978046397409352 0.8305234562802375 0.07333220404547666 0.07013109349598232
0 0.3022713698864899 0.932141496273922 0.0757780094900157 0.07254892481764312
0 0.049707875876315054 0.3200331973212788 0.09099831293625639 0.11830591274760903
0 0.4084839029768096 0.700764712059897 0.13447734015895124 0.13057687653750621
0 0.8955686307498603 0.8238030014025159 0.1028077472520229 0.10635660781745206
0 0.9271354314443219 0.11718411351426498 0.14447035839057148 0.15226743259338069
0 0.8438825849188049 0.5482339653434836 0.08825879245686744 0.09906115834902501
0 0.9099971672105658 0.4103834184444218 0.10757348026902246 0.10398073199923562
0 0.05199465721907433 0.43302795171986286 0.10398931443814866 0.1111922704607742
0 0.8315310333473946 0.8426631636861929 0.09306648476455975 0.09908912868465446
0 0.2549883198093674 0.610920361043535 0.07101227647301621 0.0749248006358597
0 0.8098565646863516 0.1561692944137089 0.07350004120824795 0.07974647811136695
0 0.5598389385643684 0.4311851149889074 0.08577102772163578 0.09423948087351793
0 0.3630029963852136 0.9649500411301225 0.06835667457501306 0.06048773854496813
0 0.09523471903651605 0.8107324789817271 0.0953864123370204 0.09429542154477707
0 0.4530058291746479 0.560384452496656 0.07573605019932281 0.07014507866379724
0 0.9255653115667039 0.48259669923451 0.08319934440501833 0.08461011109031852
0 0.7481246222577264 0.7315897671518445 0.07097031718232326 0.07252095448201382
0 0.5013290484580994 0.9581083082605267 0.09045284215724955 0.08378338347894662
0 0.8872479008537761 0.6807112219935031 0.08564514984955725 0.08702794241197918
0 0.2814367107938525 0.6795908058580207 0.09285668831109571 0.08706989791542369
0 0.7643039060977249 0.5621955317286722 0.056253525224396785 0.055610120398201894
0 0.19424452672628892 0.44107860025028905 0.08809095529409629 0.0894457737336404
0 0.0048441920607567145 0.8678583873775356 0.009688384121513429 0.09148600552430199
0 0.9501735770528819 0.7255529827867491 0.04199828546409115 0.06514159400669765
0 0.5662498969793799 0.20163179246441446 0.1400822589898074 0.17627792379621265
0 0.9734743974808555 0.4924917872061905 0.03777802322609821 0.09876746982491423
0 0.457559035969369 0.7815872467378538 0.06603674700255255 0.06528144568484552
0 0.9243126161380963 0.6232286918184173 0.07586192807140134 0.0773566171253355
0 0.3158458241801696 0.6365173674381969 0.06848255244709159 0.06769927700650659
0 0.0799204364388001 0.03532427235256491 0.07092835789163056 0.07011710832816756
0 0.34825914148976306 0.914378368308557 0.06359094155801351 0.06286361436318472
0 0.1689080569451638 0.30870623235888045 0.18765567057841653 0.14771147330635473
0 0.7936894474307081 0.46259674577392695 0.044234294455166016 0.05554019455912796
0 0.7569753028250995 0.4311299756727976 0.06641438061878802 0.08691606106946104
0 0.7058800405871067 0.39717544841093333 0.08087941683255796 0.08940381823019604
0 0.943429050326593 0.28556522562601416 0.0836189373119467 0.10864857262878005
0 0.3582962250263412 0.20162399852535764 0.132115453295798 0.13296673752353746
0 0.49450333291923915 0.3178127610593239 0.08564514984955725 0.08702794241197943
0 0.4422718163091769 0.07349372500029148 0.07847557067871168 0.08938983306238119
0 0.47071327360157145 0.027981477507084733 0.10184268356608793 0.051068146278990686
0 0.3490882667335301 0.04049638037859135 0.07573605019932281 0.07014507866379716
0 0.14552331793580434 0.5465751202471313 0.07337416333616954 0.07253493964982848
0 0.04410022727664475 0.5724300508912175 0.0709703171823234 0.07252095448201382
0 0.6670983479077436 0.8284840258447256 0.05131995504462594 0.048370611601033724
0 0.5414899381926976 0.8626125663491254 0.10036194180748399 0.10393877649579125
0 0.4846158366689001 0.8154019223215703 0.058531493506164406 0.048412567104478214
0 0.5282356381168426 0.7267043550660215 0.06827275599362742 0.05568004623727582
0 0.5154191808244479 0.7723075061500244 0.06093533966001056 0.04842655227229314
0 0.327652528727122 0.8553582710289932 0.08809095529409629 0.08944577373364054
0 0.2001228047011974 0.8618285955963473 0.07834969280663315 0.08217829460084293
0 0.19024958104947837 0.8076791238796424 0.08071157966978652 0.07978843361481143
0 0.10570145605011208 0.8997447125131087 0.08796507742201778 0.08223423527210208
0 0.12691920829661335 0.7171572935794119 0.07358395978963372 0.08455417041905924
0 0.062413975404349106 0.693943155586874 0.06839863386570591 0.06289158469881428
0 0.038969027227764595 0.7286660657234028 0.05376576048916483 0.0507884429226948
0 0.02232148414341867 0.7862255143214699 0.04464296828683734 0.07725872095063206
0 0.738836098906893 0.8505381962637849 0.0806276610884009 0.07498074130711913
0 0.8536420972828 0.7466281914587726 0.06844059315639857 0.06529543085266044
0 0.7139550980312115 0.6232069127115458 0.0416626111385483 0.04591082477592842
0 0.6814402360182492 0.6266238821768153 0.039174846403316636 0.041089147300421194
0 0.6577374488053302 0.607253261267898 0.04891610889077979 0.04835662643321907
0 0.715786410468527 0.5871562129877609 0.05363988261708631 0.043576904461156335
0 0.7631710052490184 0.6270993778825182 0.05401751623332164 0.06521151984577173
0 0.8044979420620242 0.6008948180430622 0.05861541208754991 0.053220259412170526
0 0.9361579264523784 0.5643973943043532 0.05633744380578229 0.0604178127058942
0 0.6649103814995391 0.8849674178762027 0.058531493506164406 0.048412567104477944
0 0.589111392364177 0.9578511853662518 0.05869933066893569 0.05802795171986283
0 0.8131725961601831 0.9303056521268741 0.0663304620374025 0.0821083687617686
0 0.8641419805260975 0.968772580462021 0.09492486013939928 0.062454839075958106
0 0.6106912581191957 0.3413275801598799 0.0709703171823234 0.07252095448201369
0 0.6514821609687353 0.6901579832399608 0.0854353533960932 0.0750087116427487
0 0.40227057443090747 0.7812655878781136 0.05123603646324016 0.04356291929334141
0 0.4696317688590984 0.43426644042662177 0.0835769780212538 0.10624472647493377
0 0.38746651036823193 0.5275479373048261 0.0759038873620941 0.07976046327918172
0 0.8157679888909612 0.7127505826198898 0.05384967907055063 0.0555961352303871
0 0.21959043332295458 0.9172359310612348 0.07333220404547666 0.07013109349598232
0 0.26980392670184883 0.5196511256203625 0.05869933066893562 0.05802795171986283
0 0.20926720030342028 0.5445418810403773 0.07813989635316897 0.07015906383161188
0 0.08234588599254165 0.5161564363769623 0.0635909415580136 0.06286361436318472
0 0.36123945866701673 0.10187137572464966 0.05874128995962845 0.060431797873708955
0 0.2874396191317415 0.12908905887552913 0.05861541208755005 0.05322025941217049
0 0.7085931218835207 0.7926640813898848 0.06342310439524222 0.053248229747800094
0 0.4525266508550435 0.863297038216901 0.058531493506164406 0.048412567104478214
0 0.2829025561992874 0.8022079374558966 0.08037590534424383 0.0605576643840422
0 0.39534058441986397 0.6273634933607006 0.05148779220739723 0.05798599621641834
0 0.6449237212817499 0.4461046653694095 0.07577800949001584 0.0725489248176434
0 0.0874527528727122 0.08585398967068593 0.05869933066893562 0.05802795171986282
0 0.6239549950105914 0.8210207543625209 0.053723801198472095 0.048384596768848646