0 0.7713877861018491 0.3207585121020292 0.14828756643710067 0.1427800853397437
0 0.4361119436836033 0.4090364526843479 0.106163175792165 0.09855970218579066
0 0.24974753507177136 0.5394905864223822 0.11386432770964 0.11555447568354715
0 0.7947304129367802 0.46795162395037326 0.09661773595619995 0.1007397477785257
0 0.9430215924645454 0.4488856903232898 0.08933625271524193 0.09816805120384614
0 0.8250027765607736 0.9548973155860037 0.09281499421396361 0.0526068745613251
0 0.4510318602439458 0.6393021321910788 0.0841088917310325 0.0836330740002138
0 0.30549627332192214 0.31598783931591856 0.13818256836577966 0.12572936170170948
0 0.07158877621494036 0.3466553875382478 0.11867202001733233 0.11566637596410263
0 0.10104954869428046 0.6138170065177884 0.08424878128987157 0.08844076630790604
0 0.5900172030371832 0.03940666121196558 0.10842713238717203 0.07881332242393116
0 0.18719970085527018 0.5013098036012819 0.11125064721753532 0.10828698708173089
0 0.029250938141081557 0.6000943112872329 0.058501876282163114 0.10269599281014954
0 0.620937567148206 0.33146693433092894 0.1261633375965489 0.12544961100032068
0 0.22018184542330202 0.27593473667361096 0.09428383458177322 0.10308764379209406
0 0.6234756672154288 0.5331941857630336 0.15104113648804438 0.1548552662492522
0 0.6969215931756506 0.9398618019370185 0.12030647359756394 0.08928001841207261
0 0.515293341556225 0.6185886842429482 0.08686246178197621 0.09570825490972232
0 0.7168831694996602 0.7904596644867515 0.07916130986450134 0.07871348141196595
0 0.2941816939734175 0.8699624774969015 0.11097086809985732 0.09867160246634626
0 0.08433881407741149 0.197421100508814 0.08219465903312297 0.10040404693685902
0 0.5931385624385469 0.6263856892993052 0.09379422112583669 0.08626072071517098
0 0.025514528087600227 0.4367726481763889 0.051029056175200455 0.08799316518568372
0 0.5315426409444695 0.025487135551388682 0.07633779503413808 0.050974271102777365
0 0.44453667651298967 0.0014776540221152212 0.11092664697402063 0.0029553080442304425
0 0.804382360477741 0.9205450976177343 0.10375932963831885 0.0985037520455127
0 0.1431245145868485 0.0759419395901174 0.136128446109031 0.1376926423306625
0 0.13146946007737326 0.5590590663729166 0.10368938485889935 0.09609990589166682
0 0.017222458635723865 0.7637796503098825 0.03444491727144773 0.09744069938023504
0 0.008402190247536688 0.861303269961485 0.016804380495073375 0.07066269084626078
0 0.5001065077049959 0.43877579889684787 0.06679235519817289 0.06641449994134628
0 0.17585217167185377 0.7261813192664527 0.09174009886908809 0.09822400134412408
0 0.7397715872872959 0.1689535334369652 0.1733052548874356 0.17699343289636763
0 0.38793371652821546 0.537475376433333 0.09647784639736082 0.09593205547083354
0 0.3963584493576018 0.1240977631822112 0.08651273788487866 0.08368902414049154
0 0.17096571786754639 0.029823271422916613 0.10037625657259955 0.05964654284583323
0 0.22629276488638217 0.14847494037948697 0.07930119942334027 0.08352117371965818
0 0.4005109149969357 0.06394565919577958 0.07909136508508177 0.07630963525811972
0 0.5401345775221442 0.1363657547655444 0.06700218953643144 0.07362603840288467
0 0.9211128336077145 0.25241373232109965 0.07717713238717203 0.09308060819476506
0 0.8654838969082822 0.18284307414930484 0.0841088917310325 0.08363307400021373
0 0.7542312271359489 0.6214351068237707 0.10142542826389225 0.10085164805908119
0 0.828130203626531 0.5584585256923604 0.08396900217219365 0.07882538169252143
0 0.6206722403931859 0.8359389257969547 0.07916130986450134 0.07871348141196567
0 0.6856239207635333 0.8740637584777772 0.05937098239837587 0.05903511105897453
0 0.4939678420335349 0.8148658216932154 0.11584850518696918 0.10118734890074804
0 0.33530113405289735 0.7777211214063032 0.13832245792461867 0.13053705400940174
0 0.29592670036824076 0.6861521719380873 0.1039691639765774 0.10571529050705117
0 0.09917390147674511 0.7195582622168802 0.09647784639736089 0.09593205547083326
0 0.16273954808549365 0.8465974275198717 0.07923125464392076 0.08111732756581211
0 0.37841197779103525 0.9472751955238246 0.09379422112583669 0.08626072071517125
0 0.48287436831421365 0.9484471336525103 0.09125048541315153 0.08139707826720101
0 0.5546400290325008 0.9587878602134077 0.09535872992664875 0.05747051700929481
0 0.5205114538043074 0.6869304492067303 0.08693240656139577 0.09811210106356846
0 0.6478011340528973 0.7704476031701918 0.1089167458431087 0.11063488309529937
0 0.937085534950014 0.5703358712327984 0.09414394502293423 0.09827995148440175
0 0.16602897527300853 0.40331161269636734 0.106163175792165 0.09855970218579066
0 0.28494941510897365 0.40294592690646347 0.1111107576586963 0.10347929477403858
0 0.30908354508043756 0.48165739844033095 0.09379422112583669 0.08626072071517098
0 0.27219778671063594 0.0981610166305019 0.07187982662354332 0.07614178483728637
0 0.3105322974401268 0.14291091623899546 0.09393411068467568 0.0910684130228633
0 0.6680851200845551 0.07333221855480712 0.061914718111061154 0.0638987535069445
0 0.9663147945471086 0.10242411839791585 0.06177482855222202 0.05909106119925219
0 0.8788778901481868 0.5068307785858968 0.09372427634641713 0.08385687456132483
0 0.23125841220623597 0.7621261063545404 0.054563290090683565 0.058923210778418916
0 0.07788178380789829 0.460614279284829 0.0742836727773894 0.07619773497756419
0 0.2277004771919679 0.8018455180332797 0.04438834723994291 0.039468640986538454
0 0.6955303557875208 0.45104278554113186 0.0792312546439209 0.08111732756581211
0 0.5923418556754829 0.11713398059572598 0.07888153074682308 0.06909809679658127
0 0.7479711693779029 0.8365793375930015 0.051949609598578986 0.05165572217660251
0 0.8008208123728084 0.8365503575838135 0.054563290090683565 0.05892321077841864
0 0.49807810910183004 0.5084873373583864 0.07187982662354332 0.07614178483728637
0 0.8470313369683231 0.8582958683099352 0.052159443936837406 0.05886726063814097
0 0.8450085740106198 0.7214165128913989 0.08156515601834749 0.07876943155224361
0 0.39051806027607283 0.3248189170283651 0.06728196865410943 0.08324142301826921
0 0.5983550841507628 0.24070825695769182 0.08884663925930539 0.08134112812692319
0 0.9672919989041837 0.3990753178368048 0.04275389365971121 0.06585499853856848
0 0.9473360582256366 0.3418865614069971 0.08163510079776679 0.08117327770608981