0 0.7208540602547381 0.25175112731025784 0.17588257428184362 0.17818318857407378
0 0.362769746774237 0.6409900461099723 0.13104589043648657 0.14074377524843287
0 0.848946063500424 0.4057340371919532 0.11846685499721096 0.12767299804259233
0 0.18133534262585693 0.6556664742258551 0.13059804670045055 0.13112839063304832
0 0.8880959372027545 0.13058409656987352 0.16280302856687492 0.205767486696296
0 0.5777265088762733 0.07718133332101187 0.16911887955634122 0.15436266664202375
0 0.28866226283812335 0.3302618743562684 0.09079297703080397 0.0989172881897434
0 0.8519065785459199 0.028895736025143212 0.12433486225064118 0.057791472050286424
0 0.27333042088253623 0.11972973725776408 0.16397530444662173 0.17953548829131025
0 0.9166093440252765 0.520713834697865 0.1086275485138083 0.12202406858561236
0 0.8214695959832544 0.8414611189000728 0.12109462301907488 0.1326909996376064
0 0.9628654231098318 0.14439204632692496 0.05859462301907515 0.12722295816723636
0 0.4247526668618061 0.8522288444133911 0.11505536043728348 0.10582807337065521
0 0.05257663374161447 0.5100518038859688 0.10515326748322894 0.13833992909458678
0 0.5594406015809331 0.5818876861445881 0.09548870840448732 0.09693406061054113
0 0.0013730002563319152 0.818029064162963 0.0027460005126638304 0.10913417936638171
0 0.7573330848796856 0.6507601675480073 0.1283061614806136 0.13332192749957245
0 0.12248087898479725 0.04400585829764965 0.0951528256024602 0.0880117165952993
0 0.9606921266786987 0.05174807518262197 0.07324162181017012 0.10349615036524394
0 0.8425477206251724 0.800115183063036 0.13205353884256774 0.16237839063304832
0 0.6970824234908609 0.04189813521321285 0.1355176999421518 0.0837962704264257
0 0.42059058503729163 0.3761768619585479 0.15653984411706537 0.17409686812165207
0 0.18689397849604095 0.2793141745086186 0.15978008334863145 0.14086364054244985
0 0.11647771330592477 0.37764575683304863 0.12087070115105694 0.12788330732991435
0 0.721202842468251 0.9124786450366111 0.0836341051089223 0.04801590038433026
0 0.10464944328018838 0.45169914703098313 0.08564940192108464 0.09128513115356103
0 0.4462589298246268 0.6731875279485053 0.09856432016238746 0.1115674468209398
0 0.6267317242518875 0.8333609412014258 0.18264626900734598 0.16919873182065495
0 0.6612188277050582 0.47841823693112673 0.11298739708546446 0.11282930254487165
0 0.6173073003799974 0.9072040221120384 0.1450737901631844 0.0821197864135324
0 0.30377331870408775 0.9310436148767813 0.08179006362512133 0.05982482186623901
0 0.5688781030132616 0.7390693672871808 0.0857613628550937 0.09368897730740745
0 0.7260633794645523 0.5254141922707279 0.1096878634595462 0.0933882240267804
0 0.0467694887717339 0.7385223431450143 0.0935389775434678 0.1479553137099714
0 0.02463436311142556 0.6468754360182337 0.04926872622285112 0.11971066642507111
0 0.06061305560963248 0.21494972217784916 0.09532408093082134 0.14480067440014227
0 0.2568460084623354 0.023168348111253782 0.06792679137208943 0.046336696222507565
0 0.4448102436861572 0.16457846777307777 0.14535700642555446 0.1396017848185183
0 0.21500575841644104 0.3953602291014962 0.09811647642635138 0.10195206220555547
0 0.19685500954654309 0.5537585439713679 0.09297290131663208 0.09431990516937297
0 0.08960063943801912 0.6205993056621797 0.11047158999760925 0.11021514710370348
0 0.49674964083743883 0.5143538838536336 0.10599978049194397 0.11700606699059818
0 0.4300314003969676 0.4818861600807701 0.10052032258019768 0.10216237149287735
0 0.5360641420134352 0.28707055702115486 0.1556441566449932 0.15486609889088293
0 0.5635601367967857 0.4163377654601863 0.11125531653567222 0.12704207018062655
0 0.6795342040486223 0.367886535850856 0.11651085257940061 0.13707807337065508
0 0.9236135302555349 0.2675286840417397 0.12523054972271333 0.11868854128917358
0 0.7962623506413458 0.32894553621324946 0.10381985620611572 0.12160345001096846
0 0.7604418359110618 0.1214029511339046 0.1455809282935725 0.14440947712621055
0 0.1804066940292612 0.7527067795256415 0.1177950893931567 0.11324992111951541
0 0.4333870926388426 0.04259526100178098 0.1325540491182607 0.08519052200356196
0 0.40770217821476956 0.004238877183903488 0.07882641280123014 0.008477754367806976
0 0.32968913914877856 0.005830907489174057 0.10504479862551978 0.011661814978348114
0 0.1271202735935715 0.9201641944462966 0.15686909906439717 0.07836364054244992
0 0.30877546383157434 0.5152381629084052 0.11639889164539159 0.1346742272168089
0 0.16146594706450954 0.15704819524380373 0.10795578290975404 0.10760099166253542
0 0.045230115003586126 0.35782819169138186 0.09046023000717225 0.12818406061054113
0 0.2540795899387292 0.8671608038132484 0.08760540433889474 0.08188005582549843
0 0.31465654864544274 0.7744781509457984 0.11505536043728358 0.10582807337065521
0 0.27167053413858205 0.7207817197126075 0.0907929770308039 0.09891728818974325
0 0.056170804226667134 0.8685256340896725 0.11234160845333427 0.1359360829407406