0 0.8743528951172096 0.6593797738876088 0.09435136221603621 0.10937315759434386
0 0.9569343555192332 0.4760265446375306 0.08613128896153363 0.11387275898003829
0 0.9088450499847942 0.5946461147031241 0.07974647811136694 0.0771988848283501
0 0.8132514118986893 0.9037695712581972 0.10147898967068596 0.09541221705426367
0 0.41806965125651396 0.7655714884004874 0.07978843361481143 0.08441042328988857
0 0.10716694619556101 0.031805300621858684 0.09894927700650663 0.06361060124371737
0 0.2619850692048432 0.18400722132776717 0.07010312316035275 0.07177501067666199
0 0.34306713084252327 0.48060641342249394 0.07492480063585984 0.07448694775250608
0 0.09819487929965703 0.13799192806031152 0.12087758091523272 0.12549073458840931
0 0.9531599629195369 0.01423166137092764 0.0936800741609262 0.02846332274185528
0 0.8889655731609358 0.8977152161598069 0.09425346604133285 0.09254623451742078
0 0.6739542014859456 0.9343388233807518 0.07718879511155799 0.05060253167504341
0 0.7275628401763327 0.2287186553937 0.09682513420895643 0.12154643382457363
0 0.1829859962164184 0.04639856451429691 0.11116430012514453 0.09279712902859381
0 0.9210818522103038 0.8379432947440133 0.07008913799253783 0.0693711645228159
0 0.21178400333036992 0.2353190990856683 0.06284962919536993 0.06410133583212672
0 0.2781197264749338 0.06393851848538987 0.09685310454458601 0.12635412613226593
0 0.6397385445540593 0.21991823779708497 0.09910311385246938 0.10006586390095712
0 0.8185469823696006 0.5739805117982771 0.06771326217432151 0.07402481136950921
0 0.8114185535598015 0.38205793314308223 0.07495277097148928 0.07929464006019839
0 0.2849848411617001 0.8306113961013141 0.08944577373364034 0.09223814359542305
0 0.9776203835578906 0.6359288959877307 0.041326895153272966 0.08194569591390533
0 0.3864560368933292 0.7050740793934737 0.0821363390973983 0.07494908413550296
0 0.5890130348865311 0.18108588478575532 0.07970452260792243 0.06998734636681167
0 0.22921847985208718 0.13200029658971463 0.0604178127058942 0.05913959806343541
0 0.9423426552272292 0.04136717363773064 0.1153146895455416 0.08273434727546128
0 0.02090440085008568 0.9064506275804298 0.031851362216036246 0.10536797560837112
0 0.5498258704089221 0.4721661960842761 0.05320627424435574 0.05867746168043853
0 0.5211771116224742 0.9212841716926471 0.10385486548890253 0.09075857020757037
0 0.6366308514910142 0.7191014283726592 0.0846240962581333 0.08952620651957889
0 0.7683171448043484 0.4136769052872173 0.10876045397129822 0.10789358420649145
0 0.37396050906324585 0.4173057455064306 0.07977444844699651 0.08200657713604241
0 0.8881388455495638 0.3422727091603464 0.10159087101320424 0.11464298628503304
0 0.44076014681114645 0.9456754638668813 0.08201047258706523 0.05331446875088757
0 0.5008748743435743 0.32500672068887054 0.12804716387332687 0.1187413325098677
0 0.9224623770482214 0.05809378292443878 0.10659435567030383 0.11618756584887756
0 0.6251492483275036 0.6056119406394623 0.0796485819366633 0.060371961751427033
0 0.7634061664483439 0.8095717339779065 0.07491081546804505 0.0720831015986598
0 0.8137680617526873 0.785904086989236 0.05319228907654095 0.05627361552659238
0 0.7678082888894071 0.73955210459437 0.06043179787370899 0.0615434442172817
0 0.5550601103349657 0.5451754128545858 0.06528144568484565 0.0690630736008179
0 0.472846852814586 0.467480266220858 0.07974647811136694 0.0771988848283501
0 0.5018756151974816 0.7036895126501392 0.05323424457998517 0.06348515398813084
0 0.6191404342980378 0.8128048462532284 0.0701171083281676 0.07417885683050794
0 0.6771823711857152 0.8692039090354073 0.05568004623727582 0.0708507379106683
0 0.8601807498596497 0.49676548546156457 0.08459612592250373 0.08471851421188657
0 0.44714415630616366 0.18296302852315527 0.08461011109031838 0.08712236036573266
0 0.5116494251772881 0.1102941856915681 0.07489683030023027 0.06967925544481378
0 0.5532692074995224 0.030675313201009448 0.0507464874192503 0.04890803160405499
0 0.5229833827235938 0.009373702132492192 0.05558215006257218 0.018747404264984384
0 0.7059693789400122 0.03631849997870261 0.07738458746096527 0.07263699995740522
0 0.6326800415833341 0.040014889911120836 0.060445783041523635 0.06394729037112773
0 0.5801240776423664 0.09989427466848248 0.08456815558687417 0.0799108219041942
0 0.18815970695274367 0.721388599156657 0.0605157088805977 0.07596652114035862
0 0.20029162041964227 0.9466569330436999 0.08690207590164625 0.06804563659596251
0 0.1242418151298407 0.8950189804497826 0.07495277097148947 0.07929464006019825
0 0.16090706088232723 0.7904678142658371 0.07008913799253796 0.0693711645228159
0 0.19364567989945367 0.8376670466961974 0.05315033357309646 0.049062077065053916
0 0.19992101347255015 0.8829550099667769 0.06518354951014207 0.05223615052389482
0 0.324173608349608 0.9531466687253307 0.08919404071297408 0.04896891282619201
0 0.401983942073775 0.8940536527813261 0.055610120398201894 0.05883150714143754
0 0.5134411293678809 0.8316020773064132 0.06038984237026449 0.05433190575574324
0 0.5036019820674595 0.7937567206888706 0.05558215006257218 0.05402381483374523
0 0.9731001885455511 0.8923236250248434 0.036351380831802955 0.052791451145753746
0 0.9727575519340885 0.8334293942556127 0.04121501381075468 0.0627149266831361
0 0.9757487751361562 0.9342368872561522 0.026484263195752186 0.00890603853252696
0 0.9382024638113375 0.8873457457477899 0.04115907313949526 0.05309954206775121
0 0.9541832842354654 0.7408347352131048 0.05549823905568347 0.03960073791066831
0 0.9400189329169623 0.7862301618252524 0.0507464874192503 0.048908031604054915
0 0.9859405374401078 0.09549520714427437 0.02811892511978442 0.06915623783967978
0 0.4269841747708599 0.2311474149416464 0.055610120398201755 0.05883150714143754
0 0.21251203341188876 0.567126891046937 0.0507464874192503 0.048908031604054915
0 0.2201990675791303 0.6483955238947094 0.060403827538079415 0.05673575190958939
0 0.18866237163892696 0.6011192687338496 0.05562410556601668 0.06123535329528369
0 0.17453298323996075 0.6525243107306126 0.04111711763605097 0.04588800360621302
0 0.1361413706174963 0.6670082688758268 0.03626746982491427 0.03836837422267682
0 0.03810112951895144 0.7622664404690915 0.05804193688767761 0.06379324491012885
0 0.07870079594585493 0.7139745907090324 0.060417812705894164 0.05913959806343554
0 0.06958807601665355 0.5943214421302211 0.07007515282472318 0.06696731836896976
0 0.1452812595271778 0.5846613178010617 0.07254892481764333 0.07914059459919952
0 0.13999107892987503 0.5020367164153672 0.07512059298526702 0.10814079390635224
0 0.17676121344097254 0.415514396385268 0.07489683030023027 0.06967925544481378
0 0.24259427189935323 0.3644031462077967 0.050774457754879945 0.05371572391174722
0 0.24329272893494364 0.2777876619388357 0.0748688599646007 0.06487156313712147
0 0.07244563876933117 0.46548460470795333 0.043534948957711914 0.048445895221058174
0 0.026695643423272873 0.4551903146207797 0.04605067645407642 0.06783070991282628
0 0.03482940160543849 0.4065742324303603 0.05076047258706516 0.05131187775790107
0 0.045415954028802025 0.3662175663174034 0.05798599621641841 0.05417786029474424
0 0.057022622347496305 0.2945338774739471 0.06533738635610485 0.07867845821620258
0 0.08799291899120039 0.2444543634040376 0.06764333633524744 0.062005580600278436
0 0.4808555458415678 0.6040373606070919 0.07011710832816753 0.0741788568305082
0 0.48781535128243997 0.5603059934548643 0.045896839608113776 0.04138840222051858
0 0.4972139657966952 0.5224301962262531 0.048286700594145006 0.03913860152767143
0 0.408754146393998 0.6110625705909067 0.07011710832816753 0.0741788568305082
0 0.4596265003235815 0.675135308217621 0.07021500450287103 0.09100577990743129
0 0.7016178072965997 0.5225574858874957 0.07003319732127868 0.05975577990743129
0 0.6036536832658868 0.4242290193656458 0.06532340118829001 0.07627461206235636
0 0.8292368208412764 0.13803710791662901 0.07500871164274842 0.08891002467558301
0 0.8883338365438218 0.1691187633529239 0.053262214915614746 0.06829284629582316
0 0.331419308375534 0.7518863557656805 0.0507884429226948 0.05611957006559338
0 0.3739341414379152 0.8261136371212756 0.07008913799253796 0.06937116452281564
0 0.051267144048995524 0.9586115977794812 0.05071851708362077 0.0441003392963626