0 0.7491990582712469 0.6365930007151726 0.15229540292901034 0.1572244931549065
0 0.6841281914587726 0.819100181793169 0.1015349303419451 0.1056176108212199
0 0.5731371032210142 0.3422893802005199 0.11843177925794225 0.11881349467603847
0 0.29569565738509795 0.39655992534348977 0.12330939740470849 0.1311689120411516
0 0.46173046672455903 0.8274372733911851 0.09906115834902487 0.09343028675404788
0 0.06315111165853746 0.31422323628711657 0.07976046327918176 0.08006630960128806
0 0.27250409985458107 0.7504883665103332 0.096713252866438 0.10287757807149124
0 0.049909781415810844 0.5183567960747634 0.09425346604133268 0.09309410015816565
0 0.8304247587503846 0.13070973528723295 0.14030414249540912 0.1611917189728933
0 0.2036222748125747 0.2779474706652527 0.08465206659376288 0.09482557312024721
0 0.041636972910646684 0.7497984000357587 0.07502269681056345 0.09174935377463647
0 0.48974209902028415 0.0630806498342688 0.11848771992920139 0.1261612996685376
0 0.6698277756254313 0.034415504264943615 0.11116430012514443 0.06883100852988723
0 0.16790882182664377 0.7529927326630801 0.10644051882434098 0.12278072049402493
0 0.8854141418911268 0.48879052888637425 0.15954889689399301 0.16494031151026844
0 0.1706816722172832 0.40289693068258237 0.0676852918386918 0.06961045849619787
0 0.181997056077315 0.9011066810628653 0.11356814627899067 0.10886192346477176
0 0.19161783056630813 0.4880065991885443 0.06286361436318472 0.06687042574646937
0 0.6171063937361343 0.666270824409627 0.08944577373364047 0.09275791356228343
0 0.37113790923010526 0.5500028792611609 0.16435658920168544 0.16527649810615067
0 0.03473849801464231 0.3907595866316409 0.053248229747800094 0.06619805255470478
0 0.20071496261739588 0.1915771024247323 0.09422549570570307 0.08828640785047334
0 0.15461613943111707 0.32826838327304586 0.09428143637696228 0.09790179246585796
0 0.31160116209654326 0.6503590578635353 0.08227619077554629 0.0994651721299984
0 0.8790890588755291 0.2283094077899488 0.08940381823019604 0.08554637510074496
0 0.2562715464097868 0.8538284811343827 0.0894457737336404 0.09275791356228343
0 0.19299296553061734 0.10434099770317107 0.10163282651664868 0.12244453389814287
0 0.5355232701225697 0.9040411970347498 0.0846240962581333 0.09001788081255477
0 0.5825303278616609 0.7167851003066965 0.08458214075468881 0.0828063423510163
0 0.9676739434334102 0.03220969970429621 0.06465211313317973 0.06441939940859243
0 0.615301505732876 0.1493598546837334 0.08951569957271434 0.10477714433151412
0 0.8923685574583905 0.8574447269058765 0.14994749744642333 0.16667178447234987
0 0.5554377098659652 0.6068552804302028 0.1111643001251445 0.10869383016683051
0 0.1595015515169402 0.5479681664030573 0.10641254848871141 0.1179730281863329
0 0.9828662045863008 0.2991223493295096 0.03426759082739832 0.12271370716142467
0 0.7702253188559187 0.5305128533413946 0.11843177925794197 0.1188134946760386
0 0.28205735256994846 0.9458135015060006 0.08194054674799116 0.04177286443769099
0 0.7084657313949534 0.4554723093619704 0.0966852825308083 0.09806988576379908
0 0.8617191183192774 0.7561805085147562 0.07738458746096527 0.08470590861103926
0 0.7326945954092137 0.8998729312189617 0.10393877649579125 0.10578570411916115
0 0.6414673154894855 0.926693168848417 0.08927795171986283 0.06391175971612958
0 0.3819210553580254 0.7500516599155502 0.07492480063585984 0.0749224306977134
0 0.4133808328752474 0.7839241393500077 0.05316431874091138 0.05177497563162785
0 0.10774033807596764 0.12473138670315816 0.09676919353769718 0.112492962686876
0 0.2688260007192896 0.11827682804879469 0.07493878580367462 0.07732627685155968
0 0.3069309174015507 0.05428925835865966 0.06290556986662907 0.07408196420800786
0 0.25872113523038703 0.034814585855943825 0.048384596768848646 0.05624648134343801
0 0.03846394252698673 0.6177549548721614 0.07015906383161195 0.08179778256336963
0 0.36449357142021555 0.8546777442654933 0.06052969404841262 0.07872156321775901
0 0.6538555504955095 0.5759249936761549 0.07978843361481143 0.08487400190898037
0 0.5919351336046742 0.47324021892749984 0.07243704347512497 0.06033126047669549
0 0.610858229143518 0.41901085715935543 0.06286361436318472 0.0668704257464695
0 0.5137821632690446 0.47389555880289436 0.06284962919536993 0.06446657959262335
0 0.6936852313374497 0.1883679763468005 0.06286361436318472 0.06687042574646943
0 0.9328609310612348 0.1704407701247349 0.08461011109031838 0.08761403465870882
0 0.972789309433028 0.11590049175204335 0.05442138113394398 0.07357768431418449
0 0.5146895964667075 0.2165159270434147 0.07249298414638411 0.06994664509208011
0 0.5516485307433048 0.16222778861763487 0.053220259412170526 0.06139036024701258
0 0.5680978542892283 0.09614728937820081 0.07256290998545804 0.08196587586131085
0 0.5508933316813057 0.03867249503362475 0.08222025010428716 0.0773449900672495
0 0.3945672146134737 0.23693982270970204 0.0749667561393042 0.08213396915925199
0 0.3637367696479176 0.3112404201983213 0.07011710832816753 0.0745862441018313
0 0.3689780021578687 0.3854234643716698 0.07978843361481143 0.0848740019089805
0 0.4444210553580254 0.7456812341690807 0.048412567104478214 0.061054173651130236
0 0.474357250938584 0.7243492987140474 0.06526746051703086 0.06703851904441048
0 0.4212628580367467 0.69198965896106 0.05558215006257218 0.054346915083415256
0 0.17827161156497054 0.674111312822345 0.0411171176360509 0.04612681683422984
0 0.128915846988143 0.6643360715839843 0.04837061160103379 0.05384263518959205
0 0.4642236137589025 0.42926454833376443 0.07492480063585984 0.0749224306977134
0 0.4189507168288461 0.9145975681387408 0.06769927700650659 0.07201430465004403
0 0.8003634980146423 0.3372218712373907 0.11122024079640379 0.11830921478221512
0 0.48056804854621504 0.3451552029404842 0.058055922055492405 0.06653423915058714
0 0.15054966101760897 0.4560084160227743 0.043534948957711914 0.04869875628601724
0 0.12270264531506367 0.4230857197183281 0.0435489341255267 0.05110260243986339
0 0.06752526376397108 0.2393678189220035 0.07492480063585988 0.07492243069771352
0 0.13942387827822633 0.1970654045991542 0.048412567104478214 0.061054173651130306
0 0.13346940220972073 0.005917332060679737 0.0554003428809799 0.011834664121359475
0 0.27598320121986764 0.5217867952990662 0.048384596768848646 0.05624648134343793
0 0.24223145889131795 0.507313178393319 0.03154368852411071 0.05266598210400398
0 0.22393689454899063 0.46290080120480054 0.050760472587065224 0.05160688233368687
0 0.2260260744270039 0.40864616944532095 0.045938795111558066 0.04886684958395849
0 0.37561075886539186 0.6987892008527107 0.04835662643321907 0.05143878903574562
0 0.3742480063585987 0.6712290167324504 0.05313634840528167 0.046967283323935544
0 0.4113537848972513 0.6421812629220552 0.05794404071297411 0.04730346991981804
0 0.9564107130813277 0.291440037640448 0.06283564402755513 0.06206273343877706
0 0.5718660556601665 0.5371690119599996 0.06522550501358637 0.059826980582872016
0 0.08420774664428705 0.8333952288602503 0.06286361436318472 0.06687042574646923
0 0.03520860384673684 0.8849180645449667 0.06062759022311611 0.0955484862946821
0 0.7678852073123885 0.7483130702113834 0.04835662643321907 0.0514387890357459
0 0.30714149627392207 0.2971617665460918 0.060543679216227414 0.08112540937160517