0 0.4689678452134532 0.41393234455364925 0.22641435131976217 0.2504414896750686
0 0.10944987214224026 0.22509890292660018 0.19644459694494212 0.18159370832369875
0 0.3231095544993732 0.34526974522847864 0.13420677904154868 0.13722812133632004
0 0.20474907107729431 0.3642193766942579 0.11877586020918246 0.11715730353627216
0 0.5871410186811659 0.6674573770417639 0.13370285808690405 0.12761273672093545
0 0.3515692064138848 0.6582716278310029 0.23438177121326761 0.26528459088278467
0 0.28109335490348636 0.11865446179909109 0.22123893991537058 0.1974168661955734
0 0.19924158664493247 0.9492521904251467 0.13421700066083278 0.09169505250812303
0 0.17809223897878443 0.47668640905205784 0.19151092439858866 0.17890984598009313
0 0.17133862418511178 0.6928807005328869 0.18681899071027333 0.22656674477237687
0 0.2694196099899954 0.8390727046672032 0.15014161882855945 0.16691432375175233
0 0.8498429191437489 0.7112307335639798 0.14255213965103763 0.15928276100557454
0 0.4009382571388975 0.8181511056026621 0.09107375013026314 0.09157875295413312
0 0.4759462060326122 0.05786900017375303 0.2211231812959936 0.11573800034750606
0 0.5309451414238657 0.7683833526919671 0.08057650384425039 0.0741917974976911
0 0.7045617611229281 0.6075723569131601 0.08348427095274119 0.08394719020795545
0 0.7012556100598856 0.6825116119670304 0.07576881153655808 0.07391178130793136
0 0.7119299446809803 0.47211692372849695 0.17190221445183612 0.17057824275951652
0 0.6116068686284062 0.16812297628005804 0.07564283129789692 0.07150793515408534
0 0.557092941758089 0.6692074782277609 0.11409414814015133 0.11928113350035877
0 0.9673131092783064 0.41062293208400635 0.06537378144338718 0.13004029141567158
0 0.049229398461050795 0.5022756923294114 0.05083826670818435 0.10121784611040797
0 0.8720615680336568 0.07700093199712975 0.11890184044784363 0.11956114969011832
0 0.9573657164343344 0.8240607620046547 0.08526856713133121 0.10614183797208963
0 0.7027963773780463 0.2978380775746508 0.14141831750308717 0.13764814562095928
0 0.7386532173048372 0.06186483875397852 0.0982852885918016 0.09199877723877249