0 0.30287584349887753 0.33585238696038705 0.16610890950393312 0.15475518975411562
0 0.10076503583496353 0.9774143932039785 0.10854204906721196 0.0438845781530819
0 0.3199822592923861 0.443885612205316 0.16882084657977717 0.15957686722962272
0 0.2451120402930387 0.6185350653062542 0.15603138850555162 0.14748771062131802
0 0.18835093484680648 0.17311807722521805 0.13285631851094676 0.12332338257252327
0 0.06468891947071007 0.15225264607041647 0.12937783894142013 0.14261009247455167
0 0.697314609932701 0.7240369751767051 0.1352601646647929 0.1233373677403382
0 0.1148975656075183 0.3069091382946791 0.18355201442485203 0.16446847054420383
0 0.4685765683618692 0.5811907375596008 0.13750996535764004 0.12094750675430668
0 0.5802050538660286 0.7703743475709849 0.12968224505210585 0.11129016663547785
0 0.40379448465229734 0.5046732305031529 0.11975876951472322 0.10642653365652613
0 0.040652300337904644 0.3266363809828736 0.08130460067580929 0.11595800726502202
0 0.18609051986256533 0.41462769726377513 0.13510611920379392 0.1209335215864919
0 0.8975556434818396 0.5991200848284445 0.1256447800494083 0.12328142706907877
0 0.5565531082431778 0.0538689670052597 0.15131686043672124 0.1077379340105194
0 0.4115594813300383 0.4397484065975845 0.11735492336087706 0.10641254848871148
0 0.01573430574722416 0.19819843376588195 0.03146861149444832 0.10360313246823613
0 0.36094449295794473 0.667121645653268 0.13556825558679086 0.1281450600480305
0 0.21872877141721203 0.4865263117780304 0.12579882551040722 0.12568527322292505
0 0.6379596450435868 0.02112335540422589 0.10388840222051872 0.04224671080845178
0 0.6595997876451706 0.30013572855385845 0.10441141982565255 0.09191954572656048
0 0.606700873157849 0.3569128091094464 0.10758549328449359 0.10395276166360604
0 0.8864514734503219 0.11619174834212648 0.08462534997302466 0.12063983306238119
0 0.07903541380583022 0.8477815154939711 0.15516799696169506 0.17151218699196463
0 0.031117623264331738 0.7099659315144464 0.062235246528663475 0.13748074130711913
0 0.2778932828747477 0.12573961118388538 0.10006586390095719 0.09910311385246938
0 0.901783121773573 0.8706288337027266 0.08829384283158713 0.06539332702736408
0 0.8532795899991472 0.3338517066077218 0.1760323850413156 0.15961882273306707
0 0.39586667062781944 0.9096164186676188 0.16385910881108595 0.15714505074014687
0 0.9371762077121825 0.7682975501504875 0.03291221705426368 0.10111537530750124
0 0.33024058155152286 0.2275604361108844 0.09750797228611209 0.09668528253080844
0 0.7197891057301862 0.335829806498366 0.0768907939063521 0.07493878580367462
0 0.5028410691427427 0.2902344493534199 0.1272783988982597 0.11127618146766292
0 0.18824162909958234 0.09982873986853993 0.11433489536303515 0.09678317870551201
0 0.39913022351420996 0.7461968357095248 0.1251826436664114 0.11606988860754032
0 0.7277980674390185 0.9233044729252696 0.08977341621943953 0.05098423527210208
0 0.7619122075702054 0.8221821050338609 0.12835671712525246 0.128103104544586
0 0.7335152932674556 0.15913312902285895 0.16114717173524193 0.1523233732646399
0 0.7009775755742952 0.49813836997033323 0.0943338988272712 0.08465206659376288
0 0.15222358943123918 0.5493899261412151 0.1384342381236338 0.1353705836773836
0 0.3367805841638966 0.5567265297579372 0.09673774498111731 0.08466605176157753
0 0.6244825096118343 0.32316805936480403 0.13448993735979814 0.11131813697110729
0 0.18572707493539858 0.7390280541065801 0.10037395482295511 0.10391080616016168
0 0.4538827706079447 0.1355290090418055 0.11270127651418377 0.10878842430692795
0 0.38358917572479123 0.3137562610378834 0.08185253167504342 0.07737060229315039
0 0.49602201395632617 0.6591269377941009 0.1453376856631744 0.1306048468731358
0 0.8795447812420119 0.730185640884319 0.15495307027855887 0.13066078754439495
0 0.5253053907913767 0.9521164652070359 0.12589198974926907 0.08964156608304727
0 0.9324058854956405 0.3177721886537409 0.06431626251526268 0.10370102864293976
0 0.9374824562285243 0.6697748207623323 0.04554762966749046 0.11080068576195992
0 0.8617949876622085 0.03486115910437779 0.08410233236789057 0.06972231820875557
0 0.8536900571882876 0.833662906842222 0.12339497935656113 0.12567128805511027
0 0.09080006525257575 0.43921158034701374 0.12533668912741033 0.11847373476138646
0 0.5043188001249391 0.21092850402821903 0.10758549328449359 0.10395276166360604
0 0.4665933635460146 0.032416158802236666 0.09085173444643228 0.06483231760447333
0 0.5600228159269667 0.18537345313700151 0.11270127651418377 0.10878842430692794
0 0.6826281818014011 0.653235394980762 0.08906407013658188 0.07741255779659464
0 0.6003278128460668 0.6813481288717884 0.07929464006019853 0.07495277097148928
0 0.5736687360649669 0.628638328084858 0.07192905613766107 0.0725069693141989
0 0.28112867769826844 0.8814485454604827 0.08185253167504349 0.07737060229315035
0 0.2032813280091978 0.896319147753633 0.0996037275179603 0.09189157539093092
0 0.2538372775648104 0.8011084990721363 0.10354802828179602 0.11594402209720737
0 0.819246157409772 0.6212022255831334 0.08216062259704142 0.08217829460084286
0 0.48786637640911945 0.44891626584289573 0.08727640582673174 0.08701395724416454
0 0.5249880878410982 0.48834897211241307 0.06440942675412459 0.06765732150306224
0 0.7217091467757049 0.026860260016452746 0.08542786029474424 0.05372052003290549
0 0.7182108408865037 0.006434560292667834 0.07800139515006968 0.012869120585335668
0 0.5460295923701619 0.10375456524875065 0.07929464006019839 0.07495277097148947
0 0.6183460447085191 0.9251427211377657 0.11433489536303518 0.09678317870551194
0 0.6932181061135225 0.8442083051172907 0.07991082190419427 0.08456815558687389
0 0.8914616357441003 0.2254968225030525 0.09464198974926893 0.08945975890145519
0 0.16381665164551001 0.8184528733582069 0.09162196175142705 0.07983038911825592
0 0.7903677205468935 0.5468787871633096 0.07883250367720152 0.0677412325099511
0 0.8752259811170728 0.5163482219506222 0.06169748967828043 0.06283564402755513