0 0.35450039147835627 0.7635379279083396 0.1785018381606531 0.17818289197454718
0 0.5448873932297189 0.314981449133526 0.1346032180310298 0.1408661936373038
0 0.1686970129826017 0.6488121522827471 0.11997034465448876 0.1284272941915559
0 0.7132885851632056 0.2586144791595245 0.13203153471441234 0.1311808642424996
0 0.24175921140738924 0.9071464203056622 0.16677632242627213 0.18570715938867557
0 0.5708763380308481 0.9082794098805647 0.17382002372503919 0.1834411802388707
0 0.741873546449662 0.5886058776409329 0.09302452547386728 0.09881174777178756
0 0.3236517345087524 0.986740260673472 0.12318358391585349 0.026519478653056056
0 0.8413841358589345 0.7837113611254056 0.16892841283596136 0.18030695901071533
0 0.06015238573546671 0.5555553788293481 0.10301754370548719 0.12072614227408092
0 0.04253158965874304 0.23429219339378907 0.07918887862048979 0.1320459252491166
0 0.13993142419447033 0.9278810022939509 0.11035496003910414 0.12814751507387795
0 0.3987116002739105 0.13053127321960367 0.11714690559371431 0.10431888787367488
0 0.9109223776200732 0.36287267098990683 0.13456125874033703 0.13846234748345765
0 0.37726244817404964 0.4158195729536814 0.09779025849086655 0.09654779117678039
0 0.8685017694802397 0.06611544998582751 0.10238815434509482 0.08466844996638864
0 0.1582816720752391 0.3962334441803522 0.1296276885605662 0.13111091946308007
0 0.9848900543181198 0.8193329098391249 0.030219891363760354 0.0877974675680126
0 0.1793370466965975 0.979729307814065 0.1377744980017017 0.040541384371869944
0 0.04330783653656041 0.2787633472399429 0.0796504308181109 0.15848823294142428
0 0.47330468905443734 0.9551847579022111 0.13637767482448354 0.08963048419557779
0 0.5950920735476216 0.5759257845578813 0.15918715034849823 0.1728156414314989
0 0.861241564681282 0.613702759606814 0.16100356643264474 0.13923174005707217
0 0.8893804938778351 0.5052020693495579 0.1223741908083347 0.12849723897097548
0 0.08026492382533436 0.1248693591772879 0.08556123126817164 0.08417883651045208
0 0.8700718893578577 0.4313601758116039 0.08809095529409643 0.0914603197514101
0 0.450990535712294 0.30384014119770364 0.10044586038886977 0.11104081287927674
0 0.21124747627242593 0.19595406957363373 0.18550358016872737 0.16637349554357503
0 0.32050814123015325 0.5367020797040573 0.11486893731194656 0.11146048155579386
0 0.18207173139290683 0.10740931999492473 0.14860670204717844 0.1172474007753593
0 0.48355071053931237 0.035693516047936774 0.08248603646324017 0.045647353269494095
0 0.3050543319162878 0.27076232819666946 0.08813291458478918 0.09386416590525617
0 0.23831581980176292 0.5078816495114862 0.1097675299694045 0.09449366892003178
0 0.845722086662563 0.13753138680701704 0.17078678821080034 0.14912690379013488
0 0.9012562206530041 0.22203783665164833 0.11744062062856414 0.12114581095059804
0 0.9795219948782516 0.6437472234392264 0.040956010243496675 0.14089191729088668
0 0.9007548151789554 0.88154388198532 0.06848255244709159 0.06926614613143847
0 0.6575318643803966 0.7807644316536593 0.1465804895095678 0.1388120713805552
0 0.7873638898567984 0.5106428777626904 0.10027802322609822 0.10142542826389225
0 0.7402493006969963 0.35790659165112165 0.09534445304632765 0.09407400024351467
0 0.8180027503729381 0.2700705386027347 0.11242313186740752 0.10898669062252814
0 0.4658000593125981 0.4640456343255704 0.11014516358563989 0.11612828430464717
0 0.5429539123344855 0.4795050211131485 0.1026818693799445 0.10149537304331169
0 0.5201620629324542 0.6878702439241493 0.15885147602295552 0.15358487220072967
0 0.4400649762698911 0.5726162693622461 0.11271684690225747 0.12581361369945135
0 0.34761571428136884 0.644407653734116 0.12009622252656722 0.13563883265309437
0 0.14129237137317313 0.799380150232311 0.14624481518402513 0.11958130214978596
0 0.2502328821130758 0.7088476100856084 0.10782523601317952 0.12086603183291991
0 0.36880640359034633 0.8948972671900525 0.1490682542447995 0.14368970846766707
0 0.6756574194545322 0.1674210766990011 0.11971858891033176 0.11400421726847901
0 0.7246595529409627 0.9100567868518321 0.13430950299617997 0.12403927056038072
0 0.7698230350835483 0.9510142268095547 0.08050178321632237 0.06961587002853602
0 0.8440485508179292 0.9363555918946365 0.10711192807140134 0.08000064721753557
0 0.6464302784687797 0.42004761901789717 0.12005426323587454 0.13323498649924823
0 0.934001235010228 0.7215353613689204 0.1099773264228686 0.10651289968926256
0 0.959158324798776 0.5061684344346395 0.08168335040244792 0.12758795683852198
0 0.5587622696049748 0.07752526574840311 0.09032696428517102 0.08191487991544491
0 0.5364860982756122 0.17778735641574647 0.11714690559371431 0.10431888787367488
0 0.600880349648967 0.219304354608825 0.09302452547386714 0.09881174777178756
0 0.7590218712535075 0.05692334713762445 0.1334283578916305 0.07355850132961148