0 0.1834582811447933 0.8279636176223645 0.11232020317961092 0.1330147130571892
0 0.5333661100090292 0.19484841335480113 0.088669903976417 0.09291380147031668
0 0.3029339334786452 0.36653700256048977 0.0986632293077851 0.10085395020978141
0 0.622548366556984 0.822927075660695 0.12370953275553595 0.12190624513536637
0 0.33584723062945065 0.28642767507976186 0.09385553700009279 0.10048964507081831
0 0.19349083254967253 0.37979259974895274 0.0963853633926001 0.10307564379414612
0 0.3054042201578385 0.07102814683160157 0.08019856312826704 0.06832888222341042
0 0.8084481891242746 0.07562634026888623 0.0928579167100878 0.03576795148645372
0 0.870587241240843 0.27906185128197086 0.086392038061232 0.09513549505468125
0 0.42085003565939344 0.6520137938174282 0.142174198935054 0.15443131312173747
0 0.2988956650294551 0.8833997883879985 0.13888849111057971 0.1374222374753328
0 0.8345379805500438 0.80187903895994 0.09651134363126126 0.105479489947992
0 0.3981361566292651 0.10439225216420912 0.08348427095274119 0.08533795786981505
0 0.9590596784429923 0.4989241174824297 0.08188064311401533 0.08774180402366127
0 0.5533783147199759 0.0970013999497423 0.09107375013026314 0.09309595403979827
0 0.5225010150275516 0.960413231891678 0.09132571060758547 0.07917353621664401
0 0.0817647548958728 0.4180153526985778 0.12649131962536553 0.1292999361663864
0 0.9253121125125804 0.8207289910847297 0.08601409734524851 0.08792395659314287
0 0.6410029407159835 0.055755198228378294 0.06565972758581314 0.019341196299079454
0 0.5249594196838353 0.44561288638331314 0.08651801829989317 0.09753934120852747
0 0.3941727603223152 0.8511135059135408 0.11118638103166052 0.11138009767257383
0 0.6224769448207603 0.29617567636357933 0.08917382493106164 0.10252918608570123
0 0.13061634223970564 0.07095216310560042 0.07210516299610042 0.05095550143804259
0 0.7047728351231137 0.8842265719920486 0.11106040079299936 0.10897625151872767
0 0.4830368750651316 0.07969974466554584 0.08626605782257084 0.0927316489008351
0 0.46326295880620655 0.5247383061071852 0.12370953275553595 0.12190624513536637
0 0.7709382736659625 0.3421427523327247 0.07842461816772656 0.08016596042315964
0 0.8889140451587901 0.08052652826959594 0.09513578262527253 0.03354625790208912
0 0.7725997808143769 0.8307058420225244 0.10637868872396822 0.11101579253361066
0 0.241765287200246 0.0674030268172629 0.09399173885803815 0.05740256687106908
0 0.5598151889146046 0.448254098640796 0.12788732386992244 0.11025131950509877
0 0.9808968714115175 0.6681772560085164 0.038206257176964936 0.0844271950224072
0 0.8863057666192605 0.9745300560265 0.07374290609869541 0.050939887946999926
0 0.06285749747741512 0.10292935397525012 0.11118638103166052 0.11138009767257397
0 0.8375479638513763 0.3567673326088526 0.10890851511647553 0.11360179125693853
0 0.8359560884367946 0.9642950687932227 0.07096111922886578 0.07140986241355471
0 0.814132632292953 0.11556303066157013 0.07386888633735658 0.08460934759188878
0 0.42744023414328475 0.3209026272045517 0.08601409734524851 0.08792395659314273
0 0.8075866410934494 0.8130054382570557 0.13598072400208905 0.1276247002904666
0 0.5113840891675173 0.8947125984794256 0.10144501617761474 0.10824764124080133
0 0.20291558640343993 0.10276797159761458 0.09853724906912394 0.09845010405593527
0 0.5312363279746992 0.38263957358431633 0.06362360052866628 0.07186150654473167
0 0.5881574218061137 0.4408245448591902 0.1038488623314609 0.10842979381028305
0 0.09582177312587595 0.6405532744988286 0.0813323852762174 0.08996349760802584
0 0.21860855773364707 0.9275962939716533 0.10903449535513669 0.11600563741078454
0 0.9451745729390464 0.2631650418360251 0.07702861392316972 0.09921457708444728
0 0.2227268091347196 0.6178465138891698 0.10916047559379785 0.11840948356463077
0 0.6952494450812867 0.47407964253176416 0.08335829071408031 0.08293411171596897
0 0.3900223132585302 0.17800072008603202 0.07386888633735658 0.08460934759188878
0 0.8030769065498582 0.6127396658346057 0.08323231047541887 0.08053026556212281
0 0.7354679356708137 0.25924592277561803 0.08361025119140236 0.08774180402366127
0 0.7230298777084627 0.43308731888105306 0.06349762029000498 0.06945766039088551
0 0.7009525414861423 0.9731624923471116 0.09119973036892431 0.05367501530577675
0 0.11875873777786514 0.7584148809467381 0.10144501617761474 0.10824764124080133
0 0.8552992954796897 0.46705309545626056 0.08335829071408003 0.08293411171596897
0 0.951952846779734 0.4160825014594783 0.09609430644053199 0.09899656176438001
0 0.9745620838109651 0.763693568169177 0.05087583237806989 0.11935610916262444
0 0.8838577131810267 0.6236494692199308 0.12105372612436746 0.11691640025819247
0 0.5859850928910215 0.5364319333045917 0.12307963156223013 0.1098870143661356
0 0.29253200257344114 0.4878580884202726 0.11915380092516596 0.12634963230409552
0 0.2116201048939694 0.49728990105789894 0.09473739867072094 0.11731656814774147
0 0.11469504487923005 0.5438171078859521 0.12446541418750286 0.13632932205844328
0 0.26242259593465916 0.758526727423325 0.10928645583245902 0.12081332971847686
0 0.44791879413899033 0.9491764055262519 0.0929634537101806 0.10164718894749623
0 0.38984854573069916 0.947081650977214 0.08739987997052132 0.10583669804557215
0 0.31120940315677037 0.9690977931719469 0.1266275214833108 0.06180441365610616
0 0.9932684888485213 0.9306518682014511 0.013463022302957484 0.12197797063653801
0 0.9050906238038391 0.1607642141939269 0.11459806909479599 0.13079301947282476
0 0.7017715426362053 0.1645120150187622 0.14812593500998097 0.13093930929172062
0 0.22529075079109598 0.18706680817641871 0.09588144243795546 0.09346025917876138
0 0.16979287565607434 0.27025337855476395 0.10119305570029241 0.10343994893310916
0 0.066238520682698 0.258815048836287 0.11156432174764398 0.11859163613411242
0 0.5943781111909148 0.6280513160049679 0.08791402254445001 0.07849072454723983
0 0.5237012777008493 0.6957218940433468 0.09803332811447928 0.08883471944055052
0 0.5041708903023534 0.6200186715724858 0.09082178965294083 0.08828826173210583
0 0.6492630779651823 0.7387565975254942 0.08361025119140236 0.087741804023661
0 0.891174788642658 0.7175816217894124 0.11789399853855433 0.10231117076563397
0 0.7741779842036579 0.5638609875703083 0.10752273249120273 0.0871594835646307
0 0.477684375325658 0.25168375232557944 0.08335829071408003 0.0829341117159689
0 0.3574375091309128 0.7669236769947703 0.0812064050375562 0.08755965145417968